6.64062 1.17181
6.28607 1.17188

6.64062 1.17182
7.03125 1.17166

7.03125 1.17166
7.42188 1.17139

7.42188 1.17139
7.8125 1.17103

7.8125 1.17103
8.20312 1.17057

8.20312 1.17057
8.59375 1.17002

8.59375 1.17001
8.98438 1.16938

8.98438 1.16937
9.375 1.16866

9.375 1.16865
9.76562 1.16786

9.76562 1.16786
10.1562 1.167

10.1562 1.167
10.5469 1.16608

10.5469 1.16608
10.9375 1.16511

10.9375 1.16511
11.3281 1.16411

11.3281 1.1641
11.7188 1.16307

11.7188 1.16307
12.1094 1.16201

12.1094 1.16201
12.5 1.16094

12.5 1.16094
12.8906 1.15988

12.8906 1.15988
13.2812 1.15882

13.2812 1.15882
13.6719 1.15779

13.6719 1.15778
14.0625 1.15678

14.0625 1.15678
14.4531 1.15582

14.4531 1.15582
14.8438 1.15491

14.8438 1.1549
15.2344 1.15405

15.2344 1.15405
15.625 1.15326

15.625 1.15326
16.0156 1.15255

16.0156 1.15255
16.4062 1.15192

16.4062 1.15191
16.7969 1.15137

16.7969 1.15137
17.1875 1.15092

17.1875 1.15092
17.5781 1.15056

17.5781 1.15056
17.9688 1.15031

17.9688 1.15031
18.3594 1.15015

18.3594 1.15015
18.75 1.1501

18.75 1.1501
19.1406 1.15016

19.1406 1.15016
19.5312 1.15032

19.5312 1.15032
19.9219 1.15059

19.9219 1.15059
20.3125 1.15095

20.3125 1.15095
20.7031 1.15141

20.7031 1.15141
21.0938 1.15196

21.0938 1.15196
21.4844 1.1526

21.4844 1.1526
21.875 1.15332

21.875 1.15332
22.2656 1.15411

22.2656 1.15412
22.6562 1.15498

22.6562 1.15498
23.0469 1.15589

23.0469 1.1559
23.4375 1.15686

23.4375 1.15686
23.8281 1.15787

23.8281 1.15787
24.2188 1.1589

24.2188 1.15891
24.6094 1.15996

24.6094 1.15996
25 1.16103

25 1.16103
25.3906 1.1621

25.3906 1.1621
25.7812 1.16315

25.7812 1.16315
26.1719 1.16419

26.1719 1.16419
26.5625 1.16519

26.5625 1.16519
26.9531 1.16616

26.9531 1.16616
27.3438 1.16707

27.3438 1.16707
27.7344 1.16793

27.7344 1.16793
28.125 1.16872

28.125 1.16872
28.5156 1.16943

28.5156 1.16943
28.9062 1.17006

28.9062 1.17007
29.2969 1.17061

29.2969 1.17061
29.6875 1.17106

29.6875 1.17106
30.0781 1.17142

30.0781 1.17142
30.4688 1.17168

30.4688 1.17167
30.8594 1.17183

31.6406 1.17181
31.286 1.17188

31.6406 1.17182
32.0312 1.17166

32.0312 1.17166
32.4219 1.17139

32.4219 1.17139
32.8125 1.17103

32.8125 1.17103
33.2031 1.17057

33.2031 1.17057
33.5938 1.17002

33.5938 1.17001
33.9844 1.16938

33.9844 1.16937
34.375 1.16866

34.375 1.16865
34.7656 1.16786

34.7656 1.16786
35.1562 1.167

35.1562 1.167
35.5469 1.16608

35.5469 1.16608
35.9375 1.16511

35.9375 1.16511
36.3281 1.16411

36.3281 1.1641
36.7188 1.16307

36.7188 1.16307
37.1094 1.16201

37.1094 1.16201
37.5 1.16095

37.5 1.16094
37.8906 1.15988

37.8906 1.15988
38.2812 1.15882

38.2812 1.15882
38.6719 1.15779

38.6719 1.15779
39.0625 1.15678

39.0625 1.15678
39.4531 1.15582

39.4531 1.15582
39.8438 1.15491

39.8438 1.1549
40.2344 1.15405

40.2344 1.15405
40.625 1.15326

40.625 1.15326
41.0156 1.15255

41.0156 1.15255
41.4062 1.15192

41.4062 1.15191
41.7969 1.15137

41.7969 1.15137
42.1875 1.15092

42.1875 1.15092
42.5781 1.15056

42.5781 1.15056
42.9688 1.15031

42.9688 1.15031
43.3594 1.15015

43.3594 1.15015
43.75 1.15011

43.75 1.15011
44.1406 1.15016

44.1406 1.15016
44.5312 1.15032

44.5312 1.15032
44.9219 1.15059

44.9219 1.15059
45.3125 1.15095

45.3125 1.15095
45.7031 1.15141

45.7031 1.15141
46.0938 1.15196

46.0938 1.15196
46.4844 1.1526

46.4844 1.1526
46.875 1.15332

46.875 1.15332
47.2656 1.15412

47.2656 1.15412
47.6562 1.15498

47.6562 1.15498
48.0469 1.15589

48.0469 1.1559
48.4375 1.15686

48.4375 1.15686
48.8281 1.15787

48.8281 1.15787
49.2188 1.15891

49.2188 1.15891
49.6094 1.15996

49.6094 1.15996
50 1.16103

50 1.16103
50.3906 1.16209

50.3906 1.1621
50.7812 1.16315

50.7812 1.16315
51.1719 1.16418

51.1719 1.16419
51.5625 1.16519

51.5625 1.16519
51.9531 1.16615

51.9531 1.16615
52.3438 1.16706

52.3438 1.16706
52.7344 1.16791

52.7344 1.16791
53.125 1.16869

53.125 1.16869
53.5156 1.16939

53.5156 1.16939
53.9062 1.17001

53.9062 1.17001
54.2969 1.17053

54.2969 1.17053
54.6875 1.17096

54.6875 1.17096
55.0781 1.17128

55.0781 1.17128
55.4688 1.17148

55.4688 1.17148
55.8594 1.17157

55.8594 1.17157
56.25 1.17154

56.25 1.17154
56.6406 1.17138

56.6406 1.17138
57.0312 1.17109

57.0312 1.17109
57.4219 1.17067

57.4219 1.17067
57.8125 1.1701

57.8125 1.17011
58.2031 1.1694

58.2031 1.1694
58.5938 1.16855

58.5938 1.16855
58.9844 1.16755

58.9844 1.16755
59.375 1.1664

59.375 1.1664
59.7656 1.16508

59.7656 1.16509
60.1562 1.16361

60.1562 1.16361
60.5469 1.16198

60.5469 1.16198
60.9375 1.16017

60.9375 1.16017
61.3281 1.15819

61.3281 1.15819
61.7188 1.15603

61.7188 1.15603
62.1094 1.1537

62.1094 1.1537
62.5 1.15118

62.5 1.15118
62.8906 1.14847

62.8906 1.14847
63.2812 1.14558

63.2812 1.14558
63.6719 1.1425

63.6719 1.1425
64.0625 1.13923

64.0625 1.13923
64.4531 1.13578

64.4531 1.13578
64.8438 1.13215

64.8438 1.13215
65.2344 1.12835

65.2344 1.12835
65.625 1.12438

65.625 1.12438
66.0156 1.12026

66.0156 1.12026
66.4062 1.116

66.4062 1.116
66.7969 1.11161

66.7969 1.11161
67.1875 1.10712

67.1875 1.10711
67.5781 1.10253

67.5781 1.10252
67.9688 1.09787

67.9688 1.09787
68.3594 1.09317

68.3594 1.09316
68.75 1.08844

68.75 1.08844
69.1406 1.08372

69.1406 1.08371
69.5312 1.07902

69.5312 1.07901
69.9219 1.07437

69.9219 1.07437
70.3125 1.06981

70.3125 1.0698
70.7031 1.06534

70.7031 1.06534
71.0938 1.061

71.0938 1.061
71.4844 1.05681

71.4844 1.05681
71.875 1.05279

71.875 1.05279
72.2656 1.04895

72.2656 1.04895
72.6562 1.04532

72.6562 1.04532
73.0469 1.0419

73.0469 1.04189
73.4375 1.0387

73.4375 1.0387
73.8281 1.03573

73.8281 1.03573
74.2188 1.03299

74.2188 1.03299
74.6094 1.03048

74.6094 1.03048
75 1.0282

75 1.0282
75.3906 1.02615

75.3906 1.02615
75.7812 1.02431

75.7812 1.02431
76.1719 1.02267

76.1719 1.02267
76.5625 1.02122

76.5625 1.02123
76.9531 1.01995

76.9531 1.01996
77.3438 1.01884

77.3438 1.01885
77.7344 1.01787

77.7344 1.01788
78.125 1.01703

78.125 1.01703
78.5156 1.01629

78.5156 1.01629
78.9062 1.01563

78.9062 1.01564
79.2969 1.01505

79.2969 1.01505
79.6875 1.01452

79.6875 1.01452
80.0781 1.01402

80.0781 1.01402
80.4688 1.01355

80.4688 1.01355
80.8594 1.01308

80.8594 1.01308
81.25 1.0126

81.25 1.0126
81.6406 1.01211

81.6406 1.01211
82.0312 1.01159

82.0312 1.01159
82.4219 1.01104

82.4219 1.01104
82.8125 1.01044

82.8125 1.01044
83.2031 1.00981

83.2031 1.00981
83.5938 1.00912

83.5938 1.00912
83.9844 1.00839

83.9844 1.00839
84.375 1.00761

84.375 1.00761
84.7656 1.00679

84.7656 1.00679
85.1562 1.00593

85.1562 1.00593
85.5469 1.00502

85.5469 1.00502
85.9375 1.00409

85.9375 1.00409
86.3281 1.00313

86.3281 1.00312
86.7188 1.00214

86.7188 1.00214
87.1094 1.00115

87.1094 1.00115
87.5 1.00015

87.5 1.00015
87.8906 0.999158

87.8906 0.999156
88.2812 0.998177

88.2812 0.998175
88.6719 0.997217

88.6719 0.997215
89.0625 0.996287

89.0625 0.996285
89.4531 0.995396

89.4531 0.995394
89.8438 0.994551

89.8438 0.994549
90.2344 0.993761

90.2344 0.993759
90.625 0.993032

90.625 0.993031
91.0156 0.992372

91.0156 0.992371
91.4062 0.991787

91.4062 0.991785
91.7969 0.991282

91.7969 1.07016
92.1875 0.911981

92.2381 0
92.2761 0.390625

92.3609 0.390625
92.3052 0.78125

92.1875 1.14057
92.4898 0.78125

