6.64062 1.17181
6.28619 1.17188

6.64062 1.17182
7.03125 1.17166

7.03125 1.17166
7.42188 1.17139

7.42188 1.17139
7.8125 1.17103

7.8125 1.17103
8.20312 1.17057

8.20312 1.17057
8.59375 1.17002

8.59375 1.17001
8.98438 1.16938

8.98438 1.16937
9.375 1.16866

9.375 1.16865
9.76562 1.16786

9.76562 1.16786
10.1562 1.167

10.1562 1.167
10.5469 1.16608

10.5469 1.16608
10.9375 1.16511

10.9375 1.16511
11.3281 1.16411

11.3281 1.1641
11.7188 1.16307

11.7188 1.16307
12.1094 1.16201

12.1094 1.16201
12.5 1.16094

12.5 1.16094
12.8906 1.15988

12.8906 1.15988
13.2812 1.15882

13.2812 1.15882
13.6719 1.15779

13.6719 1.15778
14.0625 1.15678

14.0625 1.15678
14.4531 1.15582

14.4531 1.15582
14.8438 1.15491

14.8438 1.1549
15.2344 1.15405

15.2344 1.15405
15.625 1.15326

15.625 1.15326
16.0156 1.15255

16.0156 1.15255
16.4062 1.15192

16.4062 1.15191
16.7969 1.15137

16.7969 1.15137
17.1875 1.15092

17.1875 1.15092
17.5781 1.15056

17.5781 1.15056
17.9688 1.15031

17.9688 1.15031
18.3594 1.15015

18.3594 1.15015
18.75 1.15011

18.75 1.15011
19.1406 1.15016

19.1406 1.15016
19.5312 1.15032

19.5312 1.15032
19.9219 1.15059

19.9219 1.15059
20.3125 1.15095

20.3125 1.15095
20.7031 1.15141

20.7031 1.15141
21.0938 1.15196

21.0938 1.15196
21.4844 1.1526

21.4844 1.1526
21.875 1.15332

21.875 1.15332
22.2656 1.15412

22.2656 1.15412
22.6562 1.15498

22.6562 1.15498
23.0469 1.15589

23.0469 1.1559
23.4375 1.15686

23.4375 1.15686
23.8281 1.15787

23.8281 1.15787
24.2188 1.1589

24.2188 1.15891
24.6094 1.15996

24.6094 1.15996
25 1.16103

25 1.16103
25.3906 1.1621

25.3906 1.1621
25.7812 1.16315

25.7812 1.16315
26.1719 1.16419

26.1719 1.16419
26.5625 1.16519

26.5625 1.16519
26.9531 1.16616

26.9531 1.16616
27.3438 1.16707

27.3438 1.16707
27.7344 1.16793

27.7344 1.16793
28.125 1.16872

28.125 1.16872
28.5156 1.16943

28.5156 1.16943
28.9062 1.17006

28.9062 1.17007
29.2969 1.17061

29.2969 1.17061
29.6875 1.17106

29.6875 1.17106
30.0781 1.17142

30.0781 1.17142
30.4688 1.17168

30.4688 1.17167
30.8594 1.17183

31.6406 1.17181
31.2851 1.17188

31.6406 1.17182
32.0312 1.17166

32.0312 1.17166
32.4219 1.17139

32.4219 1.17139
32.8125 1.17103

32.8125 1.17103
33.2031 1.17057

33.2031 1.17057
33.5938 1.17002

33.5938 1.17001
33.9844 1.16938

33.9844 1.16937
34.375 1.16865

34.375 1.16865
34.7656 1.16786

34.7656 1.16786
35.1562 1.167

35.1562 1.167
35.5469 1.16608

35.5469 1.16608
35.9375 1.16511

35.9375 1.16511
36.3281 1.16411

36.3281 1.1641
36.7188 1.16307

36.7188 1.16307
37.1094 1.16201

37.1094 1.16201
37.5 1.16094

37.5 1.16094
37.8906 1.15988

37.8906 1.15988
38.2812 1.15882

38.2812 1.15882
38.6719 1.15779

38.6719 1.15778
39.0625 1.15678

39.0625 1.15678
39.4531 1.15582

39.4531 1.15582
39.8438 1.15491

39.8438 1.1549
40.2344 1.15405

40.2344 1.15405
40.625 1.15326

40.625 1.15326
41.0156 1.15255

41.0156 1.15255
41.4062 1.15191

41.4062 1.15191
41.7969 1.15137

41.7969 1.15137
42.1875 1.15091

42.1875 1.15091
42.5781 1.15055

42.5781 1.15055
42.9688 1.15029

42.9688 1.15029
43.3594 1.15013

43.3594 1.15013
43.75 1.15008

43.75 1.15008
44.1406 1.15012

44.1406 1.15012
44.5312 1.15026

44.5312 1.15026
44.9219 1.1505

44.9219 1.1505
45.3125 1.15082

45.3125 1.15083
45.7031 1.15124

45.7031 1.15124
46.0938 1.15173

46.0938 1.15173
46.4844 1.15228

46.4844 1.15229
46.875 1.1529

46.875 1.1529
47.2656 1.15355

47.2656 1.15356
47.6562 1.15423

47.6562 1.15424
48.0469 1.15493

48.0469 1.15494
48.4375 1.15562

48.4375 1.15562
48.8281 1.15628

48.8281 1.15628
49.2188 1.15689

49.2188 1.1569
49.6094 1.15743

49.6094 1.15743
50 1.15786

50 1.15787
50.3906 1.15817

50.3906 1.15818
50.7812 1.15833

50.7812 1.15834
51.1719 1.1583

51.1719 1.15831
51.5625 1.15806

51.5625 1.15807
51.9531 1.15758

51.9531 1.15759
52.3438 1.15684

52.3438 1.15684
52.7344 1.1558

52.7344 1.1558
53.125 1.15444

53.125 1.15444
53.5156 1.15274

53.5156 1.15274
53.9062 1.15068

53.9062 1.15068
54.2969 1.14824

54.2969 1.14825
54.6875 1.14543

54.6875 1.14543
55.0781 1.14223

55.0781 1.14223
55.4688 1.13864

55.4688 1.13864
55.8594 1.13468

55.8594 1.13468
56.25 1.13035

56.25 1.13035
56.6406 1.12568

56.6406 1.12567
57.0312 1.12068

57.0312 1.12067
57.4219 1.11539

57.4219 1.11538
57.8125 1.10984

57.8125 1.10983
58.2031 1.10408

58.2031 1.10406
58.5938 1.09813

58.5938 1.09812
58.9844 1.09205

58.9844 1.09204
59.375 1.08589

59.375 1.08588
59.7656 1.07968

59.7656 1.07967
60.1562 1.07348

60.1562 1.07347
60.5469 1.06733

60.5469 1.06732
60.9375 1.06128

60.9375 1.06127
61.3281 1.05535

61.3281 1.05534
61.7188 1.0496

61.7188 1.04959
62.1094 1.04405

62.1094 1.04405
62.5 1.03874

62.5 1.03874
62.8906 1.03368

62.8906 1.03368
63.2812 1.02891

63.2812 1.0289
63.6719 1.02442

63.6719 1.02442
64.0625 1.02024

64.0625 1.02024
64.4531 1.01637

64.4531 1.01637
64.8438 1.01282

64.8438 1.01282
65.2344 1.00958

65.2344 1.00958
65.625 1.00666

65.625 1.00666
66.0156 1.00404

66.0156 1.00404
66.4062 1.00172

66.4062 1.00172
66.7969 0.999685

66.7969 0.999688
67.1875 0.997931

67.1875 0.997934
67.5781 0.996441

67.5781 0.996445
67.9688 0.995204

67.9688 0.995207
68.3594 0.994203

68.3594 0.994207
68.75 0.993427

68.75 0.99343
69.1406 0.992859

69.1406 0.992863
69.5312 0.992486

69.5312 0.99249
69.9219 0.992294

69.9219 0.992297
70.3125 0.992268

70.3125 0.992272
70.7031 0.992395

70.7031 0.992398
71.0938 0.992661

71.0938 0.992664
71.4844 0.993052

71.4844 0.993055
71.875 0.993555

71.875 0.993559
72.2656 0.994159

72.2656 0.994162
72.6562 0.994849

72.6562 0.994852
73.0469 0.995615

73.0469 0.995618
73.4375 0.996442

73.4375 0.996445
73.8281 0.997321

73.8281 0.997323
74.2188 0.998238

74.2188 0.998241
74.6094 0.999182

74.6094 0.999185
75 1.00014

75 1.00015
75.3906 1.00111

75.3906 1.00111
75.7812 1.00207

75.7812 1.00207
76.1719 1.00301

76.1719 1.00302
76.5625 1.00393

76.5625 1.00394
76.9531 1.00482

76.9531 1.00482
77.3438 1.00566

78.006 0
78.0432 0.390625

78.125 0.458165
78.0511 0.78125

77.3438 1.01329
77.7344 0.998808

77.7344 1.14656
78.125 0.867052

78.125 0.447703
78.1356 0.78125

78.125 1.076
78.2626 0.78125

