6.64062 1.17181
6.286 1.17188

6.64062 1.17182
7.03125 1.17166

7.03125 1.17166
7.42188 1.17139

7.42188 1.17139
7.8125 1.17103

7.8125 1.17103
8.20312 1.17057

8.20312 1.17057
8.59375 1.17002

8.59375 1.17001
8.98438 1.16938

8.98438 1.16937
9.375 1.16865

9.375 1.16865
9.76562 1.16786

9.76562 1.16786
10.1562 1.167

10.1562 1.167
10.5469 1.16608

10.5469 1.16608
10.9375 1.16511

10.9375 1.16511
11.3281 1.16411

11.3281 1.1641
11.7188 1.16307

11.7188 1.16307
12.1094 1.16201

12.1094 1.16201
12.5 1.16094

12.5 1.16094
12.8906 1.15988

12.8906 1.15987
13.2812 1.15882

13.2812 1.15882
13.6719 1.15779

13.6719 1.15778
14.0625 1.15678

14.0625 1.15678
14.4531 1.15582

14.4531 1.15582
14.8438 1.1549

14.8438 1.1549
15.2344 1.15405

15.2344 1.15405
15.625 1.15326

15.625 1.15326
16.0156 1.15255

16.0156 1.15255
16.4062 1.15191

16.4062 1.15191
16.7969 1.15137

16.7969 1.15137
17.1875 1.15092

17.1875 1.15092
17.5781 1.15056

17.5781 1.15056
17.9688 1.15031

17.9688 1.1503
18.3594 1.15015

18.3594 1.15015
18.75 1.1501

18.75 1.1501
19.1406 1.15016

19.1406 1.15016
19.5312 1.15032

19.5312 1.15032
19.9219 1.15058

19.9219 1.15059
20.3125 1.15095

20.3125 1.15095
20.7031 1.15141

20.7031 1.15141
21.0938 1.15196

21.0938 1.15196
21.4844 1.1526

21.4844 1.1526
21.875 1.15332

21.875 1.15332
22.2656 1.15411

22.2656 1.15412
22.6562 1.15497

22.6562 1.15498
23.0469 1.15589

23.0469 1.15589
23.4375 1.15686

23.4375 1.15686
23.8281 1.15787

23.8281 1.15787
24.2188 1.1589

24.2188 1.15891
24.6094 1.15996

24.6094 1.15996
25 1.16103

25 1.16103
25.3906 1.1621

25.3906 1.1621
25.7812 1.16315

25.7812 1.16315
26.1719 1.16419

26.1719 1.16419
26.5625 1.16519

26.5625 1.16519
26.9531 1.16616

26.9531 1.16616
27.3438 1.16707

27.3438 1.16707
27.7344 1.16793

27.7344 1.16793
28.125 1.16872

28.125 1.16872
28.5156 1.16943

28.5156 1.16943
28.9062 1.17006

28.9062 1.17006
29.2969 1.17061

29.2969 1.17061
29.6875 1.17106

29.6875 1.17106
30.0781 1.17142

30.0781 1.17142
30.4688 1.17167

30.4688 1.17167
30.8594 1.17183

31.6406 1.17181
31.2859 1.17188

31.6406 1.17182
32.0312 1.17166

32.0312 1.17166
32.4219 1.17139

32.4219 1.17139
32.8125 1.17103

32.8125 1.17103
33.2031 1.17057

33.2031 1.17057
33.5938 1.17002

33.5938 1.17001
33.9844 1.16938

33.9844 1.16937
34.375 1.16865

34.375 1.16865
34.7656 1.16786

34.7656 1.16786
35.1562 1.167

35.1562 1.167
35.5469 1.16608

35.5469 1.16608
35.9375 1.16511

35.9375 1.16511
36.3281 1.16411

36.3281 1.1641
36.7188 1.16307

36.7188 1.16307
37.1094 1.16201

37.1094 1.16201
37.5 1.16094

37.5 1.16094
37.8906 1.15988

37.8906 1.15987
38.2812 1.15882

38.2812 1.15882
38.6719 1.15779

38.6719 1.15778
39.0625 1.15678

39.0625 1.15678
39.4531 1.15582

39.4531 1.15582
39.8438 1.15491

39.8438 1.1549
40.2344 1.15405

40.2344 1.15405
40.625 1.15326

40.625 1.15326
41.0156 1.15255

41.0156 1.15255
41.4062 1.15191

41.4062 1.15191
41.7969 1.15137

41.7969 1.15137
42.1875 1.15092

42.1875 1.15092
42.5781 1.15056

42.5781 1.15056
42.9688 1.15031

42.9688 1.15031
43.3594 1.15015

43.3594 1.15015
43.75 1.1501

43.75 1.1501
44.1406 1.15016

44.1406 1.15016
44.5312 1.15032

44.5312 1.15032
44.9219 1.15059

44.9219 1.15059
45.3125 1.15095

45.3125 1.15095
45.7031 1.15141

45.7031 1.15141
46.0938 1.15196

46.0938 1.15196
46.4844 1.1526

46.4844 1.1526
46.875 1.15332

46.875 1.15332
47.2656 1.15411

47.2656 1.15412
47.6562 1.15498

47.6562 1.15498
48.0469 1.15589

48.0469 1.1559
48.4375 1.15686

48.4375 1.15686
48.8281 1.15787

48.8281 1.15787
49.2188 1.1589

49.2188 1.15891
49.6094 1.15996

49.6094 1.15996
50 1.16103

50 1.16103
50.3906 1.1621

50.3906 1.1621
50.7812 1.16315

50.7812 1.16315
51.1719 1.16419

51.1719 1.16419
51.5625 1.16519

51.5625 1.16519
51.9531 1.16616

51.9531 1.16616
52.3438 1.16707

52.3438 1.16707
52.7344 1.16793

52.7344 1.16793
53.125 1.16872

53.125 1.16872
53.5156 1.16943

53.5156 1.16943
53.9062 1.17006

53.9062 1.17006
54.2969 1.17061

54.2969 1.17061
54.6875 1.17106

54.6875 1.17106
55.0781 1.17141

55.0781 1.17141
55.4688 1.17167

55.4688 1.17167
55.8594 1.17182

55.8594 1.17182
56.25 1.17186

56.25 1.17186
56.6406 1.17179

56.6406 1.17179
57.0312 1.17162

57.0312 1.17162
57.4219 1.17134

57.4219 1.17134
57.8125 1.17096

57.8125 1.17096
58.2031 1.17048

58.2031 1.17048
58.5938 1.16989

58.5938 1.16989
58.9844 1.16921

58.9844 1.16921
59.375 1.16843

59.375 1.16843
59.7656 1.16757

59.7656 1.16757
60.1562 1.16663

60.1562 1.16662
60.5469 1.1656

60.5469 1.1656
60.9375 1.1645

60.9375 1.1645
61.3281 1.16333

61.3281 1.16333
61.7188 1.16209

61.7188 1.16209
62.1094 1.16079

62.1094 1.16078
62.5 1.15942

62.5 1.15942
62.8906 1.158

62.8906 1.158
63.2812 1.15652

63.2812 1.15652
63.6719 1.15498

63.6719 1.15498
64.0625 1.15339

64.0625 1.15339
64.4531 1.15173

64.4531 1.15173
64.8438 1.15002

64.8438 1.15002
65.2344 1.14824

65.2344 1.14824
65.625 1.14639

65.625 1.14639
66.0156 1.14447

66.0156 1.14447
66.4062 1.14247

66.4062 1.14247
66.7969 1.14038

66.7969 1.14038
67.1875 1.1382

67.1875 1.1382
67.5781 1.13593

67.5781 1.13593
67.9688 1.13356

67.9688 1.13356
68.3594 1.13108

68.3594 1.13108
68.75 1.12848

68.75 1.12848
69.1406 1.12577

69.1406 1.12577
69.5312 1.12295

69.5312 1.12295
69.9219 1.12001

69.9219 1.12001
70.3125 1.11695

70.3125 1.11695
70.7031 1.11377

70.7031 1.11377
71.0938 1.11049

71.0938 1.11048
71.4844 1.1071

71.4844 1.10709
71.875 1.10361

71.875 1.10361
72.2656 1.10004

72.2656 1.10004
72.6562 1.0964

72.6562 1.09639
73.0469 1.09269

73.0469 1.09269
73.4375 1.08894

73.4375 1.08893
73.8281 1.08515

73.8281 1.08515
74.2188 1.08136

74.2188 1.08135
74.6094 1.07756

74.6094 1.07756
75 1.07379

75 1.07378
75.3906 1.07005

75.3906 1.07004
75.7812 1.06636

75.7812 1.06636
76.1719 1.06274

76.1719 1.06274
76.5625 1.05921

76.5625 1.0592
76.9531 1.05576

76.9531 1.05576
77.3438 1.05242

77.3438 1.05242
77.7344 1.0492

77.7344 1.0492
78.125 1.0461

78.125 1.0461
78.5156 1.04312

78.5156 1.04312
78.9062 1.04028

78.9062 1.04028
79.2969 1.03756

79.2969 1.03756
79.6875 1.03497

79.6875 1.03497
80.0781 1.03251

80.0781 1.03251
80.4688 1.03017

80.4688 1.03017
80.8594 1.02795

80.8594 1.02795
81.25 1.02583

81.25 1.02583
81.6406 1.02382

81.6406 1.02382
82.0312 1.0219

82.0312 1.02191
82.4219 1.02007

82.4219 1.02007
82.8125 1.01832

82.8125 1.01832
83.2031 1.01663

83.2031 1.01663
83.5938 1.01501

83.5938 1.01501
83.9844 1.01344

83.9844 1.01344
84.375 1.01193

84.375 1.01193
84.7656 1.01045

84.7656 1.01045
85.1562 1.00902

85.1562 1.00902
85.5469 1.00762

85.5469 1.00762
85.9375 1.00626

85.9375 1.00626
86.3281 1.00493

86.3281 1.00493
86.7188 1.00363

86.7188 1.00363
87.1094 1.00238

87.1094 1.00238
87.5 1.00115

87.5 1.00115
87.8906 0.999973

87.8906 0.999972
88.2812 0.998836

88.2812 0.998835
88.6719 0.997747

88.6719 0.997746
89.0625 0.996711

89.0625 0.99671
89.4531 0.995733

89.4531 0.995732
89.8438 0.994817

89.8438 0.994816
90.2344 0.993969

90.2344 0.993968
90.625 0.993195

90.625 0.993194
91.0156 0.992498

91.0156 0.992497
91.4062 0.991883

91.4062 0.991882
91.7969 0.991355

91.7969 0.991354
92.1875 0.990917

92.1875 0.990917
92.5781 0.990573

92.5781 0.990572
92.9688 0.990323

92.9688 0.990323
93.3594 0.990171

93.3594 0.990171
93.75 0.990116

93.75 0.990116
94.1406 0.99016

94.1406 0.99016
94.5312 0.9903

94.5312 0.990301
94.9219 0.990536

94.9219 0.990537
95.3125 0.990865

95.3125 0.990865
95.7031 0.991283

95.7031 0.991284
96.0938 0.991786

96.0938 0.991788
96.4844 0.99237

96.4844 0.992372
96.875 0.993029

96.875 0.99303
97.2656 0.993755

97.2656 1.05096
97.6562 0.937345

97.7662 0
97.8035 0.390625

97.8929 0.390625
97.8259 0.78125

97.6562 1.1527
98.0188 0.78125

