6.64062 1.17181
6.28641 1.17188

6.64062 1.17182
7.03125 1.17166

7.03125 1.17166
7.42188 1.17139

7.42188 1.17139
7.8125 1.17103

7.8125 1.17103
8.20312 1.17057

8.20312 1.17057
8.59375 1.17002

8.59375 1.17001
8.98438 1.16938

8.98438 1.16937
9.375 1.16866

9.375 1.16865
9.76562 1.16786

9.76562 1.16786
10.1562 1.167

10.1562 1.167
10.5469 1.16608

10.5469 1.16608
10.9375 1.16511

10.9375 1.16511
11.3281 1.16411

11.3281 1.1641
11.7188 1.16307

11.7188 1.16307
12.1094 1.16201

12.1094 1.16201
12.5 1.16094

12.5 1.16094
12.8906 1.15988

12.8906 1.15988
13.2812 1.15882

13.2812 1.15882
13.6719 1.15779

13.6719 1.15778
14.0625 1.15678

14.0625 1.15678
14.4531 1.15582

14.4531 1.15582
14.8438 1.15491

14.8438 1.1549
15.2344 1.15405

15.2344 1.15405
15.625 1.15326

15.625 1.15326
16.0156 1.15255

16.0156 1.15255
16.4062 1.15192

16.4062 1.15191
16.7969 1.15137

16.7969 1.15137
17.1875 1.15092

17.1875 1.15092
17.5781 1.15056

17.5781 1.15056
17.9688 1.15031

17.9688 1.15031
18.3594 1.15015

18.3594 1.15015
18.75 1.15011

18.75 1.15011
19.1406 1.15016

19.1406 1.15016
19.5312 1.15032

19.5312 1.15032
19.9219 1.15059

19.9219 1.15059
20.3125 1.15095

20.3125 1.15095
20.7031 1.15141

20.7031 1.15141
21.0938 1.15196

21.0938 1.15196
21.4844 1.1526

21.4844 1.1526
21.875 1.15332

21.875 1.15332
22.2656 1.15412

22.2656 1.15412
22.6562 1.15498

22.6562 1.15498
23.0469 1.15589

23.0469 1.1559
23.4375 1.15686

23.4375 1.15686
23.8281 1.15787

23.8281 1.15787
24.2188 1.15891

24.2188 1.15891
24.6094 1.15996

24.6094 1.15997
25 1.16103

25 1.16103
25.3906 1.1621

25.3906 1.1621
25.7812 1.16315

25.7812 1.16316
26.1719 1.16419

26.1719 1.16419
26.5625 1.16519

26.5625 1.1652
26.9531 1.16616

26.9531 1.16616
27.3438 1.16707

27.3438 1.16707
27.7344 1.16793

27.7344 1.16793
28.125 1.16872

28.125 1.16872
28.5156 1.16943

28.5156 1.16943
28.9062 1.17007

28.9062 1.17007
29.2969 1.17061

29.2969 1.17061
29.6875 1.17106

29.6875 1.17107
30.0781 1.17142

30.0781 1.17142
30.4688 1.17168

30.4688 1.17167
30.8594 1.17183

31.6406 1.17181
31.2844 1.17188

31.6406 1.17182
32.0312 1.17166

32.0312 1.17166
32.4219 1.17139

32.4219 1.17139
32.8125 1.17103

32.8125 1.17103
33.2031 1.17057

33.2031 1.17057
33.5938 1.17002

33.5938 1.17002
33.9844 1.16938

33.9844 1.16938
34.375 1.16866

34.375 1.16865
34.7656 1.16786

34.7656 1.16786
35.1562 1.167

35.1562 1.167
35.5469 1.16608

35.5469 1.16608
35.9375 1.16511

35.9375 1.16511
36.3281 1.16411

36.3281 1.16411
36.7188 1.16307

36.7188 1.16307
37.1094 1.16201

37.1094 1.16201
37.5 1.16095

37.5 1.16094
37.8906 1.15988

37.8906 1.15988
38.2812 1.15882

38.2812 1.15882
38.6719 1.15779

38.6719 1.15779
39.0625 1.15678

39.0625 1.15678
39.4531 1.15582

39.4531 1.15582
39.8438 1.15491

39.8438 1.1549
40.2344 1.15405

40.2344 1.15405
40.625 1.15326

40.625 1.15326
41.0156 1.15254

41.0156 1.15254
41.4062 1.1519

41.4062 1.1519
41.7969 1.15135

41.7969 1.15135
42.1875 1.15088

42.1875 1.15088
42.5781 1.15051

42.5781 1.15051
42.9688 1.15023

42.9688 1.15023
43.3594 1.15004

43.3594 1.15004
43.75 1.14995

43.75 1.14995
44.1406 1.14994

44.1406 1.14994
44.5312 1.15002

44.5312 1.15003
44.9219 1.15018

44.9219 1.15018
45.3125 1.15041

45.3125 1.15041
45.7031 1.1507

45.7031 1.1507
46.0938 1.15103

46.0938 1.15103
46.4844 1.15139

46.4844 1.15139
46.875 1.15176

46.875 1.15177
47.2656 1.15212

47.2656 1.15213
47.6562 1.15246

47.6562 1.15246
48.0469 1.15274

48.0469 1.15274
48.4375 1.15294

48.4375 1.15294
48.8281 1.15302

48.8281 1.15303
49.2188 1.15297

49.2188 1.15298
49.6094 1.15276

49.6094 1.15276
50 1.15234

50 1.15235
50.3906 1.15169

50.3906 1.1517
50.7812 1.1508

50.7812 1.1508
51.1719 1.14961

51.1719 1.14961
51.5625 1.14811

51.5625 1.14812
51.9531 1.14629

51.9531 1.14629
52.3438 1.14411

52.3438 1.14412
52.7344 1.14158

52.7344 1.14158
53.125 1.13867

53.125 1.13867
53.5156 1.1354

53.5156 1.1354
53.9062 1.13176

53.9062 1.13175
54.2969 1.12776

54.2969 1.12775
54.6875 1.12342

54.6875 1.12341
55.0781 1.11876

55.0781 1.11875
55.4688 1.11381

55.4688 1.1138
55.8594 1.1086

55.8594 1.10859
56.25 1.10317

56.25 1.10316
56.6406 1.09756

56.6406 1.09755
57.0312 1.0918

57.0312 1.09179
57.4219 1.08596

57.4219 1.08595
57.8125 1.08006

57.8125 1.08005
58.2031 1.07416

58.2031 1.07415
58.5938 1.0683

58.5938 1.06829
58.9844 1.06252

58.9844 1.06251
59.375 1.05686

59.375 1.05685
59.7656 1.05134

59.7656 1.05134
60.1562 1.04602

60.1562 1.04601
60.5469 1.0409

60.5469 1.04089
60.9375 1.03601

60.9375 1.036
61.3281 1.03137

61.3281 1.03137
61.7188 1.02699

61.7188 1.02699
62.1094 1.02288

62.1094 1.02288
62.5 1.01905

62.5 1.01905
62.8906 1.0155

62.8906 1.0155
63.2812 1.01222

63.2812 1.01222
63.6719 1.00921

63.6719 1.00921
64.0625 1.00647

64.0625 1.00647
64.4531 1.00399

64.4531 1.00399
64.8438 1.00175

64.8438 1.00176
65.2344 0.999761

65.2344 0.999764
65.625 0.997999

65.625 0.998001
66.0156 0.996456

66.0156 0.996458
66.4062 0.995122

66.4062 0.995124
66.7969 0.993986

66.7969 0.993989
67.1875 0.993039

67.1875 0.993042
67.5781 0.992272

67.5781 0.992274
67.9688 0.991673

67.9688 0.991675
68.3594 0.991235

68.3594 0.991237
68.75 0.990948

68.75 0.99095
69.1406 0.990804

69.1406 0.990806
69.5312 0.990794

69.5312 0.990796
69.9219 0.990911

69.9219 0.990914
70.3125 0.991147

70.3125 0.991149
70.7031 0.991492

70.7031 0.991494
71.0938 0.99194

71.0938 0.991942
71.4844 0.992481

71.4844 0.992483
71.875 0.993107

71.875 0.99311
72.2656 0.99381

72.2656 0.993813
72.6562 0.994581

72.6562 0.994583
73.0469 0.99541

73.0469 0.995412
73.4375 0.996288

73.4375 0.99629
73.8281 0.997205

73.8281 0.997208
74.2188 0.998153

74.2188 0.998155
74.6094 0.999121

74.6094 1.01284
75 0.986378

75.2426 0
75.2799 0.390625

75.3809 0.390625
75.2906 0.78125

75.3906 0.735655
75.3916 0.78125

75 1.14438
75.3906 0.856765

75.3906 1.02763
75.4975 0.78125

