6.64062 1.17181
6.286 1.17188

6.64062 1.17182
7.03125 1.17166

7.03125 1.17166
7.42188 1.17139

7.42188 1.17139
7.8125 1.17103

7.8125 1.17103
8.20312 1.17057

8.20312 1.17057
8.59375 1.17002

8.59375 1.17001
8.98438 1.16938

8.98438 1.16937
9.375 1.16865

9.375 1.16865
9.76562 1.16786

9.76562 1.16786
10.1562 1.167

10.1562 1.167
10.5469 1.16608

10.5469 1.16608
10.9375 1.16511

10.9375 1.16511
11.3281 1.16411

11.3281 1.1641
11.7188 1.16307

11.7188 1.16307
12.1094 1.16201

12.1094 1.16201
12.5 1.16094

12.5 1.16094
12.8906 1.15988

12.8906 1.15987
13.2812 1.15882

13.2812 1.15882
13.6719 1.15779

13.6719 1.15778
14.0625 1.15678

14.0625 1.15678
14.4531 1.15582

14.4531 1.15582
14.8438 1.1549

14.8438 1.1549
15.2344 1.15405

15.2344 1.15405
15.625 1.15326

15.625 1.15326
16.0156 1.15255

16.0156 1.15255
16.4062 1.15191

16.4062 1.15191
16.7969 1.15137

16.7969 1.15137
17.1875 1.15092

17.1875 1.15092
17.5781 1.15056

17.5781 1.15056
17.9688 1.15031

17.9688 1.1503
18.3594 1.15015

18.3594 1.15015
18.75 1.1501

18.75 1.1501
19.1406 1.15016

19.1406 1.15016
19.5312 1.15032

19.5312 1.15032
19.9219 1.15058

19.9219 1.15059
20.3125 1.15095

20.3125 1.15095
20.7031 1.15141

20.7031 1.15141
21.0938 1.15196

21.0938 1.15196
21.4844 1.1526

21.4844 1.1526
21.875 1.15332

21.875 1.15332
22.2656 1.15411

22.2656 1.15412
22.6562 1.15497

22.6562 1.15498
23.0469 1.15589

23.0469 1.15589
23.4375 1.15686

23.4375 1.15686
23.8281 1.15787

23.8281 1.15787
24.2188 1.1589

24.2188 1.15891
24.6094 1.15996

24.6094 1.15996
25 1.16103

25 1.16103
25.3906 1.1621

25.3906 1.1621
25.7812 1.16315

25.7812 1.16315
26.1719 1.16419

26.1719 1.16419
26.5625 1.16519

26.5625 1.16519
26.9531 1.16616

26.9531 1.16616
27.3438 1.16707

27.3438 1.16707
27.7344 1.16793

27.7344 1.16793
28.125 1.16872

28.125 1.16872
28.5156 1.16943

28.5156 1.16943
28.9062 1.17006

28.9062 1.17006
29.2969 1.17061

29.2969 1.17061
29.6875 1.17106

29.6875 1.17106
30.0781 1.17142

30.0781 1.17142
30.4688 1.17167

30.4688 1.17167
30.8594 1.17183

31.6406 1.17181
31.2858 1.17188

31.6406 1.17182
32.0312 1.17166

32.0312 1.17166
32.4219 1.17139

32.4219 1.17139
32.8125 1.17103

32.8125 1.17103
33.2031 1.17057

33.2031 1.17057
33.5938 1.17002

33.5938 1.17001
33.9844 1.16938

33.9844 1.16937
34.375 1.16865

34.375 1.16865
34.7656 1.16786

34.7656 1.16786
35.1562 1.167

35.1562 1.167
35.5469 1.16608

35.5469 1.16608
35.9375 1.16511

35.9375 1.16511
36.3281 1.16411

36.3281 1.1641
36.7188 1.16307

36.7188 1.16307
37.1094 1.16201

37.1094 1.16201
37.5 1.16094

37.5 1.16094
37.8906 1.15988

37.8906 1.15987
38.2812 1.15882

38.2812 1.15882
38.6719 1.15779

38.6719 1.15778
39.0625 1.15678

39.0625 1.15678
39.4531 1.15582

39.4531 1.15582
39.8438 1.15491

39.8438 1.1549
40.2344 1.15405

40.2344 1.15405
40.625 1.15326

40.625 1.15326
41.0156 1.15255

41.0156 1.15255
41.4062 1.15192

41.4062 1.15191
41.7969 1.15137

41.7969 1.15137
42.1875 1.15092

42.1875 1.15092
42.5781 1.15056

42.5781 1.15056
42.9688 1.15031

42.9688 1.15031
43.3594 1.15015

43.3594 1.15015
43.75 1.15011

43.75 1.15011
44.1406 1.15016

44.1406 1.15016
44.5312 1.15032

44.5312 1.15032
44.9219 1.15059

44.9219 1.15059
45.3125 1.15095

45.3125 1.15095
45.7031 1.15141

45.7031 1.15141
46.0938 1.15196

46.0938 1.15196
46.4844 1.1526

46.4844 1.1526
46.875 1.15332

46.875 1.15332
47.2656 1.15412

47.2656 1.15412
47.6562 1.15498

47.6562 1.15498
48.0469 1.15589

48.0469 1.1559
48.4375 1.15686

48.4375 1.15686
48.8281 1.15787

48.8281 1.15787
49.2188 1.1589

49.2188 1.15891
49.6094 1.15996

49.6094 1.15996
50 1.16103

50 1.16103
50.3906 1.1621

50.3906 1.1621
50.7812 1.16315

50.7812 1.16316
51.1719 1.16419

51.1719 1.16419
51.5625 1.16519

51.5625 1.1652
51.9531 1.16616

51.9531 1.16616
52.3438 1.16707

52.3438 1.16707
52.7344 1.16793

52.7344 1.16793
53.125 1.16872

53.125 1.16872
53.5156 1.16943

53.5156 1.16943
53.9062 1.17006

53.9062 1.17006
54.2969 1.17061

54.2969 1.17061
54.6875 1.17106

54.6875 1.17106
55.0781 1.17141

55.0781 1.17141
55.4688 1.17166

55.4688 1.17166
55.8594 1.17181

55.8594 1.17181
56.25 1.17185

56.25 1.17185
56.6406 1.17178

56.6406 1.17178
57.0312 1.17161

57.0312 1.17161
57.4219 1.17132

57.4219 1.17132
57.8125 1.17093

57.8125 1.17093
58.2031 1.17044

58.2031 1.17044
58.5938 1.16984

58.5938 1.16984
58.9844 1.16915

58.9844 1.16915
59.375 1.16836

59.375 1.16836
59.7656 1.16748

59.7656 1.16747
60.1562 1.1665

60.1562 1.1665
60.5469 1.16545

60.5469 1.16545
60.9375 1.16431

60.9375 1.16431
61.3281 1.16309

61.3281 1.16309
61.7188 1.1618

61.7188 1.1618
62.1094 1.16044

62.1094 1.16044
62.5 1.15901

62.5 1.15901
62.8906 1.1575

62.8906 1.1575
63.2812 1.15593

63.2812 1.15593
63.6719 1.15428

63.6719 1.15428
64.0625 1.15257

64.0625 1.15257
64.4531 1.15078

64.4531 1.15078
64.8438 1.14892

64.8438 1.14892
65.2344 1.14697

65.2344 1.14697
65.625 1.14494

65.625 1.14494
66.0156 1.14282

66.0156 1.14282
66.4062 1.14061

66.4062 1.14061
66.7969 1.1383

66.7969 1.1383
67.1875 1.13588

67.1875 1.13588
67.5781 1.13336

67.5781 1.13336
67.9688 1.13072

67.9688 1.13072
68.3594 1.12797

68.3594 1.12797
68.75 1.1251

68.75 1.1251
69.1406 1.12212

69.1406 1.12212
69.5312 1.11902

69.5312 1.11902
69.9219 1.1158

69.9219 1.1158
70.3125 1.11247

70.3125 1.11247
70.7031 1.10904

70.7031 1.10904
71.0938 1.10552

71.0938 1.10551
71.4844 1.1019

71.4844 1.1019
71.875 1.09822

71.875 1.09821
72.2656 1.09447

72.2656 1.09446
72.6562 1.09067

72.6562 1.09066
73.0469 1.08684

73.0469 1.08683
73.4375 1.08299

73.4375 1.08299
73.8281 1.07915

73.8281 1.07914
74.2188 1.07532

74.2188 1.07532
74.6094 1.07154

74.6094 1.07153
75 1.0678

75 1.0678
75.3906 1.06413

75.3906 1.06413
75.7812 1.06055

75.7812 1.06055
76.1719 1.05707

76.1719 1.05706
76.5625 1.05369

76.5625 1.05369
76.9531 1.05043

76.9531 1.05043
77.3438 1.04731

77.3438 1.0473
77.7344 1.04431

77.7344 1.04431
78.125 1.04145

78.125 1.04145
78.5156 1.03873

78.5156 1.03873
78.9062 1.03615

78.9062 1.03615
79.2969 1.0337

79.2969 1.0337
79.6875 1.03139

79.6875 1.03139
80.0781 1.02919

80.0781 1.0292
80.4688 1.02712

80.4688 1.02712
80.8594 1.02516

80.8594 1.02516
81.25 1.0233

81.25 1.0233
81.6406 1.02153

81.6406 1.02153
82.0312 1.01984

82.0312 1.01984
82.4219 1.01822

82.4219 1.01823
82.8125 1.01667

82.8125 1.01668
83.2031 1.01518

83.2031 1.01518
83.5938 1.01373

83.5938 1.01373
83.9844 1.01232

83.9844 1.01232
84.375 1.01095

84.375 1.01095
84.7656 1.0096

84.7656 1.00961
85.1562 1.00829

85.1562 1.00829
85.5469 1.00699

85.5469 1.00699
85.9375 1.00572

85.9375 1.00572
86.3281 1.00448

86.3281 1.00448
86.7188 1.00325

86.7188 1.00325
87.1094 1.00206

87.1094 1.00205
87.5 1.00089

87.5 1.00089
87.8906 0.999752

87.8906 0.99975
88.2812 0.998653

88.2812 0.998652
88.6719 0.997597

88.6719 0.997596
89.0625 0.996589

89.0625 0.996587
89.4531 0.995634

89.4531 0.995632
89.8438 0.994737

89.8438 0.994736
90.2344 0.993905

90.2344 0.993904
90.625 0.993144

90.625 0.993142
91.0156 0.992457

91.0156 0.992456
91.4062 0.991852

91.4062 0.99185
91.7969 0.99133

91.7969 0.99133
92.1875 0.990898

92.1875 0.990897
92.5781 0.990558

92.5781 0.990557
92.9688 0.990312

92.9688 0.990312
93.3594 0.990162

93.3594 0.990162
93.75 0.99011

93.75 0.99011
94.1406 0.990155

94.1406 0.990155
94.5312 0.990297

94.5312 0.990297
94.9219 0.990533

94.9219 0.990534
95.3125 0.990863

95.3125 0.990864
95.7031 0.991281

95.7031 0.991283
96.0938 0.991785

96.0938 0.991787
96.4844 0.99237

96.4844 1.00393
96.875 0.981472

97.1259 0
97.1636 0.390625

97.2656 0.405093
97.1696 0.78125

97.2656 0.546747
97.2697 0.390625

96.875 1.13436
97.2656 0.852427

97.2656 1.03604
97.3803 0.78125

