6.64062 1.17181
6.28638 1.17188

6.64062 1.17182
7.03125 1.17166

7.03125 1.17166
7.42188 1.17139

7.42188 1.17139
7.8125 1.17103

7.8125 1.17103
8.20312 1.17057

8.20312 1.17057
8.59375 1.17002

8.59375 1.17001
8.98438 1.16938

8.98438 1.16937
9.375 1.16866

9.375 1.16865
9.76562 1.16786

9.76562 1.16786
10.1562 1.167

10.1562 1.167
10.5469 1.16608

10.5469 1.16608
10.9375 1.16511

10.9375 1.16511
11.3281 1.16411

11.3281 1.1641
11.7188 1.16307

11.7188 1.16307
12.1094 1.16201

12.1094 1.16201
12.5 1.16094

12.5 1.16094
12.8906 1.15988

12.8906 1.15988
13.2812 1.15882

13.2812 1.15882
13.6719 1.15779

13.6719 1.15778
14.0625 1.15678

14.0625 1.15678
14.4531 1.15582

14.4531 1.15582
14.8438 1.15491

14.8438 1.1549
15.2344 1.15405

15.2344 1.15405
15.625 1.15326

15.625 1.15326
16.0156 1.15255

16.0156 1.15255
16.4062 1.15192

16.4062 1.15191
16.7969 1.15137

16.7969 1.15137
17.1875 1.15092

17.1875 1.15092
17.5781 1.15056

17.5781 1.15056
17.9688 1.15031

17.9688 1.15031
18.3594 1.15015

18.3594 1.15015
18.75 1.15011

18.75 1.15011
19.1406 1.15016

19.1406 1.15016
19.5312 1.15032

19.5312 1.15032
19.9219 1.15059

19.9219 1.15059
20.3125 1.15095

20.3125 1.15095
20.7031 1.15141

20.7031 1.15141
21.0938 1.15196

21.0938 1.15196
21.4844 1.1526

21.4844 1.1526
21.875 1.15332

21.875 1.15332
22.2656 1.15412

22.2656 1.15412
22.6562 1.15498

22.6562 1.15498
23.0469 1.15589

23.0469 1.1559
23.4375 1.15686

23.4375 1.15686
23.8281 1.15787

23.8281 1.15787
24.2188 1.1589

24.2188 1.15891
24.6094 1.15996

24.6094 1.15996
25 1.16103

25 1.16103
25.3906 1.1621

25.3906 1.1621
25.7812 1.16315

25.7812 1.16316
26.1719 1.16419

26.1719 1.16419
26.5625 1.16519

26.5625 1.1652
26.9531 1.16616

26.9531 1.16616
27.3438 1.16707

27.3438 1.16707
27.7344 1.16793

27.7344 1.16793
28.125 1.16872

28.125 1.16872
28.5156 1.16943

28.5156 1.16943
28.9062 1.17007

28.9062 1.17007
29.2969 1.17061

29.2969 1.17061
29.6875 1.17107

29.6875 1.17107
30.0781 1.17142

30.0781 1.17142
30.4688 1.17168

30.4688 1.17167
30.8594 1.17184

31.6406 1.17181
31.2862 1.17188

31.6406 1.17182
32.0312 1.17166

32.0312 1.17166
32.4219 1.17139

32.4219 1.17139
32.8125 1.17103

32.8125 1.17103
33.2031 1.17057

33.2031 1.17057
33.5938 1.17001

33.5938 1.17001
33.9844 1.16937

33.9844 1.16937
34.375 1.16864

34.375 1.16864
34.7656 1.16784

34.7656 1.16784
35.1562 1.16697

35.1562 1.16697
35.5469 1.16603

35.5469 1.16603
35.9375 1.16504

35.9375 1.16503
36.3281 1.16399

36.3281 1.16399
36.7188 1.1629

36.7188 1.1629
37.1094 1.16177

37.1094 1.16177
37.5 1.1606

37.5 1.1606
37.8906 1.15941

37.8906 1.15941
38.2812 1.15818

38.2812 1.15818
38.6719 1.15692

38.6719 1.15692
39.0625 1.15563

39.0625 1.15563
39.4531 1.1543

39.4531 1.1543
39.8438 1.15292

39.8438 1.15292
40.2344 1.15149

40.2344 1.1515
40.625 1.14999

40.625 1.15
41.0156 1.14842

41.0156 1.14842
41.4062 1.14674

41.4062 1.14675
41.7969 1.14495

41.7969 1.14496
42.1875 1.14302

42.1875 1.14303
42.5781 1.14094

42.5781 1.14095
42.9688 1.13869

42.9688 1.13869
43.3594 1.13624

43.3594 1.13624
43.75 1.13358

43.75 1.13358
44.1406 1.1307

44.1406 1.1307
44.5312 1.12757

44.5312 1.12757
44.9219 1.12421

44.9219 1.12421
45.3125 1.12059

45.3125 1.12059
45.7031 1.11673

45.7031 1.11673
46.0938 1.11264

46.0938 1.11264
46.4844 1.10833

46.4844 1.10832
46.875 1.10381

46.875 1.10381
47.2656 1.09913

47.2656 1.09912
47.6562 1.0943

47.6562 1.09429
48.0469 1.08936

48.0469 1.08935
48.4375 1.08435

48.4375 1.08434
48.8281 1.07932

48.8281 1.07931
49.2188 1.0743

49.2188 1.07429
49.6094 1.06934

49.6094 1.06933
50 1.06448

50 1.06447
50.3906 1.05976

50.3906 1.05975
50.7812 1.05521

50.7812 1.0552
51.1719 1.05086

51.1719 1.05085
51.5625 1.04673

51.5625 1.04673
51.9531 1.04286

51.9531 1.04286
52.3438 1.03925

52.3438 1.03925
52.7344 1.0359

52.7344 1.0359
53.125 1.03283

53.125 1.03283
53.5156 1.03002

53.5156 1.03003
53.9062 1.02747

53.9062 1.02748
54.2969 1.02517

54.2969 1.02517
54.6875 1.02309

54.6875 1.0231
55.0781 1.02122

55.0781 1.02123
55.4688 1.01954

55.4688 1.01954
55.8594 1.01802

55.8594 1.01802
56.25 1.01664

56.25 1.01664
56.6406 1.01537

56.6406 1.01538
57.0312 1.0142

57.0312 1.0142
57.4219 1.0131

57.4219 1.01311
57.8125 1.01206

57.8125 1.01206
58.2031 1.01106

58.2031 1.01106
58.5938 1.01008

58.5938 1.01008
58.9844 1.00911

58.9844 1.00911
59.375 1.00814

59.375 1.00815
59.7656 1.00718

59.7656 1.00718
60.1562 1.0062

60.1562 1.0062
60.5469 1.00521

60.5469 1.00521
60.9375 1.00421

60.9375 1.00421
61.3281 1.00321

61.3281 1.0032
61.7188 1.00219

61.7188 1.00219
62.1094 1.00117

62.1094 1.00117
62.5 1.00016

62.5 1.00016
62.8906 0.999158

62.8906 0.999156
63.2812 0.998171

63.2812 0.99817
63.6719 0.997209

63.6719 0.997207
64.0625 0.996278

64.5033 0
64.541 0.390625

64.6234 0.390625
64.5716 0.78125

64.0625 1.07591
64.4531 0.915752

64.4531 1.14636
64.7557 0.78125

