6.64062 1.17181
6.28657 1.17188

6.64062 1.17182
7.03125 1.17166

7.03125 1.17166
7.42188 1.17139

7.42188 1.17139
7.8125 1.17103

7.8125 1.17103
8.20312 1.17057

8.20312 1.17057
8.59375 1.17002

8.59375 1.17001
8.98438 1.16938

8.98438 1.16937
9.375 1.16866

9.375 1.16865
9.76562 1.16786

9.76562 1.16786
10.1562 1.167

10.1562 1.167
10.5469 1.16608

10.5469 1.16608
10.9375 1.16511

10.9375 1.16511
11.3281 1.16411

11.3281 1.1641
11.7188 1.16307

11.7188 1.16307
12.1094 1.16201

12.1094 1.16201
12.5 1.16094

12.5 1.16094
12.8906 1.15988

12.8906 1.15988
13.2812 1.15882

13.2812 1.15882
13.6719 1.15779

13.6719 1.15778
14.0625 1.15678

14.0625 1.15678
14.4531 1.15582

14.4531 1.15582
14.8438 1.15491

14.8438 1.1549
15.2344 1.15405

15.2344 1.15405
15.625 1.15326

15.625 1.15326
16.0156 1.15255

16.0156 1.15255
16.4062 1.15192

16.4062 1.15191
16.7969 1.15137

16.7969 1.15137
17.1875 1.15092

17.1875 1.15092
17.5781 1.15056

17.5781 1.15056
17.9688 1.15031

17.9688 1.15031
18.3594 1.15015

18.3594 1.15015
18.75 1.15011

18.75 1.15011
19.1406 1.15016

19.1406 1.15016
19.5312 1.15032

19.5312 1.15032
19.9219 1.15059

19.9219 1.15059
20.3125 1.15095

20.3125 1.15095
20.7031 1.15141

20.7031 1.15141
21.0938 1.15196

21.0938 1.15196
21.4844 1.1526

21.4844 1.1526
21.875 1.15332

21.875 1.15332
22.2656 1.15412

22.2656 1.15412
22.6562 1.15498

22.6562 1.15498
23.0469 1.15589

23.0469 1.1559
23.4375 1.15686

23.4375 1.15686
23.8281 1.15787

23.8281 1.15787
24.2188 1.1589

24.2188 1.15891
24.6094 1.15996

24.6094 1.15996
25 1.16103

25 1.16103
25.3906 1.1621

25.3906 1.1621
25.7812 1.16315

25.7812 1.16316
26.1719 1.16419

26.1719 1.16419
26.5625 1.16519

26.5625 1.1652
26.9531 1.16616

26.9531 1.16616
27.3438 1.16707

27.3438 1.16707
27.7344 1.16793

27.7344 1.16793
28.125 1.16872

28.125 1.16872
28.5156 1.16943

28.5156 1.16944
28.9062 1.17007

28.9062 1.17007
29.2969 1.17061

29.2969 1.17061
29.6875 1.17107

29.6875 1.17107
30.0781 1.17142

30.0781 1.17142
30.4688 1.17168

30.4688 1.17168
30.8594 1.17184

31.6406 1.17181
31.2877 1.17188

31.6406 1.17182
32.0312 1.17166

32.0312 1.17166
32.4219 1.17139

32.4219 1.17139
32.8125 1.17103

32.8125 1.17103
33.2031 1.17056

33.2031 1.17056
33.5938 1.17

33.5938 1.17
33.9844 1.16936

33.9844 1.16935
34.375 1.16862

34.375 1.16862
34.7656 1.16781

34.7656 1.1678
35.1562 1.16692

35.1562 1.16691
35.5469 1.16595

35.5469 1.16595
35.9375 1.16493

35.9375 1.16493
36.3281 1.16384

36.3281 1.16384
36.7188 1.1627

36.7188 1.1627
37.1094 1.1615

37.1094 1.1615
37.5 1.16024

37.5 1.16024
37.8906 1.15893

37.8906 1.15893
38.2812 1.15756

38.2812 1.15756
38.6719 1.15612

38.6719 1.15613
39.0625 1.15461

39.0625 1.15462
39.4531 1.15302

39.4531 1.15303
39.8438 1.15134

39.8438 1.15134
40.2344 1.14954

40.2344 1.14954
40.625 1.14762

40.625 1.14762
41.0156 1.14555

41.0156 1.14556
41.4062 1.14333

41.4062 1.14333
41.7969 1.14092

41.7969 1.14092
42.1875 1.13831

42.1875 1.13832
42.5781 1.13549

42.5781 1.1355
42.9688 1.13245

42.9688 1.13245
43.3594 1.12916

43.3594 1.12916
43.75 1.12562

43.75 1.12562
44.1406 1.12184

44.1406 1.12184
44.5312 1.11781

44.5312 1.1178
44.9219 1.11354

44.9219 1.11353
45.3125 1.10905

45.3125 1.10904
45.7031 1.10435

45.7031 1.10435
46.0938 1.09948

46.0938 1.09948
46.4844 1.09447

46.4844 1.09446
46.875 1.08935

46.875 1.08934
47.2656 1.08417

47.2656 1.08416
47.6562 1.07896

47.6562 1.07895
48.0469 1.07378

48.0469 1.07377
48.4375 1.06866

48.4375 1.06865
48.8281 1.06365

48.8281 1.06364
49.2188 1.05879

49.2188 1.05878
49.6094 1.05412

49.6094 1.05411
50 1.04967

50 1.04967
50.3906 1.04547

50.3906 1.04547
50.7812 1.04155

50.7812 1.04154
51.1719 1.03791

51.1719 1.0379
51.5625 1.03456

51.5625 1.03456
51.9531 1.03151

51.9531 1.03152
52.3438 1.02876

52.3438 1.02877
52.7344 1.0263

52.7344 1.0263
53.125 1.0241

53.125 1.02411
53.5156 1.02216

53.5156 1.02217
53.9062 1.02045

53.9062 1.02046
54.2969 1.01895

54.2969 1.01896
54.6875 1.01763

54.6875 1.01764
55.0781 1.01647

55.0781 1.01648
55.4688 1.01544

55.4688 1.01544
55.8594 1.01451

55.8594 1.01452
56.25 1.01366

56.25 1.01367
56.6406 1.01287

56.6406 1.01288
57.0312 1.01212

57.0312 1.01212
57.4219 1.01138

57.4219 1.01139
57.8125 1.01065

57.8125 1.01066
58.2031 1.00992

58.2031 1.00992
58.5938 1.00916

58.5938 1.00916
58.9844 1.00838

58.9844 1.00838
59.375 1.00757

59.375 1.00757
59.7656 1.00673

59.7656 1.00673
60.1562 1.00586

60.1562 1.00586
60.5469 1.00495

60.5469 1.00495
60.9375 1.00402

60.9375 1.00402
61.3281 1.00306

61.3281 1.00306
61.7188 1.00209

61.7188 1.00208
62.1094 1.0011

62.1094 1.0011
62.5 1.00011

63.1747 0
63.2123 0.390625

63.2812 0.524039
63.2151 0.78125

62.5 1.00555
62.8906 0.993679

62.8906 1.13436
63.2812 0.862905

63.2977 0.390625
63.2834 0.78125

63.2812 1.08405
63.4278 0.78125

