6.64062 1.17181
6.28607 1.17188

6.64062 1.17182
7.03125 1.17166

7.03125 1.17166
7.42188 1.17139

7.42188 1.17139
7.8125 1.17103

7.8125 1.17103
8.20312 1.17057

8.20312 1.17057
8.59375 1.17002

8.59375 1.17001
8.98438 1.16938

8.98438 1.16937
9.375 1.16866

9.375 1.16865
9.76562 1.16786

9.76562 1.16786
10.1562 1.167

10.1562 1.167
10.5469 1.16608

10.5469 1.16608
10.9375 1.16511

10.9375 1.16511
11.3281 1.16411

11.3281 1.1641
11.7188 1.16307

11.7188 1.16307
12.1094 1.16201

12.1094 1.16201
12.5 1.16094

12.5 1.16094
12.8906 1.15988

12.8906 1.15988
13.2812 1.15882

13.2812 1.15882
13.6719 1.15779

13.6719 1.15778
14.0625 1.15678

14.0625 1.15678
14.4531 1.15582

14.4531 1.15582
14.8438 1.15491

14.8438 1.1549
15.2344 1.15405

15.2344 1.15405
15.625 1.15326

15.625 1.15326
16.0156 1.15255

16.0156 1.15255
16.4062 1.15192

16.4062 1.15191
16.7969 1.15137

16.7969 1.15137
17.1875 1.15092

17.1875 1.15092
17.5781 1.15056

17.5781 1.15056
17.9688 1.15031

17.9688 1.15031
18.3594 1.15015

18.3594 1.15015
18.75 1.1501

18.75 1.1501
19.1406 1.15016

19.1406 1.15016
19.5312 1.15032

19.5312 1.15032
19.9219 1.15059

19.9219 1.15059
20.3125 1.15095

20.3125 1.15095
20.7031 1.15141

20.7031 1.15141
21.0938 1.15196

21.0938 1.15196
21.4844 1.1526

21.4844 1.1526
21.875 1.15332

21.875 1.15332
22.2656 1.15411

22.2656 1.15412
22.6562 1.15498

22.6562 1.15498
23.0469 1.15589

23.0469 1.1559
23.4375 1.15686

23.4375 1.15686
23.8281 1.15787

23.8281 1.15787
24.2188 1.1589

24.2188 1.15891
24.6094 1.15996

24.6094 1.15996
25 1.16103

25 1.16103
25.3906 1.1621

25.3906 1.1621
25.7812 1.16315

25.7812 1.16315
26.1719 1.16419

26.1719 1.16419
26.5625 1.16519

26.5625 1.16519
26.9531 1.16616

26.9531 1.16616
27.3438 1.16707

27.3438 1.16707
27.7344 1.16793

27.7344 1.16793
28.125 1.16872

28.125 1.16872
28.5156 1.16943

28.5156 1.16943
28.9062 1.17006

28.9062 1.17007
29.2969 1.17061

29.2969 1.17061
29.6875 1.17106

29.6875 1.17106
30.0781 1.17142

30.0781 1.17142
30.4688 1.17168

30.4688 1.17167
30.8594 1.17183

31.6406 1.17181
31.2861 1.17188

31.6406 1.17182
32.0312 1.17166

32.0312 1.17166
32.4219 1.17139

32.4219 1.17139
32.8125 1.17103

32.8125 1.17103
33.2031 1.17057

33.2031 1.17057
33.5938 1.17002

33.5938 1.17001
33.9844 1.16938

33.9844 1.16937
34.375 1.16866

34.375 1.16865
34.7656 1.16786

34.7656 1.16786
35.1562 1.167

35.1562 1.167
35.5469 1.16608

35.5469 1.16608
35.9375 1.16511

35.9375 1.16511
36.3281 1.16411

36.3281 1.1641
36.7188 1.16307

36.7188 1.16307
37.1094 1.16201

37.1094 1.16201
37.5 1.16095

37.5 1.16094
37.8906 1.15988

37.8906 1.15988
38.2812 1.15882

38.2812 1.15882
38.6719 1.15779

38.6719 1.15779
39.0625 1.15678

39.0625 1.15678
39.4531 1.15582

39.4531 1.15582
39.8438 1.15491

39.8438 1.1549
40.2344 1.15405

40.2344 1.15405
40.625 1.15326

40.625 1.15326
41.0156 1.15255

41.0156 1.15255
41.4062 1.15192

41.4062 1.15191
41.7969 1.15137

41.7969 1.15137
42.1875 1.15092

42.1875 1.15092
42.5781 1.15056

42.5781 1.15056
42.9688 1.15031

42.9688 1.15031
43.3594 1.15015

43.3594 1.15015
43.75 1.15011

43.75 1.15011
44.1406 1.15016

44.1406 1.15016
44.5312 1.15032

44.5312 1.15032
44.9219 1.15059

44.9219 1.15059
45.3125 1.15095

45.3125 1.15095
45.7031 1.15141

45.7031 1.15141
46.0938 1.15196

46.0938 1.15196
46.4844 1.1526

46.4844 1.1526
46.875 1.15332

46.875 1.15332
47.2656 1.15412

47.2656 1.15412
47.6562 1.15498

47.6562 1.15498
48.0469 1.15589

48.0469 1.1559
48.4375 1.15686

48.4375 1.15686
48.8281 1.15787

48.8281 1.15787
49.2188 1.15891

49.2188 1.15891
49.6094 1.15996

49.6094 1.15996
50 1.16103

50 1.16103
50.3906 1.1621

50.3906 1.1621
50.7812 1.16315

50.7812 1.16315
51.1719 1.16419

51.1719 1.16419
51.5625 1.16519

51.5625 1.16519
51.9531 1.16615

51.9531 1.16615
52.3438 1.16706

52.3438 1.16707
52.7344 1.16792

52.7344 1.16792
53.125 1.1687

53.125 1.1687
53.5156 1.16941

53.5156 1.16941
53.9062 1.17003

53.9062 1.17003
54.2969 1.17056

54.2969 1.17057
54.6875 1.171

54.6875 1.171
55.0781 1.17133

55.0781 1.17133
55.4688 1.17156

55.4688 1.17156
55.8594 1.17167

55.8594 1.17167
56.25 1.17166

56.25 1.17166
56.6406 1.17154

56.6406 1.17154
57.0312 1.17129

57.0312 1.17129
57.4219 1.17092

57.4219 1.17092
57.8125 1.17042

57.8125 1.17042
58.2031 1.16978

58.2031 1.16978
58.5938 1.16902

58.5938 1.16902
58.9844 1.16812

58.9844 1.16812
59.375 1.16709

59.375 1.16709
59.7656 1.16592

59.7656 1.16592
60.1562 1.1646

60.1562 1.1646
60.5469 1.16315

60.5469 1.16315
60.9375 1.16154

60.9375 1.16154
61.3281 1.15979

61.3281 1.15979
61.7188 1.15789

61.7188 1.15789
62.1094 1.15583

62.1094 1.15583
62.5 1.15362

62.5 1.15362
62.8906 1.15124

62.8906 1.15124
63.2812 1.1487

63.2812 1.1487
63.6719 1.14599

63.6719 1.14599
64.0625 1.14312

64.0625 1.14312
64.4531 1.14008

64.4531 1.14008
64.8438 1.13687

64.8438 1.13687
65.2344 1.1335

65.2344 1.1335
65.625 1.12997

65.625 1.12997
66.0156 1.12628

66.0156 1.12628
66.4062 1.12245

66.4062 1.12245
66.7969 1.11848

66.7969 1.11847
67.1875 1.11438

67.1875 1.11438
67.5781 1.11017

67.5781 1.11016
67.9688 1.10586

67.9688 1.10585
68.3594 1.10146

68.3594 1.10146
68.75 1.09701

68.75 1.09701
69.1406 1.09252

69.1406 1.09251
69.5312 1.088

69.5312 1.088
69.9219 1.08349

69.9219 1.08348
70.3125 1.079

70.3125 1.079
70.7031 1.07457

70.7031 1.07456
71.0938 1.0702

71.0938 1.0702
71.4844 1.06593

71.4844 1.06593
71.875 1.06178

71.875 1.06178
72.2656 1.05777

72.2656 1.05776
72.6562 1.05391

72.6562 1.0539
73.0469 1.05022

73.0469 1.05021
73.4375 1.04671

73.4375 1.04671
73.8281 1.0434

73.8281 1.0434
74.2188 1.0403

74.2188 1.0403
74.6094 1.0374

74.6094 1.0374
75 1.03472

75 1.03472
75.3906 1.03225

75.3906 1.03225
75.7812 1.02999

75.7812 1.02999
76.1719 1.02793

76.1719 1.02793
76.5625 1.02607

76.5625 1.02607
76.9531 1.02438

76.9531 1.02439
77.3438 1.02287

77.3438 1.02288
77.7344 1.02152

77.7344 1.02152
78.125 1.02031

78.125 1.02031
78.5156 1.01922

78.5156 1.01922
78.9062 1.01824

78.9062 1.01825
79.2969 1.01736

79.2969 1.01736
79.6875 1.01655

79.6875 1.01655
80.0781 1.01579

80.0781 1.0158
80.4688 1.01509

80.4688 1.01509
80.8594 1.01441

80.8594 1.01441
81.25 1.01374

81.25 1.01375
81.6406 1.01309

81.6406 1.01309
82.0312 1.01242

82.0312 1.01242
82.4219 1.01174

82.4219 1.01174
82.8125 1.01103

82.8125 1.01103
83.2031 1.0103

83.2031 1.0103
83.5938 1.00953

83.5938 1.00953
83.9844 1.00873

83.9844 1.00873
84.375 1.00789

84.375 1.00789
84.7656 1.00702

84.7656 1.00701
85.1562 1.00611

85.1562 1.00611
85.5469 1.00517

85.5469 1.00517
85.9375 1.0042

85.9375 1.0042
86.3281 1.00322

86.3281 1.00322
86.7188 1.00222

86.7188 1.00221
87.1094 1.00121

87.1094 1.0012
87.5 1.0002

87.5 1.00019
87.8906 0.999192

87.8906 0.99919
88.2812 0.998203

88.2812 0.998201
88.6719 0.997237

88.6719 0.997235
89.0625 0.996302

89.0625 0.9963
89.4531 0.995407

89.4531 0.995405
89.8438 0.994559

89.8438 0.994558
90.2344 0.993767

90.2344 0.993765
90.625 0.993036

90.625 0.993035
91.0156 0.992375

91.0156 0.992374
91.4062 0.991789

91.4062 0.991787
91.7969 0.991283

91.7969 0.991282
92.1875 0.990863

92.1875 0.990862
92.5781 0.990531

92.5781 1.00642
92.9688 0.974405

93.2012 0
93.2391 0.390625

93.3452 0.390625
93.2469 0.78125

92.9688 1.1331
93.3594 0.846888

93.3594 1.00179
93.4563 0.78125

