6.64062 1.17181
6.28604 1.17188

6.64062 1.17182
7.03125 1.17166

7.03125 1.17166
7.42188 1.17139

7.42188 1.17139
7.8125 1.17103

7.8125 1.17103
8.20312 1.17057

8.20312 1.17057
8.59375 1.17002

8.59375 1.17001
8.98438 1.16938

8.98438 1.16937
9.375 1.16866

9.375 1.16865
9.76562 1.16786

9.76562 1.16786
10.1562 1.167

10.1562 1.167
10.5469 1.16608

10.5469 1.16608
10.9375 1.16511

10.9375 1.16511
11.3281 1.16411

11.3281 1.1641
11.7188 1.16307

11.7188 1.16307
12.1094 1.16201

12.1094 1.16201
12.5 1.16094

12.5 1.16094
12.8906 1.15988

12.8906 1.15988
13.2812 1.15882

13.2812 1.15882
13.6719 1.15779

13.6719 1.15778
14.0625 1.15678

14.0625 1.15678
14.4531 1.15582

14.4531 1.15582
14.8438 1.15491

14.8438 1.1549
15.2344 1.15405

15.2344 1.15405
15.625 1.15326

15.625 1.15326
16.0156 1.15255

16.0156 1.15255
16.4062 1.15191

16.4062 1.15191
16.7969 1.15137

16.7969 1.15137
17.1875 1.15092

17.1875 1.15092
17.5781 1.15056

17.5781 1.15056
17.9688 1.15031

17.9688 1.15031
18.3594 1.15015

18.3594 1.15015
18.75 1.1501

18.75 1.1501
19.1406 1.15016

19.1406 1.15016
19.5312 1.15032

19.5312 1.15032
19.9219 1.15059

19.9219 1.15059
20.3125 1.15095

20.3125 1.15095
20.7031 1.15141

20.7031 1.15141
21.0938 1.15196

21.0938 1.15196
21.4844 1.1526

21.4844 1.1526
21.875 1.15332

21.875 1.15332
22.2656 1.15411

22.2656 1.15412
22.6562 1.15497

22.6562 1.15498
23.0469 1.15589

23.0469 1.1559
23.4375 1.15686

23.4375 1.15686
23.8281 1.15787

23.8281 1.15787
24.2188 1.1589

24.2188 1.15891
24.6094 1.15996

24.6094 1.15996
25 1.16103

25 1.16103
25.3906 1.1621

25.3906 1.1621
25.7812 1.16315

25.7812 1.16315
26.1719 1.16419

26.1719 1.16419
26.5625 1.16519

26.5625 1.16519
26.9531 1.16616

26.9531 1.16616
27.3438 1.16707

27.3438 1.16707
27.7344 1.16793

27.7344 1.16793
28.125 1.16872

28.125 1.16872
28.5156 1.16943

28.5156 1.16943
28.9062 1.17006

28.9062 1.17007
29.2969 1.17061

29.2969 1.17061
29.6875 1.17106

29.6875 1.17106
30.0781 1.17142

30.0781 1.17142
30.4688 1.17167

30.4688 1.17167
30.8594 1.17183

31.6406 1.17181
31.2861 1.17188

31.6406 1.17182
32.0312 1.17166

32.0312 1.17166
32.4219 1.17139

32.4219 1.17139
32.8125 1.17103

32.8125 1.17103
33.2031 1.17057

33.2031 1.17057
33.5938 1.17002

33.5938 1.17001
33.9844 1.16938

33.9844 1.16937
34.375 1.16865

34.375 1.16865
34.7656 1.16786

34.7656 1.16786
35.1562 1.167

35.1562 1.167
35.5469 1.16608

35.5469 1.16608
35.9375 1.16511

35.9375 1.16511
36.3281 1.16411

36.3281 1.1641
36.7188 1.16307

36.7188 1.16307
37.1094 1.16201

37.1094 1.16201
37.5 1.16094

37.5 1.16094
37.8906 1.15988

37.8906 1.15988
38.2812 1.15882

38.2812 1.15882
38.6719 1.15779

38.6719 1.15778
39.0625 1.15678

39.0625 1.15678
39.4531 1.15582

39.4531 1.15582
39.8438 1.15491

39.8438 1.1549
40.2344 1.15405

40.2344 1.15405
40.625 1.15326

40.625 1.15326
41.0156 1.15255

41.0156 1.15255
41.4062 1.15192

41.4062 1.15191
41.7969 1.15137

41.7969 1.15137
42.1875 1.15092

42.1875 1.15092
42.5781 1.15056

42.5781 1.15056
42.9688 1.15031

42.9688 1.15031
43.3594 1.15015

43.3594 1.15015
43.75 1.15011

43.75 1.15011
44.1406 1.15016

44.1406 1.15016
44.5312 1.15032

44.5312 1.15032
44.9219 1.15059

44.9219 1.15059
45.3125 1.15095

45.3125 1.15095
45.7031 1.15141

45.7031 1.15141
46.0938 1.15196

46.0938 1.15196
46.4844 1.1526

46.4844 1.1526
46.875 1.15332

46.875 1.15332
47.2656 1.15412

47.2656 1.15412
47.6562 1.15498

47.6562 1.15498
48.0469 1.15589

48.0469 1.1559
48.4375 1.15686

48.4375 1.15686
48.8281 1.15787

48.8281 1.15787
49.2188 1.15891

49.2188 1.15891
49.6094 1.15996

49.6094 1.15997
50 1.16103

50 1.16103
50.3906 1.1621

50.3906 1.1621
50.7812 1.16315

50.7812 1.16316
51.1719 1.16419

51.1719 1.16419
51.5625 1.16519

51.5625 1.1652
51.9531 1.16616

51.9531 1.16616
52.3438 1.16707

52.3438 1.16707
52.7344 1.16793

52.7344 1.16793
53.125 1.16871

53.125 1.16872
53.5156 1.16943

53.5156 1.16943
53.9062 1.17006

53.9062 1.17006
54.2969 1.1706

54.2969 1.1706
54.6875 1.17105

54.6875 1.17105
55.0781 1.1714

55.0781 1.1714
55.4688 1.17164

55.4688 1.17164
55.8594 1.17178

55.8594 1.17178
56.25 1.17181

56.25 1.17181
56.6406 1.17173

56.6406 1.17173
57.0312 1.17154

57.0312 1.17154
57.4219 1.17124

57.4219 1.17124
57.8125 1.17082

57.8125 1.17082
58.2031 1.17029

58.2031 1.17029
58.5938 1.16965

58.5938 1.16965
58.9844 1.16891

58.9844 1.16891
59.375 1.16805

59.375 1.16805
59.7656 1.16709

59.7656 1.16709
60.1562 1.16603

60.1562 1.16603
60.5469 1.16487

60.5469 1.16487
60.9375 1.1636

60.9375 1.1636
61.3281 1.16223

61.3281 1.16223
61.7188 1.16076

61.7188 1.16076
62.1094 1.15919

62.1094 1.15919
62.5 1.15752

62.5 1.15752
62.8906 1.15575

62.8906 1.15575
63.2812 1.15387

63.2812 1.15387
63.6719 1.15189

63.6719 1.15189
64.0625 1.14979

64.0625 1.14979
64.4531 1.14759

64.4531 1.14759
64.8438 1.14527

64.8438 1.14527
65.2344 1.14283

65.2344 1.14283
65.625 1.14026

65.625 1.14026
66.0156 1.13758

66.0156 1.13758
66.4062 1.13476

66.4062 1.13476
66.7969 1.13182

66.7969 1.13182
67.1875 1.12875

67.1875 1.12875
67.5781 1.12555

67.5781 1.12555
67.9688 1.12223

67.9688 1.12223
68.3594 1.11879

68.3594 1.11879
68.75 1.11523

68.75 1.11523
69.1406 1.11157

69.1406 1.11157
69.5312 1.10781

69.5312 1.10781
69.9219 1.10396

69.9219 1.10396
70.3125 1.10004

70.3125 1.10004
70.7031 1.09606

70.7031 1.09606
71.0938 1.09204

71.0938 1.09203
71.4844 1.08799

71.4844 1.08798
71.875 1.08393

71.875 1.08393
72.2656 1.07989

72.2656 1.07988
72.6562 1.07587

72.6562 1.07587
73.0469 1.07191

73.0469 1.0719
73.4375 1.06801

73.4375 1.068
73.8281 1.0642

73.8281 1.06419
74.2188 1.06049

74.2188 1.06048
74.6094 1.05689

74.6094 1.05689
75 1.05343

75 1.05343
75.3906 1.05011

75.3906 1.05011
75.7812 1.04695

75.7812 1.04695
76.1719 1.04394

76.1719 1.04394
76.5625 1.04109

76.5625 1.04109
76.9531 1.03841

76.9531 1.03841
77.3438 1.0359

77.3438 1.0359
77.7344 1.03354

77.7344 1.03354
78.125 1.03134

78.125 1.03135
78.5156 1.0293

78.5156 1.0293
78.9062 1.02739

78.9062 1.02739
79.2969 1.02562

79.2969 1.02562
79.6875 1.02396

79.6875 1.02397
80.0781 1.02242

80.0781 1.02242
80.4688 1.02097

80.4688 1.02097
80.8594 1.0196

80.8594 1.0196
81.25 1.0183

81.25 1.01831
81.6406 1.01707

81.6406 1.01707
82.0312 1.01588

82.0312 1.01588
82.4219 1.01472

82.4219 1.01473
82.8125 1.0136

82.8125 1.0136
83.2031 1.01249

83.2031 1.01249
83.5938 1.01139

83.5938 1.01139
83.9844 1.0103

83.9844 1.0103
84.375 1.00921

84.375 1.00921
84.7656 1.00812

84.7656 1.00812
85.1562 1.00702

85.1562 1.00702
85.5469 1.00592

85.5469 1.00592
85.9375 1.00482

85.9375 1.00482
86.3281 1.00372

86.3281 1.00372
86.7188 1.00263

86.7188 1.00262
87.1094 1.00154

87.1094 1.00154
87.5 1.00046

87.5 1.00046
87.8906 0.999402

87.8906 0.999401
88.2812 0.998369

88.2812 0.998368
88.6719 0.997368

88.6719 0.997366
89.0625 0.996404

89.0625 0.996403
89.4531 0.995486

89.4531 0.995484
89.8438 0.99462

89.8438 0.994618
90.2344 0.993813

90.2344 0.993811
90.625 0.993071

90.625 0.99307
91.0156 0.992401

91.0156 0.9924
91.4062 0.991808

91.4062 0.991807
91.7969 0.991297

91.7969 0.991296
92.1875 0.990873

92.1875 0.990872
92.5781 0.990539

92.5781 0.990538
92.9688 0.990298

92.9688 0.990297
93.3594 0.990152

93.3594 0.990152
93.75 0.990102

93.75 0.990102
94.1406 0.990149

94.1406 0.99015
94.5312 0.990293

94.5312 0.990293
94.9219 0.990531

94.9219 1.00815
95.3125 0.973245

95.5387 0
95.5765 0.390625

95.6815 0.390625
95.5851 0.78125

95.3125 1.13441
95.7031 0.846484

95.7031 0.990603
95.794 0.78125

