6.64062 1.17181
6.2863 1.17188

6.64062 1.17182
7.03125 1.17166

7.03125 1.17166
7.42188 1.17139

7.42188 1.17139
7.8125 1.17103

7.8125 1.17103
8.20312 1.17057

8.20312 1.17057
8.59375 1.17002

8.59375 1.17001
8.98438 1.16938

8.98438 1.16937
9.375 1.16866

9.375 1.16865
9.76562 1.16786

9.76562 1.16786
10.1562 1.167

10.1562 1.167
10.5469 1.16608

10.5469 1.16608
10.9375 1.16511

10.9375 1.16511
11.3281 1.16411

11.3281 1.1641
11.7188 1.16307

11.7188 1.16307
12.1094 1.16201

12.1094 1.16201
12.5 1.16094

12.5 1.16094
12.8906 1.15988

12.8906 1.15988
13.2812 1.15882

13.2812 1.15882
13.6719 1.15779

13.6719 1.15778
14.0625 1.15678

14.0625 1.15678
14.4531 1.15582

14.4531 1.15582
14.8438 1.15491

14.8438 1.1549
15.2344 1.15405

15.2344 1.15405
15.625 1.15326

15.625 1.15326
16.0156 1.15255

16.0156 1.15255
16.4062 1.15192

16.4062 1.15191
16.7969 1.15137

16.7969 1.15137
17.1875 1.15092

17.1875 1.15092
17.5781 1.15056

17.5781 1.15056
17.9688 1.15031

17.9688 1.15031
18.3594 1.15015

18.3594 1.15015
18.75 1.15011

18.75 1.15011
19.1406 1.15016

19.1406 1.15016
19.5312 1.15032

19.5312 1.15032
19.9219 1.15059

19.9219 1.15059
20.3125 1.15095

20.3125 1.15095
20.7031 1.15141

20.7031 1.15141
21.0938 1.15196

21.0938 1.15196
21.4844 1.1526

21.4844 1.1526
21.875 1.15332

21.875 1.15332
22.2656 1.15411

22.2656 1.15412
22.6562 1.15498

22.6562 1.15498
23.0469 1.15589

23.0469 1.1559
23.4375 1.15686

23.4375 1.15686
23.8281 1.15787

23.8281 1.15787
24.2188 1.1589

24.2188 1.15891
24.6094 1.15996

24.6094 1.15996
25 1.16103

25 1.16103
25.3906 1.1621

25.3906 1.1621
25.7812 1.16315

25.7812 1.16315
26.1719 1.16419

26.1719 1.16419
26.5625 1.16519

26.5625 1.16519
26.9531 1.16616

26.9531 1.16616
27.3438 1.16707

27.3438 1.16707
27.7344 1.16793

27.7344 1.16793
28.125 1.16872

28.125 1.16872
28.5156 1.16943

28.5156 1.16943
28.9062 1.17006

28.9062 1.17007
29.2969 1.17061

29.2969 1.17061
29.6875 1.17106

29.6875 1.17107
30.0781 1.17142

30.0781 1.17142
30.4688 1.17168

30.4688 1.17167
30.8594 1.17183

31.6406 1.17181
31.2856 1.17188

31.6406 1.17182
32.0312 1.17166

32.0312 1.17166
32.4219 1.17139

32.4219 1.17139
32.8125 1.17103

32.8125 1.17103
33.2031 1.17057

33.2031 1.17057
33.5938 1.17002

33.5938 1.17001
33.9844 1.16938

33.9844 1.16937
34.375 1.16866

34.375 1.16865
34.7656 1.16786

34.7656 1.16786
35.1562 1.167

35.1562 1.167
35.5469 1.16608

35.5469 1.16608
35.9375 1.16511

35.9375 1.16511
36.3281 1.16411

36.3281 1.1641
36.7188 1.16307

36.7188 1.16307
37.1094 1.16201

37.1094 1.16201
37.5 1.16094

37.5 1.16094
37.8906 1.15988

37.8906 1.15987
38.2812 1.15882

38.2812 1.15882
38.6719 1.15778

38.6719 1.15778
39.0625 1.15678

39.0625 1.15677
39.4531 1.15581

39.4531 1.1558
39.8438 1.15488

39.8438 1.15488
40.2344 1.15402

40.2344 1.15402
40.625 1.15321

40.625 1.15321
41.0156 1.15247

41.0156 1.15247
41.4062 1.15181

41.4062 1.15181
41.7969 1.15122

41.7969 1.15122
42.1875 1.15071

42.1875 1.15071
42.5781 1.15027

42.5781 1.15027
42.9688 1.14991

42.9688 1.14991
43.3594 1.14962

43.3594 1.14962
43.75 1.1494

43.75 1.1494
44.1406 1.14923

44.1406 1.14923
44.5312 1.14911

44.5312 1.14911
44.9219 1.14901

44.9219 1.14902
45.3125 1.14894

45.3125 1.14894
45.7031 1.14885

45.7031 1.14886
46.0938 1.14875

46.0938 1.14875
46.4844 1.14859

46.4844 1.1486
46.875 1.14836

46.875 1.14836
47.2656 1.14802

47.2656 1.14803
47.6562 1.14755

47.6562 1.14756
48.0469 1.14692

48.0469 1.14693
48.4375 1.1461

48.4375 1.14611
48.8281 1.14506

48.8281 1.14507
49.2188 1.14378

49.2188 1.14378
49.6094 1.14222

49.6094 1.14222
50 1.14037

50 1.14037
50.3906 1.1382

50.3906 1.13821
50.7812 1.13571

50.7812 1.13572
51.1719 1.13289

51.1719 1.13289
51.5625 1.12973

51.5625 1.12973
51.9531 1.12623

51.9531 1.12623
52.3438 1.12241

52.3438 1.12241
52.7344 1.11828

52.7344 1.11828
53.125 1.11386

53.125 1.11386
53.5156 1.10918

53.5156 1.10917
53.9062 1.10427

53.9062 1.10426
54.2969 1.09916

54.2969 1.09915
54.6875 1.0939

54.6875 1.09389
55.0781 1.08852

55.0781 1.08851
55.4688 1.08307

55.4688 1.08306
55.8594 1.07759

55.8594 1.07758
56.25 1.07212

56.25 1.07211
56.6406 1.06671

56.6406 1.0667
57.0312 1.06138

57.0312 1.06137
57.4219 1.05617

57.4219 1.05616
57.8125 1.05112

57.8125 1.05111
58.2031 1.04624

58.2031 1.04623
58.5938 1.04156

58.5938 1.04156
58.9844 1.0371

58.9844 1.03709
59.375 1.03286

59.375 1.03286
59.7656 1.02886

59.7656 1.02885
60.1562 1.02509

60.1562 1.02509
60.5469 1.02156

60.5469 1.02156
60.9375 1.01827

60.9375 1.01827
61.3281 1.01521

61.3281 1.01521
61.7188 1.01237

61.7188 1.01238
62.1094 1.00975

62.1094 1.00976
62.5 1.00734

62.5 1.00734
62.8906 1.00512

62.8906 1.00512
63.2812 1.00309

63.2812 1.00309
63.6719 1.00124

63.6719 1.00124
64.0625 0.999553

64.0625 0.999555
64.4531 0.998029

64.4531 0.99803
64.8438 0.996658

64.8438 0.996659
65.2344 0.995433

65.2344 0.995434
65.625 0.994348

65.625 0.99435
66.0156 0.993399

66.0156 0.9934
66.4062 0.992581

66.4062 0.992582
66.7969 0.99189

66.7969 0.991891
67.1875 0.991323

67.1875 0.991324
67.5781 0.990877

67.5781 0.990878
67.9688 0.990549

67.9688 0.990549
68.3594 0.990335

68.3594 0.990336
68.75 0.990234

68.75 0.990235
69.1406 0.990243

69.1406 0.990244
69.5312 0.990358

69.5312 0.990359
69.9219 0.990574

69.9219 0.990576
70.3125 0.99089

70.3125 0.990891
70.7031 0.991298

70.7031 0.991299
71.0938 0.991795

71.0938 0.991797
71.4844 0.992375

71.4844 0.992376
71.875 0.99303

72.4049 0
72.4419 0.390625

72.5346 0.390625
72.4602 0.78125

71.875 1.03918
72.2656 0.947611

72.2656 1.15456
72.6562 0.782287

72.6562 0.811037
72.6676 0.78125

