6.64062 1.17181
6.286 1.17188

6.64062 1.17182
7.03125 1.17166

7.03125 1.17166
7.42188 1.17139

7.42188 1.17139
7.8125 1.17103

7.8125 1.17103
8.20312 1.17057

8.20312 1.17057
8.59375 1.17002

8.59375 1.17001
8.98438 1.16938

8.98438 1.16937
9.375 1.16865

9.375 1.16865
9.76562 1.16786

9.76562 1.16786
10.1562 1.167

10.1562 1.167
10.5469 1.16608

10.5469 1.16608
10.9375 1.16511

10.9375 1.16511
11.3281 1.16411

11.3281 1.1641
11.7188 1.16307

11.7188 1.16307
12.1094 1.16201

12.1094 1.16201
12.5 1.16094

12.5 1.16094
12.8906 1.15988

12.8906 1.15987
13.2812 1.15882

13.2812 1.15882
13.6719 1.15779

13.6719 1.15778
14.0625 1.15678

14.0625 1.15678
14.4531 1.15582

14.4531 1.15582
14.8438 1.1549

14.8438 1.1549
15.2344 1.15405

15.2344 1.15405
15.625 1.15326

15.625 1.15326
16.0156 1.15255

16.0156 1.15255
16.4062 1.15191

16.4062 1.15191
16.7969 1.15137

16.7969 1.15137
17.1875 1.15092

17.1875 1.15092
17.5781 1.15056

17.5781 1.15056
17.9688 1.15031

17.9688 1.1503
18.3594 1.15015

18.3594 1.15015
18.75 1.1501

18.75 1.1501
19.1406 1.15016

19.1406 1.15016
19.5312 1.15032

19.5312 1.15032
19.9219 1.15058

19.9219 1.15059
20.3125 1.15095

20.3125 1.15095
20.7031 1.15141

20.7031 1.15141
21.0938 1.15196

21.0938 1.15196
21.4844 1.1526

21.4844 1.1526
21.875 1.15332

21.875 1.15332
22.2656 1.15411

22.2656 1.15412
22.6562 1.15497

22.6562 1.15498
23.0469 1.15589

23.0469 1.15589
23.4375 1.15686

23.4375 1.15686
23.8281 1.15787

23.8281 1.15787
24.2188 1.1589

24.2188 1.15891
24.6094 1.15996

24.6094 1.15996
25 1.16103

25 1.16103
25.3906 1.1621

25.3906 1.1621
25.7812 1.16315

25.7812 1.16315
26.1719 1.16419

26.1719 1.16419
26.5625 1.16519

26.5625 1.16519
26.9531 1.16616

26.9531 1.16616
27.3438 1.16707

27.3438 1.16707
27.7344 1.16793

27.7344 1.16793
28.125 1.16872

28.125 1.16872
28.5156 1.16943

28.5156 1.16943
28.9062 1.17006

28.9062 1.17006
29.2969 1.17061

29.2969 1.17061
29.6875 1.17106

29.6875 1.17106
30.0781 1.17142

30.0781 1.17142
30.4688 1.17167

30.4688 1.17167
30.8594 1.17183

31.6406 1.17181
31.2858 1.17188

31.6406 1.17182
32.0312 1.17166

32.0312 1.17166
32.4219 1.17139

32.4219 1.17139
32.8125 1.17103

32.8125 1.17103
33.2031 1.17057

33.2031 1.17057
33.5938 1.17002

33.5938 1.17001
33.9844 1.16938

33.9844 1.16937
34.375 1.16865

34.375 1.16865
34.7656 1.16786

34.7656 1.16786
35.1562 1.167

35.1562 1.167
35.5469 1.16608

35.5469 1.16608
35.9375 1.16511

35.9375 1.16511
36.3281 1.16411

36.3281 1.1641
36.7188 1.16307

36.7188 1.16307
37.1094 1.16201

37.1094 1.16201
37.5 1.16094

37.5 1.16094
37.8906 1.15988

37.8906 1.15987
38.2812 1.15882

38.2812 1.15882
38.6719 1.15779

38.6719 1.15778
39.0625 1.15678

39.0625 1.15678
39.4531 1.15582

39.4531 1.15582
39.8438 1.15491

39.8438 1.1549
40.2344 1.15405

40.2344 1.15405
40.625 1.15326

40.625 1.15326
41.0156 1.15255

41.0156 1.15255
41.4062 1.15192

41.4062 1.15191
41.7969 1.15137

41.7969 1.15137
42.1875 1.15092

42.1875 1.15092
42.5781 1.15056

42.5781 1.15056
42.9688 1.15031

42.9688 1.15031
43.3594 1.15015

43.3594 1.15015
43.75 1.15011

43.75 1.15011
44.1406 1.15016

44.1406 1.15016
44.5312 1.15032

44.5312 1.15032
44.9219 1.15059

44.9219 1.15059
45.3125 1.15095

45.3125 1.15095
45.7031 1.15141

45.7031 1.15141
46.0938 1.15196

46.0938 1.15196
46.4844 1.1526

46.4844 1.1526
46.875 1.15332

46.875 1.15332
47.2656 1.15412

47.2656 1.15412
47.6562 1.15498

47.6562 1.15498
48.0469 1.15589

48.0469 1.1559
48.4375 1.15686

48.4375 1.15686
48.8281 1.15787

48.8281 1.15787
49.2188 1.1589

49.2188 1.15891
49.6094 1.15996

49.6094 1.15996
50 1.16103

50 1.16103
50.3906 1.1621

50.3906 1.1621
50.7812 1.16315

50.7812 1.16316
51.1719 1.16419

51.1719 1.16419
51.5625 1.16519

51.5625 1.1652
51.9531 1.16616

51.9531 1.16616
52.3438 1.16707

52.3438 1.16707
52.7344 1.16793

52.7344 1.16793
53.125 1.16872

53.125 1.16872
53.5156 1.16943

53.5156 1.16943
53.9062 1.17006

53.9062 1.17006
54.2969 1.17061

54.2969 1.17061
54.6875 1.17106

54.6875 1.17106
55.0781 1.17141

55.0781 1.17141
55.4688 1.17166

55.4688 1.17166
55.8594 1.17181

55.8594 1.17181
56.25 1.17185

56.25 1.17185
56.6406 1.17178

56.6406 1.17178
57.0312 1.17161

57.0312 1.17161
57.4219 1.17132

57.4219 1.17132
57.8125 1.17093

57.8125 1.17093
58.2031 1.17044

58.2031 1.17044
58.5938 1.16984

58.5938 1.16984
58.9844 1.16915

58.9844 1.16915
59.375 1.16836

59.375 1.16835
59.7656 1.16747

59.7656 1.16747
60.1562 1.1665

60.1562 1.1665
60.5469 1.16544

60.5469 1.16544
60.9375 1.1643

60.9375 1.1643
61.3281 1.16309

61.3281 1.16309
61.7188 1.16179

61.7188 1.16179
62.1094 1.16043

62.1094 1.16043
62.5 1.15899

62.5 1.15899
62.8906 1.15749

62.8906 1.15749
63.2812 1.15591

63.2812 1.15591
63.6719 1.15426

63.6719 1.15426
64.0625 1.15254

64.0625 1.15254
64.4531 1.15075

64.4531 1.15075
64.8438 1.14888

64.8438 1.14888
65.2344 1.14693

65.2344 1.14693
65.625 1.14489

65.625 1.14489
66.0156 1.14277

66.0156 1.14277
66.4062 1.14055

66.4062 1.14055
66.7969 1.13823

66.7969 1.13823
67.1875 1.13581

67.1875 1.13581
67.5781 1.13328

67.5781 1.13328
67.9688 1.13063

67.9688 1.13063
68.3594 1.12787

68.3594 1.12787
68.75 1.125

68.75 1.125
69.1406 1.12201

69.1406 1.122
69.5312 1.1189

69.5312 1.11889
69.9219 1.11567

69.9219 1.11567
70.3125 1.11234

70.3125 1.11234
70.7031 1.1089

70.7031 1.1089
71.0938 1.10537

71.0938 1.10536
71.4844 1.10175

71.4844 1.10174
71.875 1.09805

71.875 1.09805
72.2656 1.0943

72.2656 1.09429
72.6562 1.0905

72.6562 1.09049
73.0469 1.08666

73.0469 1.08666
73.4375 1.08282

73.4375 1.08281
73.8281 1.07897

73.8281 1.07897
74.2188 1.07515

74.2188 1.07514
74.6094 1.07136

74.6094 1.07135
75 1.06762

75 1.06762
75.3906 1.06396

75.3906 1.06396
75.7812 1.06038

75.7812 1.06038
76.1719 1.0569

76.1719 1.0569
76.5625 1.05353

76.5625 1.05353
76.9531 1.05028

76.9531 1.05028
77.3438 1.04716

77.3438 1.04716
77.7344 1.04417

77.7344 1.04417
78.125 1.04132

78.125 1.04132
78.5156 1.03861

78.5156 1.03861
78.9062 1.03603

78.9062 1.03603
79.2969 1.03359

79.2969 1.03359
79.6875 1.03128

79.6875 1.03129
80.0781 1.0291

80.0781 1.0291
80.4688 1.02704

80.4688 1.02704
80.8594 1.02508

80.8594 1.02508
81.25 1.02323

81.25 1.02323
81.6406 1.02146

81.6406 1.02147
82.0312 1.01978

82.0312 1.01979
82.4219 1.01817

82.4219 1.01818
82.8125 1.01663

82.8125 1.01663
83.2031 1.01514

83.2031 1.01514
83.5938 1.01369

83.5938 1.0137
83.9844 1.01229

83.9844 1.01229
84.375 1.01092

84.375 1.01092
84.7656 1.00958

84.7656 1.00958
85.1562 1.00827

85.1562 1.00827
85.5469 1.00698

85.5469 1.00698
85.9375 1.00571

85.9375 1.00571
86.3281 1.00446

86.3281 1.00446
86.7188 1.00324

86.7188 1.00324
87.1094 1.00205

87.1094 1.00205
87.5 1.00088

87.5 1.00088
87.8906 0.999746

87.8906 0.999745
88.2812 0.998649

88.2812 0.998647
88.6719 0.997593

88.6719 0.997592
89.0625 0.996586

89.0625 0.996584
89.4531 0.995631

89.4531 0.99563
89.8438 0.994735

89.8438 0.994734
90.2344 0.993904

90.2344 0.993902
90.625 0.993142

90.625 0.993141
91.0156 0.992456

91.0156 0.992455
91.4062 0.991851

91.4062 0.99185
91.7969 0.99133

91.7969 0.991329
92.1875 0.990898

92.1875 0.990897
92.5781 0.990557

92.5781 0.990557
92.9688 0.990312

92.9688 0.990311
93.3594 0.990162

93.3594 0.990162
93.75 0.99011

93.75 0.99011
94.1406 0.990155

94.1406 0.990155
94.5312 0.990296

94.5312 0.990297
94.9219 0.990533

94.9219 0.990534
95.3125 0.990863

95.3125 0.990864
95.7031 0.991281

95.7031 0.991283
96.0938 0.991785

96.0938 0.991787
96.4844 0.992369

96.4844 1.00858
96.875 0.976815

97.1068 0
97.1445 0.390625

97.2488 0.390625
97.1534 0.78125

96.875 1.13678
97.2656 0.849395

97.2656 1.00273
97.3619 0.78125

