6.64062 1.17181
6.28625 1.17188

6.64062 1.17182
7.03125 1.17166

7.03125 1.17166
7.42188 1.17139

7.42188 1.17139
7.8125 1.17103

7.8125 1.17103
8.20312 1.17057

8.20312 1.17057
8.59375 1.17002

8.59375 1.17001
8.98438 1.16938

8.98438 1.16937
9.375 1.16866

9.375 1.16865
9.76562 1.16786

9.76562 1.16786
10.1562 1.167

10.1562 1.167
10.5469 1.16608

10.5469 1.16608
10.9375 1.16511

10.9375 1.16511
11.3281 1.16411

11.3281 1.1641
11.7188 1.16307

11.7188 1.16307
12.1094 1.16201

12.1094 1.16201
12.5 1.16094

12.5 1.16094
12.8906 1.15988

12.8906 1.15988
13.2812 1.15882

13.2812 1.15882
13.6719 1.15779

13.6719 1.15778
14.0625 1.15678

14.0625 1.15678
14.4531 1.15582

14.4531 1.15582
14.8438 1.15491

14.8438 1.1549
15.2344 1.15405

15.2344 1.15405
15.625 1.15326

15.625 1.15326
16.0156 1.15255

16.0156 1.15255
16.4062 1.15192

16.4062 1.15191
16.7969 1.15137

16.7969 1.15137
17.1875 1.15092

17.1875 1.15092
17.5781 1.15056

17.5781 1.15056
17.9688 1.15031

17.9688 1.15031
18.3594 1.15015

18.3594 1.15015
18.75 1.15011

18.75 1.15011
19.1406 1.15016

19.1406 1.15016
19.5312 1.15032

19.5312 1.15032
19.9219 1.15059

19.9219 1.15059
20.3125 1.15095

20.3125 1.15095
20.7031 1.15141

20.7031 1.15141
21.0938 1.15196

21.0938 1.15196
21.4844 1.1526

21.4844 1.1526
21.875 1.15332

21.875 1.15332
22.2656 1.15412

22.2656 1.15412
22.6562 1.15498

22.6562 1.15498
23.0469 1.15589

23.0469 1.1559
23.4375 1.15686

23.4375 1.15686
23.8281 1.15787

23.8281 1.15787
24.2188 1.1589

24.2188 1.15891
24.6094 1.15996

24.6094 1.15996
25 1.16103

25 1.16103
25.3906 1.1621

25.3906 1.1621
25.7812 1.16315

25.7812 1.16315
26.1719 1.16419

26.1719 1.16419
26.5625 1.16519

26.5625 1.16519
26.9531 1.16616

26.9531 1.16616
27.3438 1.16707

27.3438 1.16707
27.7344 1.16793

27.7344 1.16793
28.125 1.16872

28.125 1.16872
28.5156 1.16943

28.5156 1.16943
28.9062 1.17007

28.9062 1.17007
29.2969 1.17061

29.2969 1.17061
29.6875 1.17106

29.6875 1.17107
30.0781 1.17142

30.0781 1.17142
30.4688 1.17168

30.4688 1.17167
30.8594 1.17184

31.6406 1.17181
31.2863 1.17188

31.6406 1.17182
32.0312 1.17166

32.0312 1.17166
32.4219 1.17139

32.4219 1.17139
32.8125 1.17103

32.8125 1.17103
33.2031 1.17057

33.2031 1.17057
33.5938 1.17002

33.5938 1.17001
33.9844 1.16938

33.9844 1.16937
34.375 1.16865

34.375 1.16865
34.7656 1.16786

34.7656 1.16786
35.1562 1.167

35.1562 1.167
35.5469 1.16608

35.5469 1.16607
35.9375 1.16511

35.9375 1.1651
36.3281 1.16409

36.3281 1.16409
36.7188 1.16305

36.7188 1.16304
37.1094 1.16198

37.1094 1.16197
37.5 1.16089

37.5 1.16089
37.8906 1.1598

37.8906 1.15979
38.2812 1.1587

38.2812 1.1587
38.6719 1.15761

38.6719 1.15761
39.0625 1.15654

39.0625 1.15654
39.4531 1.15548

39.4531 1.15548
39.8438 1.15444

39.8438 1.15444
40.2344 1.15342

40.2344 1.15342
40.625 1.15242

40.625 1.15242
41.0156 1.15144

41.0156 1.15144
41.4062 1.15046

41.4062 1.15046
41.7969 1.14948

41.7969 1.14949
42.1875 1.1485

42.1875 1.1485
42.5781 1.14748

42.5781 1.14749
42.9688 1.14643

42.9688 1.14643
43.3594 1.14531

43.3594 1.14532
43.75 1.14411

43.75 1.14412
44.1406 1.14281

44.1406 1.14281
44.5312 1.14137

44.5312 1.14138
44.9219 1.13979

44.9219 1.1398
45.3125 1.13803

45.3125 1.13803
45.7031 1.13607

45.7031 1.13607
46.0938 1.13389

46.0938 1.13389
46.4844 1.13147

46.4844 1.13148
46.875 1.12881

46.875 1.12881
47.2656 1.12588

47.2656 1.12588
47.6562 1.12268

47.6562 1.12268
48.0469 1.11922

48.0469 1.11922
48.4375 1.1155

48.4375 1.11549
48.8281 1.11153

48.8281 1.11152
49.2188 1.10733

49.2188 1.10732
49.6094 1.10293

49.6094 1.10292
50 1.09834

50 1.09834
50.3906 1.09362

50.3906 1.09361
50.7812 1.08878

50.7812 1.08877
51.1719 1.08388

51.1719 1.08387
51.5625 1.07894

51.5625 1.07893
51.9531 1.07402

51.9531 1.07401
52.3438 1.06914

52.3438 1.06914
52.7344 1.06436

52.7344 1.06435
53.125 1.05969

53.125 1.05968
53.5156 1.05517

53.5156 1.05517
53.9062 1.05083

53.9062 1.05083
54.2969 1.04669

54.2969 1.04668
54.6875 1.04276

54.6875 1.04275
55.0781 1.03905

55.0781 1.03905
55.4688 1.03557

55.4688 1.03557
55.8594 1.03232

55.8594 1.03232
56.25 1.02929

56.25 1.02929
56.6406 1.02648

56.6406 1.02648
57.0312 1.02387

57.0312 1.02387
57.4219 1.02145

57.4219 1.02146
57.8125 1.01922

57.8125 1.01922
58.2031 1.01714

58.2031 1.01714
58.5938 1.0152

58.5938 1.0152
58.9844 1.01339

58.9844 1.01339
59.375 1.01169

59.375 1.0117
59.7656 1.01009

59.7656 1.01009
60.1562 1.00857

60.1562 1.00858
60.5469 1.00713

60.5469 1.00713
60.9375 1.00575

60.9375 1.00575
61.3281 1.00442

61.3281 1.00442
61.7188 1.00315

61.7188 1.00315
62.1094 1.00192

62.1094 1.00192
62.5 1.00073

62.5 1.00073
62.8906 0.999591

62.8906 0.999591
63.2812 0.998496

63.2812 0.998495
63.6719 0.997449

63.6719 0.997448
64.0625 0.996453

64.0625 0.996452
64.4531 0.995512

64.4531 0.995511
64.8438 0.99463

64.8438 0.994629
65.2344 0.993813

65.2344 0.993812
65.625 0.993065

65.625 0.993064
66.0156 0.992392

66.0156 0.992391
66.4062 0.991798

66.4062 0.991797
66.7969 0.991287

66.7969 0.999385
67.1875 0.982764

67.4553 0
67.4931 0.390625

67.5781 0.476113
67.4952 0.78125

67.5781 0.673119
67.5895 0.390625

67.1875 1.12834
67.5781 0.853048

67.5781 1.05649
67.7079 0.78125

