6.64062 1.17181
6.28604 1.17188

6.64062 1.17182
7.03125 1.17166

7.03125 1.17166
7.42188 1.17139

7.42188 1.17139
7.8125 1.17103

7.8125 1.17103
8.20312 1.17057

8.20312 1.17057
8.59375 1.17002

8.59375 1.17001
8.98438 1.16938

8.98438 1.16937
9.375 1.16865

9.375 1.16865
9.76562 1.16786

9.76562 1.16786
10.1562 1.167

10.1562 1.167
10.5469 1.16608

10.5469 1.16608
10.9375 1.16511

10.9375 1.16511
11.3281 1.16411

11.3281 1.1641
11.7188 1.16307

11.7188 1.16307
12.1094 1.16201

12.1094 1.16201
12.5 1.16094

12.5 1.16094
12.8906 1.15988

12.8906 1.15988
13.2812 1.15882

13.2812 1.15882
13.6719 1.15779

13.6719 1.15778
14.0625 1.15678

14.0625 1.15678
14.4531 1.15582

14.4531 1.15582
14.8438 1.15491

14.8438 1.1549
15.2344 1.15405

15.2344 1.15405
15.625 1.15326

15.625 1.15326
16.0156 1.15255

16.0156 1.15255
16.4062 1.15192

16.4062 1.15191
16.7969 1.15137

16.7969 1.15137
17.1875 1.15092

17.1875 1.15092
17.5781 1.15056

17.5781 1.15056
17.9688 1.15031

17.9688 1.15031
18.3594 1.15015

18.3594 1.15015
18.75 1.15011

18.75 1.15011
19.1406 1.15016

19.1406 1.15016
19.5312 1.15032

19.5312 1.15032
19.9219 1.15059

19.9219 1.15059
20.3125 1.15095

20.3125 1.15095
20.7031 1.15141

20.7031 1.15141
21.0938 1.15196

21.0938 1.15196
21.4844 1.1526

21.4844 1.1526
21.875 1.15332

21.875 1.15332
22.2656 1.15412

22.2656 1.15412
22.6562 1.15498

22.6562 1.15498
23.0469 1.15589

23.0469 1.1559
23.4375 1.15686

23.4375 1.15686
23.8281 1.15787

23.8281 1.15787
24.2188 1.1589

24.2188 1.15891
24.6094 1.15996

24.6094 1.15996
25 1.16103

25 1.16103
25.3906 1.1621

25.3906 1.1621
25.7812 1.16315

25.7812 1.16316
26.1719 1.16419

26.1719 1.16419
26.5625 1.16519

26.5625 1.1652
26.9531 1.16616

26.9531 1.16616
27.3438 1.16707

27.3438 1.16707
27.7344 1.16793

27.7344 1.16793
28.125 1.16872

28.125 1.16872
28.5156 1.16943

28.5156 1.16943
28.9062 1.17007

28.9062 1.17007
29.2969 1.17061

29.2969 1.17061
29.6875 1.17106

29.6875 1.17107
30.0781 1.17142

30.0781 1.17142
30.4688 1.17168

30.4688 1.17167
30.8594 1.17184

31.6406 1.17181
31.2863 1.17188

31.6406 1.17182
32.0312 1.17166

32.0312 1.17166
32.4219 1.17139

32.4219 1.17139
32.8125 1.17103

32.8125 1.17103
33.2031 1.17057

33.2031 1.17057
33.5938 1.17002

33.5938 1.17002
33.9844 1.16938

33.9844 1.16938
34.375 1.16866

34.375 1.16866
34.7656 1.16786

34.7656 1.16786
35.1562 1.167

35.1562 1.167
35.5469 1.16608

35.5469 1.16608
35.9375 1.16512

35.9375 1.16511
36.3281 1.16411

36.3281 1.16411
36.7188 1.16307

36.7188 1.16307
37.1094 1.16201

37.1094 1.16201
37.5 1.16094

37.5 1.16094
37.8906 1.15987

37.8906 1.15987
38.2812 1.15881

38.2812 1.1588
38.6719 1.15776

38.6719 1.15776
39.0625 1.15674

39.0625 1.15674
39.4531 1.15576

39.4531 1.15575
39.8438 1.15481

39.8438 1.15481
40.2344 1.15392

40.2344 1.15391
40.625 1.15307

40.625 1.15307
41.0156 1.15228

41.0156 1.15228
41.4062 1.15155

41.4062 1.15155
41.7969 1.15087

41.7969 1.15087
42.1875 1.15025

42.1875 1.15025
42.5781 1.14967

42.5781 1.14967
42.9688 1.14914

42.9688 1.14914
43.3594 1.14863

43.3594 1.14864
43.75 1.14815

43.75 1.14815
44.1406 1.14767

44.1406 1.14767
44.5312 1.14717

44.5312 1.14717
44.9219 1.14663

44.9219 1.14664
45.3125 1.14604

45.3125 1.14604
45.7031 1.14536

45.7031 1.14537
46.0938 1.14457

46.0938 1.14458
46.4844 1.14364

46.4844 1.14365
46.875 1.14255

46.875 1.14256
47.2656 1.14126

47.2656 1.14127
47.6562 1.13976

47.6562 1.13977
48.0469 1.13801

48.0469 1.13802
48.4375 1.136

48.4375 1.13601
48.8281 1.13371

48.8281 1.13372
49.2188 1.13113

49.2188 1.13113
49.6094 1.12824

49.6094 1.12824
50 1.12505

50 1.12505
50.3906 1.12156

50.3906 1.12155
50.7812 1.11777

50.7812 1.11777
51.1719 1.11371

51.1719 1.1137
51.5625 1.10939

51.5625 1.10938
51.9531 1.10484

51.9531 1.10483
52.3438 1.1001

52.3438 1.10009
52.7344 1.09519

52.7344 1.09518
53.125 1.09016

53.125 1.09015
53.5156 1.08504

53.5156 1.08503
53.9062 1.07988

53.9062 1.07987
54.2969 1.07471

54.2969 1.07471
54.6875 1.06959

54.6875 1.06958
55.0781 1.06453

55.0781 1.06452
55.4688 1.05958

55.4688 1.05957
55.8594 1.05477

55.8594 1.05476
56.25 1.05012

56.25 1.05011
56.6406 1.04565

56.6406 1.04565
57.0312 1.04139

57.0312 1.04138
57.4219 1.03733

57.4219 1.03733
57.8125 1.0335

57.8125 1.0335
58.2031 1.02989

58.2031 1.02989
58.5938 1.0265

58.5938 1.0265
58.9844 1.02332

58.9844 1.02332
59.375 1.02035

59.375 1.02036
59.7656 1.01759

59.7656 1.01759
60.1562 1.01502

60.1562 1.01502
60.5469 1.01262

60.5469 1.01262
60.9375 1.01039

60.9375 1.01039
61.3281 1.00832

61.3281 1.00832
61.7188 1.00639

61.7188 1.00639
62.1094 1.0046

62.1094 1.0046
62.5 1.00293

62.5 1.00293
62.8906 1.00137

62.8906 1.00138
63.2812 0.999932

63.2812 0.999933
63.6719 0.998596

63.6719 0.998597
64.0625 0.99736

64.0625 0.997361
64.4531 0.996223

64.4531 0.996224
64.8438 0.995183

64.8438 0.995183
65.2344 0.994237

65.2344 0.994237
65.625 0.993388

65.625 0.993387
66.0156 0.992634

66.0156 0.992633
66.4062 0.991976

66.4062 0.991976
66.7969 0.991417

66.7969 0.991417
67.1875 0.990956

67.1875 0.990956
67.5781 0.990595

67.5781 0.990595
67.9688 0.990335

67.9688 0.990335
68.3594 0.990175

68.3594 0.990175
68.75 0.990116

68.75 0.990116
69.1406 0.990157

69.1406 0.990157
69.5312 0.990296

70.2032 0
70.241 0.390625

70.3125 0.5266
70.241 0.78125

69.5312 0.996124
69.9219 0.984704

69.9219 1.12534
70.3125 0.85605

70.3125 0.757304
70.3303 0.390625

70.3125 1.072
70.4545 0.78125

