6.64062 1.17181
6.28637 1.17188

6.64062 1.17182
7.03125 1.17166

7.03125 1.17166
7.42188 1.17139

7.42188 1.17139
7.8125 1.17103

7.8125 1.17103
8.20312 1.17057

8.20312 1.17057
8.59375 1.17002

8.59375 1.17001
8.98438 1.16938

8.98438 1.16937
9.375 1.16866

9.375 1.16865
9.76562 1.16786

9.76562 1.16786
10.1562 1.167

10.1562 1.167
10.5469 1.16608

10.5469 1.16608
10.9375 1.16511

10.9375 1.16511
11.3281 1.16411

11.3281 1.1641
11.7188 1.16307

11.7188 1.16307
12.1094 1.16201

12.1094 1.16201
12.5 1.16094

12.5 1.16094
12.8906 1.15988

12.8906 1.15988
13.2812 1.15882

13.2812 1.15882
13.6719 1.15779

13.6719 1.15778
14.0625 1.15678

14.0625 1.15678
14.4531 1.15582

14.4531 1.15582
14.8438 1.15491

14.8438 1.1549
15.2344 1.15405

15.2344 1.15405
15.625 1.15326

15.625 1.15326
16.0156 1.15255

16.0156 1.15255
16.4062 1.15192

16.4062 1.15191
16.7969 1.15137

16.7969 1.15137
17.1875 1.15092

17.1875 1.15092
17.5781 1.15056

17.5781 1.15056
17.9688 1.15031

17.9688 1.15031
18.3594 1.15015

18.3594 1.15015
18.75 1.15011

18.75 1.15011
19.1406 1.15016

19.1406 1.15016
19.5312 1.15032

19.5312 1.15032
19.9219 1.15059

19.9219 1.15059
20.3125 1.15095

20.3125 1.15095
20.7031 1.15141

20.7031 1.15141
21.0938 1.15196

21.0938 1.15196
21.4844 1.1526

21.4844 1.1526
21.875 1.15332

21.875 1.15332
22.2656 1.15412

22.2656 1.15412
22.6562 1.15498

22.6562 1.15498
23.0469 1.15589

23.0469 1.1559
23.4375 1.15686

23.4375 1.15686
23.8281 1.15787

23.8281 1.15787
24.2188 1.1589

24.2188 1.15891
24.6094 1.15996

24.6094 1.15996
25 1.16103

25 1.16103
25.3906 1.1621

25.3906 1.1621
25.7812 1.16315

25.7812 1.16315
26.1719 1.16419

26.1719 1.16419
26.5625 1.16519

26.5625 1.16519
26.9531 1.16616

26.9531 1.16616
27.3438 1.16707

27.3438 1.16707
27.7344 1.16793

27.7344 1.16793
28.125 1.16872

28.125 1.16872
28.5156 1.16943

28.5156 1.16943
28.9062 1.17006

28.9062 1.17007
29.2969 1.17061

29.2969 1.17061
29.6875 1.17106

29.6875 1.17106
30.0781 1.17142

30.0781 1.17142
30.4688 1.17168

30.4688 1.17167
30.8594 1.17183

31.6406 1.17181
31.2882 1.17188

31.6406 1.17182
32.0312 1.17166

32.0312 1.17166
32.4219 1.17139

32.4219 1.17139
32.8125 1.17103

32.8125 1.17103
33.2031 1.17057

33.2031 1.17057
33.5938 1.17002

33.5938 1.17002
33.9844 1.16938

33.9844 1.16938
34.375 1.16866

34.375 1.16865
34.7656 1.16786

34.7656 1.16786
35.1562 1.167

35.1562 1.167
35.5469 1.16608

35.5469 1.16608
35.9375 1.16511

35.9375 1.16511
36.3281 1.16411

36.3281 1.1641
36.7188 1.16307

36.7188 1.16307
37.1094 1.16201

37.1094 1.16201
37.5 1.16095

37.5 1.16094
37.8906 1.15988

37.8906 1.15988
38.2812 1.15882

38.2812 1.15882
38.6719 1.15779

38.6719 1.15779
39.0625 1.15678

39.0625 1.15678
39.4531 1.15582

39.4531 1.15582
39.8438 1.15491

39.8438 1.1549
40.2344 1.15405

40.2344 1.15405
40.625 1.15326

40.625 1.15326
41.0156 1.15255

41.0156 1.15255
41.4062 1.15192

41.4062 1.15191
41.7969 1.15137

41.7969 1.15137
42.1875 1.15092

42.1875 1.15092
42.5781 1.15056

42.5781 1.15056
42.9688 1.15031

42.9688 1.15031
43.3594 1.15015

43.3594 1.15015
43.75 1.15011

43.75 1.15011
44.1406 1.15016

44.1406 1.15016
44.5312 1.15032

44.5312 1.15032
44.9219 1.15059

44.9219 1.15059
45.3125 1.15095

45.3125 1.15095
45.7031 1.15141

45.7031 1.15141
46.0938 1.15196

46.0938 1.15196
46.4844 1.1526

46.4844 1.1526
46.875 1.15332

46.875 1.15332
47.2656 1.15412

47.2656 1.15412
47.6562 1.15498

47.6562 1.15498
48.0469 1.15589

48.0469 1.15589
48.4375 1.15686

48.4375 1.15686
48.8281 1.15786

48.8281 1.15787
49.2188 1.1589

49.2188 1.1589
49.6094 1.15995

49.6094 1.15995
50 1.16101

50 1.16101
50.3906 1.16207

50.3906 1.16207
50.7812 1.16311

50.7812 1.16311
51.1719 1.16413

51.1719 1.16413
51.5625 1.16511

51.5625 1.16511
51.9531 1.16605

51.9531 1.16605
52.3438 1.16692

52.3438 1.16692
52.7344 1.16772

52.7344 1.16772
53.125 1.16844

53.125 1.16845
53.5156 1.16907

53.5156 1.16907
53.9062 1.16959

53.9062 1.16959
54.2969 1.16999

54.2969 1.17
54.6875 1.17027

54.6875 1.17027
55.0781 1.1704

55.0781 1.17041
55.4688 1.17039

55.4688 1.17039
55.8594 1.17021

55.8594 1.17021
56.25 1.16985

56.25 1.16985
56.6406 1.16931

56.6406 1.16931
57.0312 1.16856

57.0312 1.16856
57.4219 1.16761

57.4219 1.16761
57.8125 1.16643

57.8125 1.16643
58.2031 1.16502

58.2031 1.16502
58.5938 1.16336

58.5938 1.16337
58.9844 1.16146

58.9844 1.16146
59.375 1.15929

59.375 1.15929
59.7656 1.15685

59.7656 1.15685
60.1562 1.15414

60.1562 1.15414
60.5469 1.15115

60.5469 1.15115
60.9375 1.14788

60.9375 1.14788
61.3281 1.14434

61.3281 1.14434
61.7188 1.14052

61.7188 1.14052
62.1094 1.13644

62.1094 1.13644
62.5 1.13211

62.5 1.13211
62.8906 1.12754

62.8906 1.12753
63.2812 1.12274

63.2812 1.12274
63.6719 1.11775

63.6719 1.11774
64.0625 1.11257

64.0625 1.11256
64.4531 1.10725

64.4531 1.10724
64.8438 1.1018

64.8438 1.10179
65.2344 1.09626

65.2344 1.09625
65.625 1.09067

65.625 1.09066
66.0156 1.08505

66.0156 1.08504
66.4062 1.07944

66.4062 1.07943
66.7969 1.07389

66.7969 1.07388
67.1875 1.06842

67.1875 1.06841
67.5781 1.06306

67.5781 1.06305
67.9688 1.05786

67.9688 1.05785
68.3594 1.05284

68.3594 1.05283
68.75 1.04802

68.75 1.04802
69.1406 1.04344

69.1406 1.04344
69.5312 1.03912

69.5312 1.03912
69.9219 1.03507

69.9219 1.03507
70.3125 1.03132

70.3125 1.03131
70.7031 1.02786

70.7031 1.02786
71.0938 1.02471

71.0938 1.0247
71.4844 1.02186

71.4844 1.02186
71.875 1.01932

71.875 1.01933
72.2656 1.01709

72.2656 1.01709
72.6562 1.01515

72.6562 1.01515
73.0469 1.01349

73.0469 1.0135
73.4375 1.01211

73.4375 1.01211
73.8281 1.01097

73.8281 1.01098
74.2188 1.01007

74.2188 1.01008
74.6094 1.00939

74.6094 1.00939
75 1.00889

75 1.0089
75.3906 1.00857

75.3906 1.00858
75.7812 1.0084

75.7812 1.00841
76.1719 1.00835

76.1719 1.00836
76.5625 1.00841

76.5625 1.00842
76.9531 1.00855

76.9531 1.00856
77.3438 1.00875

77.3438 1.00876
77.7344 1.00899

77.7344 1.009
78.125 1.00926

78.125 1.00926
78.5156 1.00953

78.5156 1.00953
78.9062 1.00979

78.9062 1.00979
79.2969 1.01002

79.2969 1.01003
79.6875 1.01022

79.6875 1.01022
80.0781 1.01037

80.0781 1.01037
80.4688 1.01046

80.4688 1.01046
80.8594 1.01048

80.8594 1.01048
81.25 1.01043

81.25 1.01044
81.6406 1.01031

81.6406 1.01031
82.0312 1.0101

82.0312 1.0101
82.4219 1.00982

82.4219 1.00982
82.8125 1.00945

82.8125 1.00945
83.2031 1.009

83.2031 1.009
83.5938 1.00848

83.5938 1.00847
83.9844 1.00787

83.9844 1.00787
84.375 1.0072

84.375 1.0072
84.7656 1.00647

84.7656 1.00647
85.1562 1.00567

85.1562 1.00567
85.5469 1.00483

85.5469 1.00482
85.9375 1.00393

85.9375 1.00393
86.3281 1.00301

86.3281 1.00301
86.7188 1.00205

86.7188 1.00205
87.1094 1.00108

87.1094 1.00108
87.5 1.0001

88.0361 0
88.074 0.390625

88.1655 0.390625
88.0962 0.78125

87.5 1.04293
87.8906 0.95629

87.8906 1.16246
88.2812 0.792926

88.2812 0.839215
88.3032 0.78125

