6.64062 1.17181
6.28604 1.17188

6.64062 1.17182
7.03125 1.17166

7.03125 1.17166
7.42188 1.17139

7.42188 1.17139
7.8125 1.17103

7.8125 1.17103
8.20312 1.17057

8.20312 1.17057
8.59375 1.17002

8.59375 1.17001
8.98438 1.16938

8.98438 1.16937
9.375 1.16866

9.375 1.16865
9.76562 1.16786

9.76562 1.16786
10.1562 1.167

10.1562 1.167
10.5469 1.16608

10.5469 1.16608
10.9375 1.16511

10.9375 1.16511
11.3281 1.16411

11.3281 1.1641
11.7188 1.16307

11.7188 1.16307
12.1094 1.16201

12.1094 1.16201
12.5 1.16094

12.5 1.16094
12.8906 1.15988

12.8906 1.15988
13.2812 1.15882

13.2812 1.15882
13.6719 1.15779

13.6719 1.15778
14.0625 1.15678

14.0625 1.15678
14.4531 1.15582

14.4531 1.15582
14.8438 1.15491

14.8438 1.1549
15.2344 1.15405

15.2344 1.15405
15.625 1.15326

15.625 1.15326
16.0156 1.15255

16.0156 1.15255
16.4062 1.15191

16.4062 1.15191
16.7969 1.15137

16.7969 1.15137
17.1875 1.15092

17.1875 1.15092
17.5781 1.15056

17.5781 1.15056
17.9688 1.15031

17.9688 1.15031
18.3594 1.15015

18.3594 1.15015
18.75 1.1501

18.75 1.1501
19.1406 1.15016

19.1406 1.15016
19.5312 1.15032

19.5312 1.15032
19.9219 1.15059

19.9219 1.15059
20.3125 1.15095

20.3125 1.15095
20.7031 1.15141

20.7031 1.15141
21.0938 1.15196

21.0938 1.15196
21.4844 1.1526

21.4844 1.1526
21.875 1.15332

21.875 1.15332
22.2656 1.15411

22.2656 1.15412
22.6562 1.15497

22.6562 1.15498
23.0469 1.15589

23.0469 1.1559
23.4375 1.15686

23.4375 1.15686
23.8281 1.15787

23.8281 1.15787
24.2188 1.1589

24.2188 1.15891
24.6094 1.15996

24.6094 1.15996
25 1.16103

25 1.16103
25.3906 1.1621

25.3906 1.1621
25.7812 1.16315

25.7812 1.16315
26.1719 1.16419

26.1719 1.16419
26.5625 1.16519

26.5625 1.16519
26.9531 1.16616

26.9531 1.16616
27.3438 1.16707

27.3438 1.16707
27.7344 1.16793

27.7344 1.16793
28.125 1.16872

28.125 1.16872
28.5156 1.16943

28.5156 1.16943
28.9062 1.17006

28.9062 1.17007
29.2969 1.17061

29.2969 1.17061
29.6875 1.17106

29.6875 1.17106
30.0781 1.17142

30.0781 1.17142
30.4688 1.17167

30.4688 1.17167
30.8594 1.17183

31.6406 1.17181
31.2861 1.17188

31.6406 1.17182
32.0312 1.17166

32.0312 1.17166
32.4219 1.17139

32.4219 1.17139
32.8125 1.17103

32.8125 1.17103
33.2031 1.17057

33.2031 1.17057
33.5938 1.17002

33.5938 1.17001
33.9844 1.16938

33.9844 1.16937
34.375 1.16865

34.375 1.16865
34.7656 1.16786

34.7656 1.16786
35.1562 1.167

35.1562 1.167
35.5469 1.16608

35.5469 1.16608
35.9375 1.16511

35.9375 1.16511
36.3281 1.16411

36.3281 1.1641
36.7188 1.16307

36.7188 1.16307
37.1094 1.16201

37.1094 1.16201
37.5 1.16094

37.5 1.16094
37.8906 1.15988

37.8906 1.15988
38.2812 1.15882

38.2812 1.15882
38.6719 1.15779

38.6719 1.15778
39.0625 1.15678

39.0625 1.15678
39.4531 1.15582

39.4531 1.15582
39.8438 1.15491

39.8438 1.1549
40.2344 1.15405

40.2344 1.15405
40.625 1.15326

40.625 1.15326
41.0156 1.15255

41.0156 1.15255
41.4062 1.15192

41.4062 1.15191
41.7969 1.15137

41.7969 1.15137
42.1875 1.15092

42.1875 1.15092
42.5781 1.15056

42.5781 1.15056
42.9688 1.15031

42.9688 1.15031
43.3594 1.15015

43.3594 1.15015
43.75 1.15011

43.75 1.15011
44.1406 1.15016

44.1406 1.15016
44.5312 1.15032

44.5312 1.15032
44.9219 1.15059

44.9219 1.15059
45.3125 1.15095

45.3125 1.15095
45.7031 1.15141

45.7031 1.15141
46.0938 1.15196

46.0938 1.15196
46.4844 1.1526

46.4844 1.1526
46.875 1.15332

46.875 1.15332
47.2656 1.15412

47.2656 1.15412
47.6562 1.15498

47.6562 1.15498
48.0469 1.15589

48.0469 1.1559
48.4375 1.15686

48.4375 1.15686
48.8281 1.15787

48.8281 1.15787
49.2188 1.15891

49.2188 1.15891
49.6094 1.15996

49.6094 1.15996
50 1.16103

50 1.16103
50.3906 1.1621

50.3906 1.1621
50.7812 1.16315

50.7812 1.16316
51.1719 1.16419

51.1719 1.16419
51.5625 1.16519

51.5625 1.1652
51.9531 1.16616

51.9531 1.16616
52.3438 1.16707

52.3438 1.16707
52.7344 1.16793

52.7344 1.16793
53.125 1.16871

53.125 1.16872
53.5156 1.16943

53.5156 1.16943
53.9062 1.17006

53.9062 1.17006
54.2969 1.1706

54.2969 1.1706
54.6875 1.17105

54.6875 1.17105
55.0781 1.1714

55.0781 1.1714
55.4688 1.17165

55.4688 1.17165
55.8594 1.17179

55.8594 1.1718
56.25 1.17183

56.25 1.17183
56.6406 1.17175

56.6406 1.17175
57.0312 1.17157

57.0312 1.17157
57.4219 1.17128

57.4219 1.17128
57.8125 1.17087

57.8125 1.17087
58.2031 1.17036

58.2031 1.17036
58.5938 1.16974

58.5938 1.16974
58.9844 1.16901

58.9844 1.16901
59.375 1.16819

59.375 1.16819
59.7656 1.16726

59.7656 1.16726
60.1562 1.16624

60.1562 1.16624
60.5469 1.16512

60.5469 1.16512
60.9375 1.1639

60.9375 1.1639
61.3281 1.1626

61.3281 1.1626
61.7188 1.16121

61.7188 1.16121
62.1094 1.15972

62.1094 1.15972
62.5 1.15815

62.5 1.15815
62.8906 1.15649

62.8906 1.15649
63.2812 1.15473

63.2812 1.15473
63.6719 1.15288

63.6719 1.15288
64.0625 1.15094

64.0625 1.15094
64.4531 1.1489

64.4531 1.1489
64.8438 1.14676

64.8438 1.14676
65.2344 1.14451

65.2344 1.14452
65.625 1.14216

65.625 1.14216
66.0156 1.13969

66.0156 1.13969
66.4062 1.13711

66.4062 1.13711
66.7969 1.13441

66.7969 1.13441
67.1875 1.13158

67.1875 1.13158
67.5781 1.12864

67.5781 1.12864
67.9688 1.12557

67.9688 1.12557
68.3594 1.12238

68.3594 1.12238
68.75 1.11907

68.75 1.11907
69.1406 1.11565

69.1406 1.11565
69.5312 1.11212

69.5312 1.11212
69.9219 1.1085

69.9219 1.10849
70.3125 1.10478

70.3125 1.10477
70.7031 1.10098

70.7031 1.10098
71.0938 1.09712

71.0938 1.09711
71.4844 1.0932

71.4844 1.0932
71.875 1.08926

71.875 1.08925
72.2656 1.08529

72.2656 1.08529
72.6562 1.08133

72.6562 1.08132
73.0469 1.07738

73.0469 1.07738
73.4375 1.07347

73.4375 1.07347
73.8281 1.06962

73.8281 1.06961
74.2188 1.06584

74.2188 1.06583
74.6094 1.06214

74.6094 1.06214
75 1.05855

75 1.05855
75.3906 1.05508

75.3906 1.05508
75.7812 1.05174

75.7812 1.05174
76.1719 1.04854

76.1719 1.04854
76.5625 1.04548

76.5625 1.04548
76.9531 1.04258

76.9531 1.04258
77.3438 1.03982

77.3438 1.03982
77.7344 1.03723

77.7344 1.03723
78.125 1.03478

78.125 1.03478
78.5156 1.03249

78.5156 1.03249
78.9062 1.03033

78.9062 1.03034
79.2969 1.02832

79.2969 1.02832
79.6875 1.02643

79.6875 1.02643
80.0781 1.02465

80.0781 1.02466
80.4688 1.02298

80.4688 1.02299
80.8594 1.02141

80.8594 1.02141
81.25 1.01992

81.25 1.01992
81.6406 1.0185

81.6406 1.0185
82.0312 1.01714

82.0312 1.01715
82.4219 1.01583

82.4219 1.01584
82.8125 1.01457

82.8125 1.01457
83.2031 1.01333

83.2031 1.01333
83.5938 1.01212

83.5938 1.01212
83.9844 1.01092

83.9844 1.01092
84.375 1.00974

84.375 1.00974
84.7656 1.00857

84.7656 1.00857
85.1562 1.0074

85.1562 1.0074
85.5469 1.00624

85.5469 1.00624
85.9375 1.00509

85.9375 1.00509
86.3281 1.00395

86.3281 1.00394
86.7188 1.00281

86.7188 1.00281
87.1094 1.00169

87.1094 1.00169
87.5 1.00058

87.5 1.00058
87.8906 0.999503

87.8906 0.999501
88.2812 0.99845

88.2812 0.998449
88.6719 0.997432

88.6719 0.997431
89.0625 0.996456

89.0625 0.996454
89.4531 0.995527

89.4531 0.995525
89.8438 0.994652

89.8438 0.994651
90.2344 0.993838

90.2344 0.993837
90.625 0.993091

90.625 0.993089
91.0156 0.992416

91.0156 0.992415
91.4062 0.99182

91.4062 0.991818
91.7969 0.991306

91.7969 0.991305
92.1875 0.990879

92.1875 0.990879
92.5781 0.990544

92.5781 0.990543
92.9688 0.990301

92.9688 0.990301
93.3594 0.990154

93.3594 0.990154
93.75 0.990104

93.75 0.990104
94.1406 0.990151

94.1406 0.990151
94.5312 0.990294

94.5312 0.990294
94.9219 0.990531

94.9219 0.990532
95.3125 0.990861

95.3125 0.990862
95.7031 0.99128

95.7031 1.08168
96.0938 0.901384

96.1152 0
96.153 0.390625

96.2339 0.390625
96.1855 0.78125

96.0938 1.13641
96.3663 0.78125

