6.64062 1.17181
6.28617 1.17188

6.64062 1.17182
7.03125 1.17166

7.03125 1.17166
7.42188 1.17139

7.42188 1.17139
7.8125 1.17103

7.8125 1.17103
8.20312 1.17057

8.20312 1.17057
8.59375 1.17002

8.59375 1.17001
8.98438 1.16938

8.98438 1.16937
9.375 1.16866

9.375 1.16865
9.76562 1.16786

9.76562 1.16786
10.1562 1.167

10.1562 1.167
10.5469 1.16608

10.5469 1.16608
10.9375 1.16511

10.9375 1.16511
11.3281 1.16411

11.3281 1.1641
11.7188 1.16307

11.7188 1.16307
12.1094 1.16201

12.1094 1.16201
12.5 1.16094

12.5 1.16094
12.8906 1.15988

12.8906 1.15988
13.2812 1.15882

13.2812 1.15882
13.6719 1.15779

13.6719 1.15778
14.0625 1.15678

14.0625 1.15678
14.4531 1.15582

14.4531 1.15582
14.8438 1.15491

14.8438 1.1549
15.2344 1.15405

15.2344 1.15405
15.625 1.15326

15.625 1.15326
16.0156 1.15255

16.0156 1.15255
16.4062 1.15192

16.4062 1.15191
16.7969 1.15137

16.7969 1.15137
17.1875 1.15092

17.1875 1.15092
17.5781 1.15056

17.5781 1.15056
17.9688 1.15031

17.9688 1.15031
18.3594 1.15015

18.3594 1.15015
18.75 1.15011

18.75 1.15011
19.1406 1.15016

19.1406 1.15016
19.5312 1.15032

19.5312 1.15032
19.9219 1.15059

19.9219 1.15059
20.3125 1.15095

20.3125 1.15095
20.7031 1.15141

20.7031 1.15141
21.0938 1.15196

21.0938 1.15196
21.4844 1.1526

21.4844 1.1526
21.875 1.15332

21.875 1.15332
22.2656 1.15412

22.2656 1.15412
22.6562 1.15498

22.6562 1.15498
23.0469 1.15589

23.0469 1.1559
23.4375 1.15686

23.4375 1.15686
23.8281 1.15787

23.8281 1.15787
24.2188 1.1589

24.2188 1.15891
24.6094 1.15996

24.6094 1.15996
25 1.16103

25 1.16103
25.3906 1.1621

25.3906 1.1621
25.7812 1.16315

25.7812 1.16315
26.1719 1.16419

26.1719 1.16419
26.5625 1.16519

26.5625 1.16519
26.9531 1.16616

26.9531 1.16616
27.3438 1.16707

27.3438 1.16707
27.7344 1.16793

27.7344 1.16793
28.125 1.16872

28.125 1.16872
28.5156 1.16943

28.5156 1.16943
28.9062 1.17006

28.9062 1.17007
29.2969 1.17061

29.2969 1.17061
29.6875 1.17106

29.6875 1.17106
30.0781 1.17142

30.0781 1.17142
30.4688 1.17168

30.4688 1.17167
30.8594 1.17183

31.6406 1.17181
31.2862 1.17188

31.6406 1.17182
32.0312 1.17166

32.0312 1.17166
32.4219 1.17139

32.4219 1.17139
32.8125 1.17103

32.8125 1.17103
33.2031 1.17057

33.2031 1.17057
33.5938 1.17002

33.5938 1.17001
33.9844 1.16938

33.9844 1.16937
34.375 1.16866

34.375 1.16865
34.7656 1.16786

34.7656 1.16786
35.1562 1.167

35.1562 1.167
35.5469 1.16608

35.5469 1.16608
35.9375 1.16511

35.9375 1.16511
36.3281 1.16411

36.3281 1.1641
36.7188 1.16307

36.7188 1.16307
37.1094 1.16201

37.1094 1.16201
37.5 1.16094

37.5 1.16094
37.8906 1.15988

37.8906 1.15988
38.2812 1.15882

38.2812 1.15882
38.6719 1.15779

38.6719 1.15778
39.0625 1.15678

39.0625 1.15678
39.4531 1.15582

39.4531 1.15582
39.8438 1.15491

39.8438 1.1549
40.2344 1.15405

40.2344 1.15405
40.625 1.15326

40.625 1.15326
41.0156 1.15255

41.0156 1.15255
41.4062 1.15192

41.4062 1.15191
41.7969 1.15137

41.7969 1.15137
42.1875 1.15092

42.1875 1.15091
42.5781 1.15056

42.5781 1.15056
42.9688 1.1503

42.9688 1.1503
43.3594 1.15015

43.3594 1.15015
43.75 1.15009

43.75 1.15009
44.1406 1.15014

44.1406 1.15014
44.5312 1.15029

44.5312 1.15029
44.9219 1.15054

44.9219 1.15054
45.3125 1.15088

45.3125 1.15089
45.7031 1.15132

45.7031 1.15132
46.0938 1.15183

46.0938 1.15184
46.4844 1.15242

46.4844 1.15243
46.875 1.15308

46.875 1.15308
47.2656 1.15379

47.2656 1.15379
47.6562 1.15454

47.6562 1.15455
48.0469 1.15532

48.0469 1.15532
48.4375 1.15611

48.4375 1.15611
48.8281 1.15689

48.8281 1.1569
49.2188 1.15765

49.2188 1.15765
49.6094 1.15836

49.6094 1.15836
50 1.159

50 1.159
50.3906 1.15954

50.3906 1.15955
50.7812 1.15997

50.7812 1.15998
51.1719 1.16025

51.1719 1.16026
51.5625 1.16036

51.5625 1.16037
51.9531 1.16027

51.9531 1.16028
52.3438 1.15995

52.3438 1.15996
52.7344 1.15937

52.7344 1.15938
53.125 1.15852

53.125 1.15852
53.5156 1.15735

53.5156 1.15736
53.9062 1.15586

53.9062 1.15586
54.2969 1.15402

54.2969 1.15402
54.6875 1.15181

54.6875 1.15181
55.0781 1.14923

55.0781 1.14923
55.4688 1.14626

55.4688 1.14626
55.8594 1.1429

55.8594 1.1429
56.25 1.13917

56.25 1.13916
56.6406 1.13505

56.6406 1.13505
57.0312 1.13057

57.0312 1.13057
57.4219 1.12576

57.4219 1.12575
57.8125 1.12062

57.8125 1.12062
58.2031 1.11521

58.2031 1.1152
58.5938 1.10954

58.5938 1.10953
58.9844 1.10366

58.9844 1.10365
59.375 1.09761

59.375 1.0976
59.7656 1.09144

59.7656 1.09143
60.1562 1.08519

60.1562 1.08518
60.5469 1.07891

60.5469 1.0789
60.9375 1.07264

60.9375 1.07263
61.3281 1.06644

61.3281 1.06643
61.7188 1.06033

61.7188 1.06033
62.1094 1.05438

62.1094 1.05437
62.5 1.0486

62.5 1.04859
62.8906 1.04304

62.8906 1.04303
63.2812 1.03772

63.2812 1.03772
63.6719 1.03267

63.6719 1.03267
64.0625 1.02791

64.0625 1.02791
64.4531 1.02346

64.4531 1.02346
64.8438 1.01932

64.8438 1.01932
65.2344 1.01551

65.2344 1.01551
65.625 1.01202

65.625 1.01202
66.0156 1.00887

66.0156 1.00887
66.4062 1.00603

66.4062 1.00603
66.7969 1.00352

66.7969 1.00352
67.1875 1.00131

67.1875 1.00131
67.5781 0.999403

67.5781 0.999407
67.9688 0.997782

67.9688 0.997785
68.3594 0.996433

68.3594 0.996437
68.75 0.995342

68.75 0.995346
69.1406 0.994493

69.1406 0.994497
69.5312 0.993871

69.5312 0.993875
69.9219 0.993459

69.9219 0.993463
70.3125 0.993242

70.3125 0.993246
70.7031 0.993203

70.7031 0.993207
71.0938 0.993326

71.0938 0.99333
71.4844 0.993596

71.4844 0.9936
71.875 0.993997

71.875 0.994001
72.2656 0.994515

72.2656 0.994519
72.6562 0.995134

72.6562 0.995137
73.0469 0.99584

73.0469 0.995844
73.4375 0.99662

73.4375 0.996623
73.8281 0.997459

73.8281 0.997462
74.2188 0.998344

74.2188 0.998347
74.6094 0.999264

74.6094 0.999267
75 1.0002

75 1.00021
75.3906 1.00116

75.3906 1.00116
75.7812 1.0021

75.7812 1.00211
76.1719 1.00304

76.1719 1.00304
76.5625 1.00395

76.5625 1.00395
76.9531 1.00483

76.9531 1.00483
77.3438 1.00566

77.3438 1.00567
77.7344 1.00645

77.7344 1.00645
78.125 1.00717

78.125 1.00718
78.5156 1.00783

78.5156 1.03529
78.9062 0.980954

79.1003 0
79.1375 0.390625

79.2286 0.390625
79.1577 0.78125

78.9062 1.1682
79.2969 0.836924

79.2969 0.943459
79.3607 0.78125

