6.64062 1.17181
6.28606 1.17188

6.64062 1.17182
7.03125 1.17166

7.03125 1.17166
7.42188 1.17139

7.42188 1.17139
7.8125 1.17103

7.8125 1.17103
8.20312 1.17057

8.20312 1.17057
8.59375 1.17002

8.59375 1.17001
8.98438 1.16938

8.98438 1.16937
9.375 1.16866

9.375 1.16865
9.76562 1.16786

9.76562 1.16786
10.1562 1.167

10.1562 1.167
10.5469 1.16608

10.5469 1.16608
10.9375 1.16511

10.9375 1.16511
11.3281 1.16411

11.3281 1.1641
11.7188 1.16307

11.7188 1.16307
12.1094 1.16201

12.1094 1.16201
12.5 1.16094

12.5 1.16094
12.8906 1.15988

12.8906 1.15988
13.2812 1.15882

13.2812 1.15882
13.6719 1.15779

13.6719 1.15778
14.0625 1.15678

14.0625 1.15678
14.4531 1.15582

14.4531 1.15582
14.8438 1.15491

14.8438 1.1549
15.2344 1.15405

15.2344 1.15405
15.625 1.15326

15.625 1.15326
16.0156 1.15255

16.0156 1.15255
16.4062 1.15192

16.4062 1.15191
16.7969 1.15137

16.7969 1.15137
17.1875 1.15092

17.1875 1.15092
17.5781 1.15056

17.5781 1.15056
17.9688 1.15031

17.9688 1.15031
18.3594 1.15015

18.3594 1.15015
18.75 1.15011

18.75 1.15011
19.1406 1.15016

19.1406 1.15016
19.5312 1.15032

19.5312 1.15032
19.9219 1.15059

19.9219 1.15059
20.3125 1.15095

20.3125 1.15095
20.7031 1.15141

20.7031 1.15141
21.0938 1.15196

21.0938 1.15196
21.4844 1.1526

21.4844 1.1526
21.875 1.15332

21.875 1.15332
22.2656 1.15412

22.2656 1.15412
22.6562 1.15498

22.6562 1.15498
23.0469 1.15589

23.0469 1.1559
23.4375 1.15686

23.4375 1.15686
23.8281 1.15787

23.8281 1.15787
24.2188 1.1589

24.2188 1.15891
24.6094 1.15996

24.6094 1.15996
25 1.16103

25 1.16103
25.3906 1.1621

25.3906 1.1621
25.7812 1.16315

25.7812 1.16316
26.1719 1.16419

26.1719 1.16419
26.5625 1.16519

26.5625 1.1652
26.9531 1.16616

26.9531 1.16616
27.3438 1.16707

27.3438 1.16707
27.7344 1.16793

27.7344 1.16793
28.125 1.16872

28.125 1.16872
28.5156 1.16943

28.5156 1.16943
28.9062 1.17007

28.9062 1.17007
29.2969 1.17061

29.2969 1.17061
29.6875 1.17106

29.6875 1.17107
30.0781 1.17142

30.0781 1.17142
30.4688 1.17168

30.4688 1.17167
30.8594 1.17184

31.6406 1.17181
31.2863 1.17188

31.6406 1.17182
32.0312 1.17166

32.0312 1.17166
32.4219 1.17139

32.4219 1.17139
32.8125 1.17103

32.8125 1.17103
33.2031 1.17057

33.2031 1.17057
33.5938 1.17002

33.5938 1.17002
33.9844 1.16938

33.9844 1.16938
34.375 1.16866

34.375 1.16866
34.7656 1.16786

34.7656 1.16786
35.1562 1.167

35.1562 1.167
35.5469 1.16608

35.5469 1.16608
35.9375 1.16512

35.9375 1.16511
36.3281 1.16411

36.3281 1.16411
36.7188 1.16307

36.7188 1.16307
37.1094 1.16201

37.1094 1.16201
37.5 1.16094

37.5 1.16094
37.8906 1.15987

37.8906 1.15987
38.2812 1.15881

38.2812 1.1588
38.6719 1.15776

38.6719 1.15776
39.0625 1.15674

39.0625 1.15674
39.4531 1.15575

39.4531 1.15575
39.8438 1.15481

39.8438 1.15481
40.2344 1.15391

40.2344 1.15391
40.625 1.15306

40.625 1.15306
41.0156 1.15227

41.0156 1.15227
41.4062 1.15154

41.4062 1.15154
41.7969 1.15086

41.7969 1.15086
42.1875 1.15023

42.1875 1.15023
42.5781 1.14965

42.5781 1.14965
42.9688 1.14911

42.9688 1.14911
43.3594 1.1486

43.3594 1.1486
43.75 1.1481

43.75 1.14811
44.1406 1.14761

44.1406 1.14761
44.5312 1.1471

44.5312 1.1471
44.9219 1.14655

44.9219 1.14655
45.3125 1.14594

45.3125 1.14594
45.7031 1.14524

45.7031 1.14525
46.0938 1.14443

46.0938 1.14444
46.4844 1.14348

46.4844 1.14349
46.875 1.14236

46.875 1.14237
47.2656 1.14105

47.2656 1.14106
47.6562 1.13952

47.6562 1.13952
48.0469 1.13774

48.0469 1.13774
48.4375 1.1357

48.4375 1.1357
48.8281 1.13337

48.8281 1.13338
49.2188 1.13076

49.2188 1.13076
49.6094 1.12783

49.6094 1.12783
50 1.12461

50 1.12461
50.3906 1.12109

50.3906 1.12108
50.7812 1.11727

50.7812 1.11727
51.1719 1.11319

51.1719 1.11318
51.5625 1.10885

51.5625 1.10884
51.9531 1.10428

51.9531 1.10427
52.3438 1.09952

52.3438 1.09951
52.7344 1.0946

52.7344 1.09459
53.125 1.08956

53.125 1.08955
53.5156 1.08445

53.5156 1.08444
53.9062 1.07929

53.9062 1.07928
54.2969 1.07413

54.2969 1.07412
54.6875 1.06902

54.6875 1.06901
55.0781 1.06398

55.0781 1.06397
55.4688 1.05905

55.4688 1.05904
55.8594 1.05426

55.8594 1.05426
56.25 1.04964

56.25 1.04964
56.6406 1.0452

56.6406 1.0452
57.0312 1.04097

57.0312 1.04097
57.4219 1.03695

57.4219 1.03694
57.8125 1.03314

57.8125 1.03314
58.2031 1.02956

58.2031 1.02956
58.5938 1.0262

58.5938 1.0262
58.9844 1.02306

58.9844 1.02306
59.375 1.02012

59.375 1.02012
59.7656 1.01738

59.7656 1.01739
60.1562 1.01483

60.1562 1.01484
60.5469 1.01246

60.5469 1.01246
60.9375 1.01025

60.9375 1.01026
61.3281 1.0082

61.3281 1.0082
61.7188 1.00629

61.7188 1.00629
62.1094 1.00451

62.1094 1.00451
62.5 1.00286

62.5 1.00286
62.8906 1.00132

62.8906 1.00132
63.2812 0.999884

63.2812 0.999886
63.6719 0.998557

63.6719 0.998558
64.0625 0.997329

64.0625 0.997329
64.4531 0.996198

64.4531 0.996198
64.8438 0.995162

64.8438 0.995162
65.2344 0.994221

65.2344 0.994221
65.625 0.993375

65.625 0.993375
66.0156 0.992624

66.0156 0.992624
66.4062 0.991969

66.4062 0.991969
66.7969 0.991411

66.7969 0.991411
67.1875 0.990952

67.1875 0.990952
67.5781 0.990592

67.5781 0.990592
67.9688 0.990333

67.9688 0.990333
68.3594 0.990174

68.3594 0.990174
68.75 0.990115

68.75 0.990115
69.1406 0.990156

69.1406 0.990157
69.5312 0.990296

70.1509 0
70.1886 0.390625

70.294 0.390625
70.1964 0.78125

69.5312 1.00724
69.9219 0.973583

69.9219 1.13385
70.3125 0.846585

70.3125 0.993917
70.4053 0.78125

