6.64062 1.17181
6.28624 1.17188

6.64062 1.17182
7.03125 1.17166

7.03125 1.17166
7.42188 1.17139

7.42188 1.17139
7.8125 1.17103

7.8125 1.17103
8.20312 1.17057

8.20312 1.17057
8.59375 1.17002

8.59375 1.17001
8.98438 1.16938

8.98438 1.16937
9.375 1.16866

9.375 1.16865
9.76562 1.16786

9.76562 1.16786
10.1562 1.167

10.1562 1.167
10.5469 1.16608

10.5469 1.16608
10.9375 1.16511

10.9375 1.16511
11.3281 1.16411

11.3281 1.1641
11.7188 1.16307

11.7188 1.16307
12.1094 1.16201

12.1094 1.16201
12.5 1.16094

12.5 1.16094
12.8906 1.15988

12.8906 1.15988
13.2812 1.15882

13.2812 1.15882
13.6719 1.15779

13.6719 1.15778
14.0625 1.15678

14.0625 1.15678
14.4531 1.15582

14.4531 1.15582
14.8438 1.15491

14.8438 1.1549
15.2344 1.15405

15.2344 1.15405
15.625 1.15326

15.625 1.15326
16.0156 1.15255

16.0156 1.15255
16.4062 1.15192

16.4062 1.15191
16.7969 1.15137

16.7969 1.15137
17.1875 1.15092

17.1875 1.15092
17.5781 1.15056

17.5781 1.15056
17.9688 1.15031

17.9688 1.15031
18.3594 1.15015

18.3594 1.15015
18.75 1.15011

18.75 1.15011
19.1406 1.15016

19.1406 1.15016
19.5312 1.15032

19.5312 1.15032
19.9219 1.15059

19.9219 1.15059
20.3125 1.15095

20.3125 1.15095
20.7031 1.15141

20.7031 1.15141
21.0938 1.15196

21.0938 1.15196
21.4844 1.1526

21.4844 1.1526
21.875 1.15332

21.875 1.15332
22.2656 1.15411

22.2656 1.15412
22.6562 1.15497

22.6562 1.15498
23.0469 1.15589

23.0469 1.1559
23.4375 1.15686

23.4375 1.15686
23.8281 1.15787

23.8281 1.15787
24.2188 1.1589

24.2188 1.15891
24.6094 1.15996

24.6094 1.15996
25 1.16103

25 1.16103
25.3906 1.1621

25.3906 1.1621
25.7812 1.16315

25.7812 1.16315
26.1719 1.16419

26.1719 1.16419
26.5625 1.16519

26.5625 1.16519
26.9531 1.16616

26.9531 1.16616
27.3438 1.16707

27.3438 1.16707
27.7344 1.16793

27.7344 1.16793
28.125 1.16872

28.125 1.16872
28.5156 1.16943

28.5156 1.16943
28.9062 1.17006

28.9062 1.17007
29.2969 1.17061

29.2969 1.17061
29.6875 1.17106

29.6875 1.17106
30.0781 1.17142

30.0781 1.17142
30.4688 1.17168

30.4688 1.17167
30.8594 1.17183

31.6406 1.17181
31.286 1.17188

31.6406 1.17182
32.0312 1.17166

32.0312 1.17166
32.4219 1.17139

32.4219 1.17139
32.8125 1.17103

32.8125 1.17103
33.2031 1.17057

33.2031 1.17057
33.5938 1.17002

33.5938 1.17001
33.9844 1.16938

33.9844 1.16937
34.375 1.16865

34.375 1.16865
34.7656 1.16786

34.7656 1.16786
35.1562 1.167

35.1562 1.167
35.5469 1.16608

35.5469 1.16608
35.9375 1.16511

35.9375 1.16511
36.3281 1.16411

36.3281 1.1641
36.7188 1.16307

36.7188 1.16307
37.1094 1.16201

37.1094 1.16201
37.5 1.16094

37.5 1.16094
37.8906 1.15988

37.8906 1.15988
38.2812 1.15882

38.2812 1.15882
38.6719 1.15779

38.6719 1.15778
39.0625 1.15678

39.0625 1.15678
39.4531 1.15582

39.4531 1.15581
39.8438 1.1549

39.8438 1.1549
40.2344 1.15404

40.2344 1.15404
40.625 1.15325

40.625 1.15324
41.0156 1.15252

41.0156 1.15252
41.4062 1.15188

41.4062 1.15188
41.7969 1.15131

41.7969 1.15131
42.1875 1.15083

42.1875 1.15083
42.5781 1.15044

42.5781 1.15044
42.9688 1.15014

42.9688 1.15014
43.3594 1.14992

43.3594 1.14992
43.75 1.14979

43.75 1.14979
44.1406 1.14974

44.1406 1.14974
44.5312 1.14976

44.5312 1.14976
44.9219 1.14984

44.9219 1.14984
45.3125 1.14997

45.3125 1.14997
45.7031 1.15013

45.7031 1.15014
46.0938 1.15032

46.0938 1.15032
46.4844 1.15051

46.4844 1.15051
46.875 1.15067

46.875 1.15068
47.2656 1.1508

47.2656 1.1508
47.6562 1.15085

47.6562 1.15085
48.0469 1.1508

48.0469 1.15081
48.4375 1.15063

48.4375 1.15064
48.8281 1.1503

48.8281 1.15031
49.2188 1.14978

49.2188 1.14979
49.6094 1.14905

49.6094 1.14906
50 1.14807

50 1.14808
50.3906 1.14682

50.3906 1.14683
50.7812 1.14527

50.7812 1.14528
51.1719 1.14341

51.1719 1.14341
51.5625 1.1412

51.5625 1.14121
51.9531 1.13865

51.9531 1.13865
52.3438 1.13574

52.3438 1.13574
52.7344 1.13248

52.7344 1.13247
53.125 1.12886

53.125 1.12885
53.5156 1.12489

53.5156 1.12489
53.9062 1.1206

53.9062 1.1206
54.2969 1.11601

54.2969 1.116
54.6875 1.11114

54.6875 1.11113
55.0781 1.10603

55.0781 1.10602
55.4688 1.10071

55.4688 1.1007
55.8594 1.09523

55.8594 1.09522
56.25 1.08962

56.25 1.08961
56.6406 1.08393

56.6406 1.08392
57.0312 1.07821

57.0312 1.0782
57.4219 1.0725

57.4219 1.07249
57.8125 1.06683

57.8125 1.06682
58.2031 1.06125

58.2031 1.06124
58.5938 1.0558

58.5938 1.05579
58.9844 1.0505

58.9844 1.05049
59.375 1.04538

59.375 1.04537
59.7656 1.04047

59.7656 1.04047
60.1562 1.03579

60.1562 1.03578
60.5469 1.03134

60.5469 1.03134
60.9375 1.02715

60.9375 1.02715
61.3281 1.02321

61.3281 1.02321
61.7188 1.01953

61.7188 1.01953
62.1094 1.01611

62.1094 1.01611
62.5 1.01294

62.5 1.01295
62.8906 1.01003

62.8906 1.01003
63.2812 1.00736

63.2812 1.00736
63.6719 1.00492

63.6719 1.00492
64.0625 1.00271

64.0625 1.00271
64.4531 1.00071

64.4531 1.00072
64.8438 0.998925

64.8438 0.998927
65.2344 0.997333

65.2344 0.997336
65.625 0.99593

65.625 0.995932
66.0156 0.994705

66.0156 0.994707
66.4062 0.993651

66.4062 0.993653
66.7969 0.99276

66.7969 0.992762
67.1875 0.992025

67.1875 0.992026
67.5781 0.991438

67.5781 0.99144
67.9688 0.990993

67.9688 0.990995
68.3594 0.990685

68.3594 0.990686
68.75 0.990507

68.75 0.990508
69.1406 0.990453

69.1406 0.990454
69.5312 0.990518

69.5312 0.990519
69.9219 0.990695

69.9219 0.990697
70.3125 0.990979

70.3125 0.990981
70.7031 0.991364

70.7031 0.991366
71.0938 0.991843

71.0938 0.991844
71.4844 0.992408

71.4844 0.99241
71.875 0.993054

71.875 0.993056
72.2656 0.993771

72.2656 0.993773
72.6562 0.994553

72.6562 0.994555
73.0469 0.99539

73.0469 0.995392
73.4375 0.996274

74.0015 0
74.039 0.390625

74.1341 0.390625
74.0561 0.78125

73.4375 1.03001
73.8281 0.96346

73.8281 1.15731
74.2188 0.815385

74.2188 0.891371
74.2622 0.78125

