6.64062 1.17181
6.28619 1.17188

6.64062 1.17182
7.03125 1.17166

7.03125 1.17166
7.42188 1.17139

7.42188 1.17139
7.8125 1.17103

7.8125 1.17103
8.20312 1.17057

8.20312 1.17057
8.59375 1.17002

8.59375 1.17001
8.98438 1.16938

8.98438 1.16937
9.375 1.16866

9.375 1.16865
9.76562 1.16786

9.76562 1.16786
10.1562 1.167

10.1562 1.167
10.5469 1.16608

10.5469 1.16608
10.9375 1.16511

10.9375 1.16511
11.3281 1.16411

11.3281 1.1641
11.7188 1.16307

11.7188 1.16307
12.1094 1.16201

12.1094 1.16201
12.5 1.16094

12.5 1.16094
12.8906 1.15988

12.8906 1.15988
13.2812 1.15882

13.2812 1.15882
13.6719 1.15779

13.6719 1.15778
14.0625 1.15678

14.0625 1.15678
14.4531 1.15582

14.4531 1.15582
14.8438 1.15491

14.8438 1.1549
15.2344 1.15405

15.2344 1.15405
15.625 1.15326

15.625 1.15326
16.0156 1.15255

16.0156 1.15255
16.4062 1.15192

16.4062 1.15191
16.7969 1.15137

16.7969 1.15137
17.1875 1.15092

17.1875 1.15092
17.5781 1.15056

17.5781 1.15056
17.9688 1.15031

17.9688 1.15031
18.3594 1.15015

18.3594 1.15015
18.75 1.15011

18.75 1.15011
19.1406 1.15016

19.1406 1.15016
19.5312 1.15032

19.5312 1.15032
19.9219 1.15059

19.9219 1.15059
20.3125 1.15095

20.3125 1.15095
20.7031 1.15141

20.7031 1.15141
21.0938 1.15196

21.0938 1.15196
21.4844 1.1526

21.4844 1.1526
21.875 1.15332

21.875 1.15332
22.2656 1.15411

22.2656 1.15412
22.6562 1.15498

22.6562 1.15498
23.0469 1.15589

23.0469 1.1559
23.4375 1.15686

23.4375 1.15686
23.8281 1.15787

23.8281 1.15787
24.2188 1.1589

24.2188 1.15891
24.6094 1.15996

24.6094 1.15996
25 1.16103

25 1.16103
25.3906 1.1621

25.3906 1.1621
25.7812 1.16315

25.7812 1.16316
26.1719 1.16419

26.1719 1.16419
26.5625 1.16519

26.5625 1.1652
26.9531 1.16616

26.9531 1.16616
27.3438 1.16707

27.3438 1.16708
27.7344 1.16793

27.7344 1.16793
28.125 1.16872

28.125 1.16872
28.5156 1.16943

28.5156 1.16944
28.9062 1.17007

28.9062 1.17007
29.2969 1.17061

29.2969 1.17062
29.6875 1.17107

29.6875 1.17107
30.0781 1.17142

30.0781 1.17142
30.4688 1.17168

30.4688 1.17168
30.8594 1.17184

30.8594 1.17185
31.0938 1.17188

31.6406 1.17182
31.2796 1.17188

31.6406 1.17182
32.0312 1.17166

32.0312 1.17166
32.4219 1.17139

32.4219 1.17139
32.8125 1.17102

32.8125 1.17102
33.2031 1.17055

33.2031 1.17055
33.5938 1.16999

33.5938 1.16999
33.9844 1.16933

33.9844 1.16933
34.375 1.16859

34.375 1.16859
34.7656 1.16776

34.7656 1.16776
35.1562 1.16685

35.1562 1.16684
35.5469 1.16586

35.5469 1.16586
35.9375 1.1648

35.9375 1.1648
36.3281 1.16366

36.3281 1.16366
36.7188 1.16246

36.7188 1.16246
37.1094 1.16118

37.1094 1.16118
37.5 1.15982

37.5 1.15983
37.8906 1.15839

37.8906 1.15839
38.2812 1.15687

38.2812 1.15687
38.6719 1.15525

38.6719 1.15526
39.0625 1.15353

39.0625 1.15353
39.4531 1.15168

39.4531 1.15169
39.8438 1.1497

39.8438 1.1497
40.2344 1.14756

40.2344 1.14757
40.625 1.14525

40.625 1.14526
41.0156 1.14276

41.0156 1.14276
41.4062 1.14006

41.4062 1.14006
41.7969 1.13713

41.7969 1.13713
42.1875 1.13397

42.1875 1.13397
42.5781 1.13056

42.5781 1.13056
42.9688 1.1269

42.9688 1.1269
43.3594 1.12298

43.3594 1.12298
43.75 1.11881

43.75 1.11881
44.1406 1.1144

44.1406 1.11439
44.5312 1.10976

44.5312 1.10975
44.9219 1.10491

44.9219 1.1049
45.3125 1.09988

45.3125 1.09988
45.7031 1.09471

45.7031 1.0947
46.0938 1.08943

46.0938 1.08942
46.4844 1.08409

46.4844 1.08408
46.875 1.07872

46.875 1.07871
47.2656 1.07338

47.2656 1.07337
47.6562 1.06811

47.6562 1.0681
48.0469 1.06296

48.0469 1.06295
48.4375 1.05797

48.4375 1.05796
48.8281 1.05318

48.8281 1.05318
49.2188 1.04863

49.2188 1.04863
49.6094 1.04435

49.6094 1.04434
50 1.04035

50 1.04035
50.3906 1.03666

50.3906 1.03666
50.7812 1.03328

50.7812 1.03328
51.1719 1.03023

51.1719 1.03023
51.5625 1.02749

51.5625 1.02749
51.9531 1.02505

51.9531 1.02506
52.3438 1.02291

52.3438 1.02292
52.7344 1.02105

52.7344 1.02105
53.125 1.01943

53.125 1.01944
53.5156 1.01804

53.5156 1.01805
53.9062 1.01685

53.9062 1.01686
54.2969 1.01583

54.2969 1.01584
54.6875 1.01495

54.6875 1.01496
55.0781 1.01419

55.0781 1.0142
55.4688 1.01351

55.4688 1.01352
55.8594 1.0129

55.8594 1.01291
56.25 1.01233

56.25 1.01233
56.6406 1.01178

56.6406 1.01178
57.0312 1.01123

57.0312 1.01123
57.4219 1.01067

57.4219 1.01067
57.8125 1.01009

57.8125 1.01009
58.2031 1.00947

58.2031 1.00947
58.5938 1.00881

58.5938 1.00881
58.9844 1.00811

58.9844 1.00811
59.375 1.00737

59.375 1.00737
59.7656 1.00658

59.7656 1.00658
60.1562 1.00574

60.1562 1.00574
60.5469 1.00487

60.5469 1.00487
60.9375 1.00396

60.9375 1.00396
61.3281 1.00302

61.3281 1.00302
61.7188 1.00206

62.2699 0
62.3076 0.390625

62.3995 0.390625
62.3286 0.78125

61.7188 1.0399
62.1094 0.963237

62.1094 1.16384
62.5 0.806439

62.5 0.870342
62.5343 0.78125

