6.64062 1.17181
6.2863 1.17188

6.64062 1.17182
7.03125 1.17166

7.03125 1.17166
7.42188 1.17139

7.42188 1.17139
7.8125 1.17103

7.8125 1.17103
8.20312 1.17057

8.20312 1.17057
8.59375 1.17002

8.59375 1.17001
8.98438 1.16938

8.98438 1.16937
9.375 1.16866

9.375 1.16865
9.76562 1.16786

9.76562 1.16786
10.1562 1.167

10.1562 1.167
10.5469 1.16608

10.5469 1.16608
10.9375 1.16511

10.9375 1.16511
11.3281 1.16411

11.3281 1.1641
11.7188 1.16307

11.7188 1.16307
12.1094 1.16201

12.1094 1.16201
12.5 1.16094

12.5 1.16094
12.8906 1.15988

12.8906 1.15988
13.2812 1.15882

13.2812 1.15882
13.6719 1.15779

13.6719 1.15778
14.0625 1.15678

14.0625 1.15678
14.4531 1.15582

14.4531 1.15582
14.8438 1.15491

14.8438 1.1549
15.2344 1.15405

15.2344 1.15405
15.625 1.15326

15.625 1.15326
16.0156 1.15255

16.0156 1.15255
16.4062 1.15192

16.4062 1.15191
16.7969 1.15137

16.7969 1.15137
17.1875 1.15092

17.1875 1.15092
17.5781 1.15056

17.5781 1.15056
17.9688 1.15031

17.9688 1.15031
18.3594 1.15015

18.3594 1.15015
18.75 1.15011

18.75 1.15011
19.1406 1.15016

19.1406 1.15016
19.5312 1.15032

19.5312 1.15032
19.9219 1.15059

19.9219 1.15059
20.3125 1.15095

20.3125 1.15095
20.7031 1.15141

20.7031 1.15141
21.0938 1.15196

21.0938 1.15196
21.4844 1.1526

21.4844 1.1526
21.875 1.15332

21.875 1.15332
22.2656 1.15411

22.2656 1.15412
22.6562 1.15498

22.6562 1.15498
23.0469 1.15589

23.0469 1.1559
23.4375 1.15686

23.4375 1.15686
23.8281 1.15787

23.8281 1.15787
24.2188 1.1589

24.2188 1.15891
24.6094 1.15996

24.6094 1.15996
25 1.16103

25 1.16103
25.3906 1.1621

25.3906 1.1621
25.7812 1.16315

25.7812 1.16315
26.1719 1.16419

26.1719 1.16419
26.5625 1.16519

26.5625 1.16519
26.9531 1.16616

26.9531 1.16616
27.3438 1.16707

27.3438 1.16707
27.7344 1.16793

27.7344 1.16793
28.125 1.16872

28.125 1.16872
28.5156 1.16943

28.5156 1.16943
28.9062 1.17006

28.9062 1.17007
29.2969 1.17061

29.2969 1.17061
29.6875 1.17106

29.6875 1.17107
30.0781 1.17142

30.0781 1.17142
30.4688 1.17168

30.4688 1.17167
30.8594 1.17183

31.6406 1.17181
31.2856 1.17188

31.6406 1.17182
32.0312 1.17166

32.0312 1.17166
32.4219 1.17139

32.4219 1.17139
32.8125 1.17103

32.8125 1.17103
33.2031 1.17057

33.2031 1.17057
33.5938 1.17002

33.5938 1.17001
33.9844 1.16938

33.9844 1.16937
34.375 1.16866

34.375 1.16865
34.7656 1.16786

34.7656 1.16786
35.1562 1.167

35.1562 1.167
35.5469 1.16608

35.5469 1.16608
35.9375 1.16511

35.9375 1.16511
36.3281 1.16411

36.3281 1.1641
36.7188 1.16307

36.7188 1.16307
37.1094 1.16201

37.1094 1.16201
37.5 1.16094

37.5 1.16094
37.8906 1.15988

37.8906 1.15987
38.2812 1.15882

38.2812 1.15882
38.6719 1.15778

38.6719 1.15778
39.0625 1.15678

39.0625 1.15677
39.4531 1.15581

39.4531 1.1558
39.8438 1.15488

39.8438 1.15488
40.2344 1.15402

40.2344 1.15402
40.625 1.15321

40.625 1.15321
41.0156 1.15248

41.0156 1.15247
41.4062 1.15181

41.4062 1.15181
41.7969 1.15122

41.7969 1.15122
42.1875 1.15071

42.1875 1.15071
42.5781 1.15028

42.5781 1.15028
42.9688 1.14992

42.9688 1.14992
43.3594 1.14963

43.3594 1.14963
43.75 1.14941

43.75 1.14941
44.1406 1.14924

44.1406 1.14924
44.5312 1.14912

44.5312 1.14912
44.9219 1.14903

44.9219 1.14904
45.3125 1.14896

45.3125 1.14896
45.7031 1.14888

45.7031 1.14889
46.0938 1.14878

46.0938 1.14878
46.4844 1.14863

46.4844 1.14863
46.875 1.1484

46.875 1.14841
47.2656 1.14808

47.2656 1.14808
47.6562 1.14762

47.6562 1.14762
48.0469 1.147

48.0469 1.14701
48.4375 1.14619

48.4375 1.1462
48.8281 1.14516

48.8281 1.14517
49.2188 1.14389

49.2188 1.1439
49.6094 1.14235

49.6094 1.14235
50 1.14051

50 1.14052
50.3906 1.13836

50.3906 1.13837
50.7812 1.13589

50.7812 1.13589
51.1719 1.13308

51.1719 1.13308
51.5625 1.12993

51.5625 1.12993
51.9531 1.12645

51.9531 1.12645
52.3438 1.12265

52.3438 1.12264
52.7344 1.11853

52.7344 1.11852
53.125 1.11412

53.125 1.11411
53.5156 1.10945

53.5156 1.10944
53.9062 1.10454

53.9062 1.10453
54.2969 1.09944

54.2969 1.09943
54.6875 1.09418

54.6875 1.09417
55.0781 1.0888

55.0781 1.08879
55.4688 1.08335

55.4688 1.08334
55.8594 1.07787

55.8594 1.07786
56.25 1.0724

56.25 1.07239
56.6406 1.06697

56.6406 1.06696
57.0312 1.06163

57.0312 1.06163
57.4219 1.05642

57.4219 1.05641
57.8125 1.05135

57.8125 1.05134
58.2031 1.04646

58.2031 1.04645
58.5938 1.04177

58.5938 1.04176
58.9844 1.03729

58.9844 1.03728
59.375 1.03303

59.375 1.03303
59.7656 1.02902

59.7656 1.02902
60.1562 1.02524

60.1562 1.02524
60.5469 1.0217

60.5469 1.0217
60.9375 1.01839

60.9375 1.01839
61.3281 1.01532

61.3281 1.01532
61.7188 1.01247

61.7188 1.01247
62.1094 1.00984

62.1094 1.00984
62.5 1.00741

62.5 1.00741
62.8906 1.00518

62.8906 1.00518
63.2812 1.00314

63.2812 1.00315
63.6719 1.00128

63.6719 1.00128
64.0625 0.99959

64.0625 0.999592
64.4531 0.99806

64.4531 0.998062
64.8438 0.996684

64.8438 0.996685
65.2344 0.995454

65.2344 0.995456
65.625 0.994366

65.625 0.994367
66.0156 0.993414

66.0156 0.993415
66.4062 0.992593

66.4062 0.992594
66.7969 0.9919

66.7969 0.991901
67.1875 0.991331

67.1875 0.991331
67.5781 0.990883

67.5781 0.990883
67.9688 0.990553

67.9688 0.990554
68.3594 0.990339

68.3594 0.99034
68.75 0.990237

68.75 0.990238
69.1406 0.990245

69.1406 0.990246
69.5312 0.990359

69.5312 0.99036
69.9219 0.990576

69.9219 0.990577
70.3125 0.99089

70.3125 0.990892
70.7031 0.991299

70.7031 0.9913
71.0938 0.991795

71.0938 0.991797
71.4844 0.992375

71.4844 0.992377
71.875 0.993031

72.4285 0
72.4662 0.390625

72.5623 0.390625
72.4832 0.78125

71.875 1.03003
72.2656 0.956761

72.2656 1.15393
72.6562 0.805417

72.6562 0.868063
72.6904 0.78125

