6.64062 1.17181
6.28617 1.17188

6.64062 1.17182
7.03125 1.17166

7.03125 1.17166
7.42188 1.17139

7.42188 1.17139
7.8125 1.17103

7.8125 1.17103
8.20312 1.17057

8.20312 1.17057
8.59375 1.17002

8.59375 1.17001
8.98438 1.16938

8.98438 1.16937
9.375 1.16866

9.375 1.16865
9.76562 1.16786

9.76562 1.16786
10.1562 1.167

10.1562 1.167
10.5469 1.16608

10.5469 1.16608
10.9375 1.16511

10.9375 1.16511
11.3281 1.16411

11.3281 1.1641
11.7188 1.16307

11.7188 1.16307
12.1094 1.16201

12.1094 1.16201
12.5 1.16094

12.5 1.16094
12.8906 1.15988

12.8906 1.15988
13.2812 1.15882

13.2812 1.15882
13.6719 1.15779

13.6719 1.15778
14.0625 1.15678

14.0625 1.15678
14.4531 1.15582

14.4531 1.15582
14.8438 1.15491

14.8438 1.1549
15.2344 1.15405

15.2344 1.15405
15.625 1.15326

15.625 1.15326
16.0156 1.15255

16.0156 1.15255
16.4062 1.15192

16.4062 1.15191
16.7969 1.15137

16.7969 1.15137
17.1875 1.15092

17.1875 1.15092
17.5781 1.15056

17.5781 1.15056
17.9688 1.15031

17.9688 1.15031
18.3594 1.15015

18.3594 1.15015
18.75 1.15011

18.75 1.15011
19.1406 1.15016

19.1406 1.15016
19.5312 1.15032

19.5312 1.15032
19.9219 1.15059

19.9219 1.15059
20.3125 1.15095

20.3125 1.15095
20.7031 1.15141

20.7031 1.15141
21.0938 1.15196

21.0938 1.15196
21.4844 1.1526

21.4844 1.1526
21.875 1.15332

21.875 1.15332
22.2656 1.15412

22.2656 1.15412
22.6562 1.15498

22.6562 1.15498
23.0469 1.15589

23.0469 1.1559
23.4375 1.15686

23.4375 1.15686
23.8281 1.15787

23.8281 1.15787
24.2188 1.1589

24.2188 1.15891
24.6094 1.15996

24.6094 1.15996
25 1.16103

25 1.16103
25.3906 1.1621

25.3906 1.1621
25.7812 1.16315

25.7812 1.16315
26.1719 1.16419

26.1719 1.16419
26.5625 1.16519

26.5625 1.16519
26.9531 1.16616

26.9531 1.16616
27.3438 1.16707

27.3438 1.16707
27.7344 1.16793

27.7344 1.16793
28.125 1.16872

28.125 1.16872
28.5156 1.16943

28.5156 1.16943
28.9062 1.17006

28.9062 1.17007
29.2969 1.17061

29.2969 1.17061
29.6875 1.17106

29.6875 1.17106
30.0781 1.17142

30.0781 1.17142
30.4688 1.17168

30.4688 1.17167
30.8594 1.17183

31.6406 1.17181
31.2855 1.17188

31.6406 1.17182
32.0312 1.17166

32.0312 1.17166
32.4219 1.17139

32.4219 1.17139
32.8125 1.17103

32.8125 1.17103
33.2031 1.17057

33.2031 1.17057
33.5938 1.17002

33.5938 1.17001
33.9844 1.16938

33.9844 1.16937
34.375 1.16866

34.375 1.16865
34.7656 1.16786

34.7656 1.16786
35.1562 1.167

35.1562 1.167
35.5469 1.16608

35.5469 1.16608
35.9375 1.16511

35.9375 1.16511
36.3281 1.16411

36.3281 1.1641
36.7188 1.16307

36.7188 1.16307
37.1094 1.16201

37.1094 1.16201
37.5 1.16094

37.5 1.16094
37.8906 1.15988

37.8906 1.15988
38.2812 1.15882

38.2812 1.15882
38.6719 1.15779

38.6719 1.15778
39.0625 1.15678

39.0625 1.15678
39.4531 1.15582

39.4531 1.15582
39.8438 1.15491

39.8438 1.1549
40.2344 1.15405

40.2344 1.15405
40.625 1.15326

40.625 1.15326
41.0156 1.15254

41.0156 1.15254
41.4062 1.15191

41.4062 1.15191
41.7969 1.15136

41.7969 1.15136
42.1875 1.1509

42.1875 1.1509
42.5781 1.15054

42.5781 1.15054
42.9688 1.15027

42.9688 1.15027
43.3594 1.1501

43.3594 1.1501
43.75 1.15003

43.75 1.15003
44.1406 1.15006

44.1406 1.15006
44.5312 1.15018

44.5312 1.15018
44.9219 1.15039

44.9219 1.15039
45.3125 1.15068

45.3125 1.15068
45.7031 1.15105

45.7031 1.15105
46.0938 1.15148

46.0938 1.15148
46.4844 1.15196

46.4844 1.15197
46.875 1.15248

46.875 1.15249
47.2656 1.15303

47.2656 1.15303
47.6562 1.15358

47.6562 1.15358
48.0469 1.15411

48.0469 1.15411
48.4375 1.1546

48.4375 1.15461
48.8281 1.15503

48.8281 1.15503
49.2188 1.15537

49.2188 1.15537
49.6094 1.15559

49.6094 1.15559
50 1.15566

50 1.15567
50.3906 1.15556

50.3906 1.15557
50.7812 1.15525

50.7812 1.15526
51.1719 1.15471

51.1719 1.15472
51.5625 1.15391

51.5625 1.15392
51.9531 1.15282

51.9531 1.15282
52.3438 1.15141

52.3438 1.15141
52.7344 1.14966

52.7344 1.14966
53.125 1.14756

53.125 1.14756
53.5156 1.14508

53.5156 1.14509
53.9062 1.14223

53.9062 1.14223
54.2969 1.139

54.2969 1.139
54.6875 1.13539

54.6875 1.13539
55.0781 1.13141

55.0781 1.13141
55.4688 1.12708

55.4688 1.12707
55.8594 1.12241

55.8594 1.1224
56.25 1.11743

56.25 1.11742
56.6406 1.11217

56.6406 1.11216
57.0312 1.10666

57.0312 1.10665
57.4219 1.10096

57.4219 1.10095
57.8125 1.09509

57.8125 1.09508
58.2031 1.08911

58.2031 1.0891
58.5938 1.08306

58.5938 1.08305
58.9844 1.07699

58.9844 1.07698
59.375 1.07093

59.375 1.07092
59.7656 1.06494

59.7656 1.06493
60.1562 1.05906

60.1562 1.05905
60.5469 1.05332

60.5469 1.05331
60.9375 1.04776

60.9375 1.04775
61.3281 1.0424

61.3281 1.04239
61.7188 1.03728

61.7188 1.03727
62.1094 1.03241

62.1094 1.03241
62.5 1.02781

62.5 1.02781
62.8906 1.0235

62.8906 1.02349
63.2812 1.01947

63.2812 1.01947
63.6719 1.01575

63.6719 1.01575
64.0625 1.01232

64.0625 1.01232
64.4531 1.00918

64.4531 1.00919
64.8438 1.00634

64.8438 1.00634
65.2344 1.00378

65.2344 1.00378
65.625 1.0015

65.625 1.0015
66.0156 0.999482

66.0156 0.999485
66.4062 0.99772

66.4062 0.997723
66.7969 0.996202

66.7969 0.996205
67.1875 0.994915

67.1875 0.994918
67.5781 0.993849

67.5781 0.993852
67.9688 0.992989

67.9688 0.992992
68.3594 0.992325

68.3594 0.992328
68.75 0.991845

68.75 0.991848
69.1406 0.991536

69.1406 0.991539
69.5312 0.991388

69.5312 0.991391
69.9219 0.991388

69.9219 0.991391
70.3125 0.991527

70.3125 0.99153
70.7031 0.991793

70.7031 0.991796
71.0938 0.992175

71.0938 0.992178
71.4844 0.992664

71.4844 0.992666
71.875 0.993248

71.875 0.993251
72.2656 0.993917

72.2656 0.99392
72.6562 0.994661

72.6562 0.994664
73.0469 0.995469

73.0469 0.995472
73.4375 0.996331

73.4375 0.996334
73.8281 0.997237

73.8281 0.997239
74.2188 0.998175

74.2188 0.998178
74.6094 0.999136

74.6094 0.999139
75 1.00011

75 1.00011
75.3906 1.00109

75.3906 1.00109
75.7812 1.00205

75.7812 1.00206
76.1719 1.003

76.1719 1.08198
76.5625 0.924947

76.6175 0
76.6547 0.390625

76.7335 0.390625
76.6874 0.78125

76.5625 1.15868
76.8728 0.78125

