6.64062 1.17181
6.28648 1.17188

6.64062 1.17182
7.03125 1.17166

7.03125 1.17166
7.42188 1.17139

7.42188 1.17139
7.8125 1.17103

7.8125 1.17103
8.20312 1.17057

8.20312 1.17057
8.59375 1.17002

8.59375 1.17001
8.98438 1.16938

8.98438 1.16937
9.375 1.16866

9.375 1.16865
9.76562 1.16786

9.76562 1.16786
10.1562 1.167

10.1562 1.167
10.5469 1.16608

10.5469 1.16608
10.9375 1.16511

10.9375 1.16511
11.3281 1.16411

11.3281 1.1641
11.7188 1.16307

11.7188 1.16307
12.1094 1.16201

12.1094 1.16201
12.5 1.16094

12.5 1.16094
12.8906 1.15988

12.8906 1.15988
13.2812 1.15882

13.2812 1.15882
13.6719 1.15779

13.6719 1.15778
14.0625 1.15678

14.0625 1.15678
14.4531 1.15582

14.4531 1.15582
14.8438 1.15491

14.8438 1.1549
15.2344 1.15405

15.2344 1.15405
15.625 1.15326

15.625 1.15326
16.0156 1.15255

16.0156 1.15255
16.4062 1.15192

16.4062 1.15191
16.7969 1.15137

16.7969 1.15137
17.1875 1.15092

17.1875 1.15092
17.5781 1.15056

17.5781 1.15056
17.9688 1.15031

17.9688 1.15031
18.3594 1.15015

18.3594 1.15015
18.75 1.15011

18.75 1.15011
19.1406 1.15016

19.1406 1.15016
19.5312 1.15032

19.5312 1.15032
19.9219 1.15059

19.9219 1.15059
20.3125 1.15095

20.3125 1.15095
20.7031 1.15141

20.7031 1.15141
21.0938 1.15196

21.0938 1.15196
21.4844 1.1526

21.4844 1.1526
21.875 1.15332

21.875 1.15332
22.2656 1.15411

22.2656 1.15412
22.6562 1.15498

22.6562 1.15498
23.0469 1.15589

23.0469 1.1559
23.4375 1.15686

23.4375 1.15686
23.8281 1.15787

23.8281 1.15787
24.2188 1.1589

24.2188 1.15891
24.6094 1.15996

24.6094 1.15996
25 1.16103

25 1.16103
25.3906 1.1621

25.3906 1.1621
25.7812 1.16315

25.7812 1.16316
26.1719 1.16419

26.1719 1.16419
26.5625 1.16519

26.5625 1.1652
26.9531 1.16616

26.9531 1.16616
27.3438 1.16707

27.3438 1.16708
27.7344 1.16793

27.7344 1.16793
28.125 1.16872

28.125 1.16872
28.5156 1.16943

28.5156 1.16944
28.9062 1.17007

28.9062 1.17007
29.2969 1.17061

29.2969 1.17061
29.6875 1.17107

29.6875 1.17107
30.0781 1.17142

30.0781 1.17142
30.4688 1.17168

30.4688 1.17168
30.8594 1.17183

30.8594 1.17184
31.1878 1.17188

31.6406 1.17182
31.2644 1.17188

31.6406 1.17182
32.0312 1.17165

32.0312 1.17165
32.4219 1.17138

32.4219 1.17138
32.8125 1.17101

32.8125 1.17101
33.2031 1.17054

33.2031 1.17054
33.5938 1.16997

33.5938 1.16997
33.9844 1.1693

33.9844 1.1693
34.375 1.16854

34.375 1.16854
34.7656 1.16769

34.7656 1.16769
35.1562 1.16675

35.1562 1.16675
35.5469 1.16573

35.5469 1.16573
35.9375 1.16463

35.9375 1.16463
36.3281 1.16344

36.3281 1.16344
36.7188 1.16216

36.7188 1.16216
37.1094 1.16079

37.1094 1.16079
37.5 1.15933

37.5 1.15933
37.8906 1.15776

37.8906 1.15776
38.2812 1.15608

38.2812 1.15608
38.6719 1.15427

38.6719 1.15427
39.0625 1.15231

39.0625 1.15232
39.4531 1.1502

39.4531 1.15021
39.8438 1.14792

39.8438 1.14793
40.2344 1.14545

40.2344 1.14545
40.625 1.14276

40.625 1.14277
41.0156 1.13986

41.0156 1.13986
41.4062 1.13671

41.4062 1.13671
41.7969 1.13331

41.7969 1.13331
42.1875 1.12965

42.1875 1.12965
42.5781 1.12572

42.5781 1.12572
42.9688 1.12154

42.9688 1.12153
43.3594 1.11709

43.3594 1.11709
43.75 1.11241

43.75 1.11241
44.1406 1.10751

44.1406 1.1075
44.5312 1.10241

44.5312 1.1024
44.9219 1.09714

44.9219 1.09713
45.3125 1.09175

45.3125 1.09174
45.7031 1.08628

45.7031 1.08627
46.0938 1.08077

46.0938 1.08076
46.4844 1.07526

46.4844 1.07525
46.875 1.06982

46.875 1.06981
47.2656 1.06448

47.2656 1.06446
47.6562 1.05929

47.6562 1.05928
48.0469 1.05429

48.0469 1.05428
48.4375 1.04953

48.4375 1.04952
48.8281 1.04504

48.8281 1.04503
49.2188 1.04084

49.2188 1.04084
49.6094 1.03696

49.6094 1.03696
50 1.03341

50 1.03341
50.3906 1.03019

50.3906 1.03019
50.7812 1.02731

50.7812 1.02732
51.1719 1.02476

51.1719 1.02477
51.5625 1.02253

51.5625 1.02254
51.9531 1.0206

51.9531 1.0206
52.3438 1.01894

52.3438 1.01895
52.7344 1.01754

52.7344 1.01755
53.125 1.01636

53.125 1.01637
53.5156 1.01538

53.5156 1.01539
53.9062 1.01456

53.9062 1.01457
54.2969 1.01388

54.2969 1.01389
54.6875 1.01331

54.6875 1.01331
55.0781 1.01281

55.0781 1.01282
55.4688 1.01237

55.4688 1.01238
55.8594 1.01196

55.8594 1.01197
56.25 1.01157

56.25 1.01157
56.6406 1.01116

56.6406 1.01117
57.0312 1.01074

57.0312 1.01074
57.4219 1.01028

57.4219 1.01029
57.8125 1.00979

57.8125 1.00979
58.2031 1.00924

58.2031 1.00924
58.5938 1.00864

58.5938 1.00864
58.9844 1.00798

58.9844 1.00798
59.375 1.00727

59.375 1.00727
59.7656 1.00651

59.7656 1.00651
60.1562 1.00569

60.1562 1.00569
60.5469 1.00483

60.5469 1.00483
60.9375 1.00394

61.5349 0
61.5723 0.390625

61.6681 0.390625
61.5888 0.78125

60.9375 1.02733
61.3281 0.979615

61.3281 1.15692
61.7188 0.841596

61.7188 0.963984
61.7933 0.78125

