6.64062 1.17181
6.28623 1.17188

6.64062 1.17182
7.03125 1.17166

7.03125 1.17166
7.42188 1.17139

7.42188 1.17139
7.8125 1.17103

7.8125 1.17103
8.20312 1.17057

8.20312 1.17057
8.59375 1.17002

8.59375 1.17001
8.98438 1.16938

8.98438 1.16937
9.375 1.16866

9.375 1.16865
9.76562 1.16786

9.76562 1.16786
10.1562 1.167

10.1562 1.167
10.5469 1.16608

10.5469 1.16608
10.9375 1.16511

10.9375 1.16511
11.3281 1.16411

11.3281 1.1641
11.7188 1.16307

11.7188 1.16307
12.1094 1.16201

12.1094 1.16201
12.5 1.16094

12.5 1.16094
12.8906 1.15988

12.8906 1.15988
13.2812 1.15882

13.2812 1.15882
13.6719 1.15779

13.6719 1.15778
14.0625 1.15678

14.0625 1.15678
14.4531 1.15582

14.4531 1.15582
14.8438 1.15491

14.8438 1.1549
15.2344 1.15405

15.2344 1.15405
15.625 1.15326

15.625 1.15326
16.0156 1.15255

16.0156 1.15255
16.4062 1.15192

16.4062 1.15191
16.7969 1.15137

16.7969 1.15137
17.1875 1.15092

17.1875 1.15092
17.5781 1.15056

17.5781 1.15056
17.9688 1.15031

17.9688 1.15031
18.3594 1.15015

18.3594 1.15015
18.75 1.15011

18.75 1.15011
19.1406 1.15016

19.1406 1.15016
19.5312 1.15032

19.5312 1.15032
19.9219 1.15059

19.9219 1.15059
20.3125 1.15095

20.3125 1.15095
20.7031 1.15141

20.7031 1.15141
21.0938 1.15196

21.0938 1.15196
21.4844 1.1526

21.4844 1.1526
21.875 1.15332

21.875 1.15332
22.2656 1.15412

22.2656 1.15412
22.6562 1.15498

22.6562 1.15498
23.0469 1.15589

23.0469 1.1559
23.4375 1.15686

23.4375 1.15686
23.8281 1.15787

23.8281 1.15787
24.2188 1.1589

24.2188 1.15891
24.6094 1.15996

24.6094 1.15996
25 1.16103

25 1.16103
25.3906 1.1621

25.3906 1.1621
25.7812 1.16315

25.7812 1.16315
26.1719 1.16419

26.1719 1.16419
26.5625 1.16519

26.5625 1.16519
26.9531 1.16616

26.9531 1.16616
27.3438 1.16707

27.3438 1.16707
27.7344 1.16793

27.7344 1.16793
28.125 1.16872

28.125 1.16872
28.5156 1.16943

28.5156 1.16943
28.9062 1.17007

28.9062 1.17007
29.2969 1.17061

29.2969 1.17061
29.6875 1.17106

29.6875 1.17107
30.0781 1.17142

30.0781 1.17142
30.4688 1.17168

30.4688 1.17167
30.8594 1.17184

31.6406 1.17181
31.2861 1.17188

31.6406 1.17182
32.0312 1.17166

32.0312 1.17166
32.4219 1.17139

32.4219 1.17139
32.8125 1.17103

32.8125 1.17103
33.2031 1.17057

33.2031 1.17057
33.5938 1.17002

33.5938 1.17001
33.9844 1.16938

33.9844 1.16937
34.375 1.16865

34.375 1.16865
34.7656 1.16786

34.7656 1.16786
35.1562 1.167

35.1562 1.167
35.5469 1.16608

35.5469 1.16607
35.9375 1.16511

35.9375 1.1651
36.3281 1.16409

36.3281 1.16409
36.7188 1.16305

36.7188 1.16304
37.1094 1.16197

37.1094 1.16197
37.5 1.16089

37.5 1.16088
37.8906 1.15979

37.8906 1.15979
38.2812 1.1587

38.2812 1.15869
38.6719 1.15761

38.6719 1.1576
39.0625 1.15653

39.0625 1.15653
39.4531 1.15547

39.4531 1.15547
39.8438 1.15442

39.8438 1.15442
40.2344 1.1534

40.2344 1.1534
40.625 1.15239

40.625 1.15239
41.0156 1.15139

41.0156 1.15139
41.4062 1.1504

41.4062 1.15041
41.7969 1.14941

41.7969 1.14942
42.1875 1.14841

42.1875 1.14841
42.5781 1.14737

42.5781 1.14738
42.9688 1.1463

42.9688 1.1463
43.3594 1.14515

43.3594 1.14516
43.75 1.14392

43.75 1.14393
44.1406 1.14258

44.1406 1.14259
44.5312 1.14111

44.5312 1.14112
44.9219 1.13949

44.9219 1.13949
45.3125 1.13768

45.3125 1.13769
45.7031 1.13567

45.7031 1.13568
46.0938 1.13344

46.0938 1.13345
46.4844 1.13098

46.4844 1.13098
46.875 1.12826

46.875 1.12826
47.2656 1.12527

47.2656 1.12527
47.6562 1.12202

47.6562 1.12202
48.0469 1.11851

48.0469 1.11851
48.4375 1.11474

48.4375 1.11474
48.8281 1.11073

48.8281 1.11072
49.2188 1.10649

49.2188 1.10648
49.6094 1.10205

49.6094 1.10204
50 1.09744

50 1.09743
50.3906 1.09269

50.3906 1.09268
50.7812 1.08784

50.7812 1.08783
51.1719 1.08293

51.1719 1.08292
51.5625 1.078

51.5625 1.07799
51.9531 1.07308

51.9531 1.07307
52.3438 1.06822

52.3438 1.06822
52.7344 1.06346

52.7344 1.06345
53.125 1.05882

53.125 1.05882
53.5156 1.05434

53.5156 1.05434
53.9062 1.05004

53.9062 1.05004
54.2969 1.04594

54.2969 1.04594
54.6875 1.04206

54.6875 1.04206
55.0781 1.03841

55.0781 1.0384
55.4688 1.03498

55.4688 1.03498
55.8594 1.03178

55.8594 1.03178
56.25 1.0288

56.25 1.0288
56.6406 1.02604

56.6406 1.02604
57.0312 1.02348

57.0312 1.02348
57.4219 1.02111

57.4219 1.02111
57.8125 1.01891

57.8125 1.01892
58.2031 1.01687

58.2031 1.01688
58.5938 1.01497

58.5938 1.01498
58.9844 1.0132

58.9844 1.0132
59.375 1.01153

59.375 1.01153
59.7656 1.00995

59.7656 1.00996
60.1562 1.00846

60.1562 1.00846
60.5469 1.00703

60.5469 1.00704
60.9375 1.00567

60.9375 1.00567
61.3281 1.00436

61.3281 1.00436
61.7188 1.00309

61.7188 1.0031
62.1094 1.00188

62.1094 1.00188
62.5 1.0007

62.5 1.0007
62.8906 0.999566

62.8906 0.999565
63.2812 0.998477

63.2812 0.998476
63.6719 0.997434

63.6719 0.997433
64.0625 0.996442

64.0625 0.99644
64.4531 0.995503

64.4531 0.995502
64.8438 0.994624

64.8438 0.994623
65.2344 0.993808

65.2344 0.993807
65.625 0.993062

65.625 0.993061
66.0156 0.99239

66.0156 0.992388
66.4062 0.991796

66.4062 0.991795
66.7969 0.991286

66.7969 1.02086
67.1875 0.961291

67.3727 0
67.4105 0.390625

67.5107 0.390625
67.4237 0.78125

67.1875 1.14625
67.5781 0.820377

67.5781 0.911214
67.6313 0.78125

