6.64062 1.17181
6.28636 1.17188

6.64062 1.17182
7.03125 1.17166

7.03125 1.17166
7.42188 1.17139

7.42188 1.17139
7.8125 1.17103

7.8125 1.17103
8.20312 1.17057

8.20312 1.17057
8.59375 1.17002

8.59375 1.17001
8.98438 1.16938

8.98438 1.16937
9.375 1.16866

9.375 1.16865
9.76562 1.16786

9.76562 1.16786
10.1562 1.167

10.1562 1.167
10.5469 1.16608

10.5469 1.16608
10.9375 1.16511

10.9375 1.16511
11.3281 1.16411

11.3281 1.1641
11.7188 1.16307

11.7188 1.16307
12.1094 1.16201

12.1094 1.16201
12.5 1.16094

12.5 1.16094
12.8906 1.15988

12.8906 1.15988
13.2812 1.15882

13.2812 1.15882
13.6719 1.15779

13.6719 1.15778
14.0625 1.15678

14.0625 1.15678
14.4531 1.15582

14.4531 1.15582
14.8438 1.15491

14.8438 1.1549
15.2344 1.15405

15.2344 1.15405
15.625 1.15326

15.625 1.15326
16.0156 1.15255

16.0156 1.15255
16.4062 1.15192

16.4062 1.15191
16.7969 1.15137

16.7969 1.15137
17.1875 1.15092

17.1875 1.15092
17.5781 1.15056

17.5781 1.15056
17.9688 1.15031

17.9688 1.15031
18.3594 1.15015

18.3594 1.15015
18.75 1.15011

18.75 1.15011
19.1406 1.15016

19.1406 1.15016
19.5312 1.15032

19.5312 1.15032
19.9219 1.15059

19.9219 1.15059
20.3125 1.15095

20.3125 1.15095
20.7031 1.15141

20.7031 1.15141
21.0938 1.15196

21.0938 1.15196
21.4844 1.1526

21.4844 1.1526
21.875 1.15332

21.875 1.15332
22.2656 1.15412

22.2656 1.15412
22.6562 1.15498

22.6562 1.15498
23.0469 1.15589

23.0469 1.1559
23.4375 1.15686

23.4375 1.15686
23.8281 1.15787

23.8281 1.15787
24.2188 1.1589

24.2188 1.15891
24.6094 1.15996

24.6094 1.15996
25 1.16103

25 1.16103
25.3906 1.1621

25.3906 1.1621
25.7812 1.16315

25.7812 1.16316
26.1719 1.16419

26.1719 1.16419
26.5625 1.16519

26.5625 1.1652
26.9531 1.16616

26.9531 1.16616
27.3438 1.16707

27.3438 1.16707
27.7344 1.16793

27.7344 1.16793
28.125 1.16872

28.125 1.16872
28.5156 1.16943

28.5156 1.16943
28.9062 1.17007

28.9062 1.17007
29.2969 1.17061

29.2969 1.17061
29.6875 1.17107

29.6875 1.17107
30.0781 1.17142

30.0781 1.17142
30.4688 1.17168

30.4688 1.17167
30.8594 1.17184

31.6406 1.17181
31.2862 1.17188

31.6406 1.17182
32.0312 1.17166

32.0312 1.17166
32.4219 1.17139

32.4219 1.17139
32.8125 1.17103

32.8125 1.17103
33.2031 1.17057

33.2031 1.17057
33.5938 1.17002

33.5938 1.17001
33.9844 1.16938

33.9844 1.16937
34.375 1.16865

34.375 1.16865
34.7656 1.16786

34.7656 1.16786
35.1562 1.167

35.1562 1.16699
35.5469 1.16607

35.5469 1.16607
35.9375 1.1651

35.9375 1.1651
36.3281 1.16408

36.3281 1.16408
36.7188 1.16303

36.7188 1.16303
37.1094 1.16196

37.1094 1.16195
37.5 1.16086

37.5 1.16086
37.8906 1.15976

37.8906 1.15975
38.2812 1.15865

38.2812 1.15864
38.6719 1.15754

38.6719 1.15754
39.0625 1.15644

39.0625 1.15644
39.4531 1.15534

39.4531 1.15534
39.8438 1.15426

39.8438 1.15426
40.2344 1.15319

40.2344 1.15319
40.625 1.15212

40.625 1.15212
41.0156 1.15105

41.0156 1.15105
41.4062 1.14997

41.4062 1.14997
41.7969 1.14887

41.7969 1.14888
42.1875 1.14774

42.1875 1.14775
42.5781 1.14656

42.5781 1.14657
42.9688 1.14531

42.9688 1.14532
43.3594 1.14397

43.3594 1.14398
43.75 1.14252

43.75 1.14253
44.1406 1.14094

44.1406 1.14095
44.5312 1.1392

44.5312 1.13921
44.9219 1.13728

44.9219 1.13729
45.3125 1.13516

45.3125 1.13517
45.7031 1.13282

45.7031 1.13283
46.0938 1.13025

46.0938 1.13025
46.4844 1.12742

46.4844 1.12743
46.875 1.12434

46.875 1.12434
47.2656 1.121

47.2656 1.121
47.6562 1.1174

47.6562 1.1174
48.0469 1.11355

48.0469 1.11355
48.4375 1.10947

48.4375 1.10946
48.8281 1.10517

48.8281 1.10516
49.2188 1.10068

49.2188 1.10067
49.6094 1.09603

49.6094 1.09602
50 1.09126

50 1.09125
50.3906 1.08639

50.3906 1.08638
50.7812 1.08148

50.7812 1.08147
51.1719 1.07656

51.1719 1.07655
51.5625 1.07167

51.5625 1.07166
51.9531 1.06685

51.9531 1.06684
52.3438 1.06214

52.3438 1.06213
52.7344 1.05757

52.7344 1.05756
53.125 1.05316

53.125 1.05315
53.5156 1.04895

53.5156 1.04894
53.9062 1.04494

53.9062 1.04494
54.2969 1.04117

54.2969 1.04116
54.6875 1.03762

54.6875 1.03762
55.0781 1.03431

55.0781 1.03431
55.4688 1.03123

55.4688 1.03123
55.8594 1.02838

55.8594 1.02838
56.25 1.02574

56.25 1.02574
56.6406 1.02331

56.6406 1.02331
57.0312 1.02106

57.0312 1.02107
57.4219 1.01899

57.4219 1.01899
57.8125 1.01706

57.8125 1.01707
58.2031 1.01528

58.2031 1.01528
58.5938 1.0136

58.5938 1.01361
58.9844 1.01203

58.9844 1.01204
59.375 1.01055

59.375 1.01055
59.7656 1.00913

59.7656 1.00914
60.1562 1.00778

60.1562 1.00778
60.5469 1.00648

60.5469 1.00648
60.9375 1.00521

60.9375 1.00522
61.3281 1.00399

61.3281 1.00399
61.7188 1.0028

61.7188 1.0028
62.1094 1.00164

62.1094 1.00164
62.5 1.00052

62.5 1.00052
62.8906 0.999424

62.8906 0.999423
63.2812 0.998368

63.2812 0.998367
63.6719 0.997351

63.6719 0.99735
64.0625 0.996379

64.0625 0.996378
64.4531 0.995457

64.4531 0.995456
64.8438 0.99459

64.8438 0.994589
65.2344 0.993785

65.2344 0.993783
65.625 0.993045

65.625 0.993044
66.0156 0.992379

66.0156 0.992377
66.4062 0.991789

66.8172 0
66.855 0.390625

66.9359 0.390625
66.8875 0.78125

66.4062 1.08252
66.7969 0.900544

66.7969 1.13526
67.0676 0.78125

