6.64062 1.17181
6.286 1.17188

6.64062 1.17182
7.03125 1.17166

7.03125 1.17166
7.42188 1.17139

7.42188 1.17139
7.8125 1.17103

7.8125 1.17103
8.20312 1.17057

8.20312 1.17057
8.59375 1.17002

8.59375 1.17001
8.98438 1.16938

8.98438 1.16937
9.375 1.16865

9.375 1.16865
9.76562 1.16786

9.76562 1.16786
10.1562 1.167

10.1562 1.167
10.5469 1.16608

10.5469 1.16608
10.9375 1.16511

10.9375 1.16511
11.3281 1.16411

11.3281 1.1641
11.7188 1.16307

11.7188 1.16307
12.1094 1.16201

12.1094 1.16201
12.5 1.16094

12.5 1.16094
12.8906 1.15988

12.8906 1.15987
13.2812 1.15882

13.2812 1.15882
13.6719 1.15779

13.6719 1.15778
14.0625 1.15678

14.0625 1.15678
14.4531 1.15582

14.4531 1.15582
14.8438 1.1549

14.8438 1.1549
15.2344 1.15405

15.2344 1.15405
15.625 1.15326

15.625 1.15326
16.0156 1.15255

16.0156 1.15255
16.4062 1.15191

16.4062 1.15191
16.7969 1.15137

16.7969 1.15137
17.1875 1.15092

17.1875 1.15092
17.5781 1.15056

17.5781 1.15056
17.9688 1.15031

17.9688 1.1503
18.3594 1.15015

18.3594 1.15015
18.75 1.1501

18.75 1.1501
19.1406 1.15016

19.1406 1.15016
19.5312 1.15032

19.5312 1.15032
19.9219 1.15058

19.9219 1.15059
20.3125 1.15095

20.3125 1.15095
20.7031 1.15141

20.7031 1.15141
21.0938 1.15196

21.0938 1.15196
21.4844 1.1526

21.4844 1.1526
21.875 1.15332

21.875 1.15332
22.2656 1.15411

22.2656 1.15412
22.6562 1.15497

22.6562 1.15498
23.0469 1.15589

23.0469 1.15589
23.4375 1.15686

23.4375 1.15686
23.8281 1.15787

23.8281 1.15787
24.2188 1.1589

24.2188 1.15891
24.6094 1.15996

24.6094 1.15996
25 1.16103

25 1.16103
25.3906 1.1621

25.3906 1.1621
25.7812 1.16315

25.7812 1.16315
26.1719 1.16419

26.1719 1.16419
26.5625 1.16519

26.5625 1.16519
26.9531 1.16616

26.9531 1.16616
27.3438 1.16707

27.3438 1.16707
27.7344 1.16793

27.7344 1.16793
28.125 1.16872

28.125 1.16872
28.5156 1.16943

28.5156 1.16943
28.9062 1.17006

28.9062 1.17006
29.2969 1.17061

29.2969 1.17061
29.6875 1.17106

29.6875 1.17106
30.0781 1.17142

30.0781 1.17142
30.4688 1.17167

30.4688 1.17167
30.8594 1.17183

31.6406 1.17181
31.2858 1.17188

31.6406 1.17182
32.0312 1.17166

32.0312 1.17166
32.4219 1.17139

32.4219 1.17139
32.8125 1.17103

32.8125 1.17103
33.2031 1.17057

33.2031 1.17057
33.5938 1.17002

33.5938 1.17001
33.9844 1.16938

33.9844 1.16937
34.375 1.16865

34.375 1.16865
34.7656 1.16786

34.7656 1.16786
35.1562 1.167

35.1562 1.167
35.5469 1.16608

35.5469 1.16608
35.9375 1.16511

35.9375 1.16511
36.3281 1.16411

36.3281 1.1641
36.7188 1.16307

36.7188 1.16307
37.1094 1.16201

37.1094 1.16201
37.5 1.16094

37.5 1.16094
37.8906 1.15988

37.8906 1.15987
38.2812 1.15882

38.2812 1.15882
38.6719 1.15779

38.6719 1.15778
39.0625 1.15678

39.0625 1.15678
39.4531 1.15582

39.4531 1.15582
39.8438 1.15491

39.8438 1.1549
40.2344 1.15405

40.2344 1.15405
40.625 1.15326

40.625 1.15326
41.0156 1.15255

41.0156 1.15255
41.4062 1.15192

41.4062 1.15191
41.7969 1.15137

41.7969 1.15137
42.1875 1.15092

42.1875 1.15092
42.5781 1.15056

42.5781 1.15056
42.9688 1.15031

42.9688 1.15031
43.3594 1.15015

43.3594 1.15015
43.75 1.15011

43.75 1.15011
44.1406 1.15016

44.1406 1.15016
44.5312 1.15032

44.5312 1.15032
44.9219 1.15059

44.9219 1.15059
45.3125 1.15095

45.3125 1.15095
45.7031 1.15141

45.7031 1.15141
46.0938 1.15196

46.0938 1.15196
46.4844 1.1526

46.4844 1.1526
46.875 1.15332

46.875 1.15332
47.2656 1.15412

47.2656 1.15412
47.6562 1.15498

47.6562 1.15498
48.0469 1.15589

48.0469 1.1559
48.4375 1.15686

48.4375 1.15686
48.8281 1.15787

48.8281 1.15787
49.2188 1.1589

49.2188 1.15891
49.6094 1.15996

49.6094 1.15996
50 1.16103

50 1.16103
50.3906 1.1621

50.3906 1.1621
50.7812 1.16315

50.7812 1.16316
51.1719 1.16419

51.1719 1.16419
51.5625 1.16519

51.5625 1.1652
51.9531 1.16616

51.9531 1.16616
52.3438 1.16707

52.3438 1.16707
52.7344 1.16793

52.7344 1.16793
53.125 1.16872

53.125 1.16872
53.5156 1.16943

53.5156 1.16943
53.9062 1.17006

53.9062 1.17006
54.2969 1.17061

54.2969 1.17061
54.6875 1.17106

54.6875 1.17106
55.0781 1.17141

55.0781 1.17141
55.4688 1.17166

55.4688 1.17166
55.8594 1.17181

55.8594 1.17181
56.25 1.17185

56.25 1.17185
56.6406 1.17178

56.6406 1.17178
57.0312 1.17161

57.0312 1.17161
57.4219 1.17133

57.4219 1.17132
57.8125 1.17094

57.8125 1.17094
58.2031 1.17044

58.2031 1.17044
58.5938 1.16985

58.5938 1.16985
58.9844 1.16915

58.9844 1.16915
59.375 1.16836

59.375 1.16836
59.7656 1.16748

59.7656 1.16748
60.1562 1.16651

60.1562 1.16651
60.5469 1.16546

60.5469 1.16546
60.9375 1.16432

60.9375 1.16432
61.3281 1.16311

61.3281 1.16311
61.7188 1.16182

61.7188 1.16182
62.1094 1.16046

62.1094 1.16046
62.5 1.15903

62.5 1.15903
62.8906 1.15753

62.8906 1.15753
63.2812 1.15597

63.2812 1.15597
63.6719 1.15433

63.6719 1.15433
64.0625 1.15262

64.0625 1.15262
64.4531 1.15084

64.4531 1.15084
64.8438 1.14899

64.8438 1.14899
65.2344 1.14705

65.2344 1.14705
65.625 1.14503

65.625 1.14503
66.0156 1.14292

66.0156 1.14293
66.4062 1.14073

66.4062 1.14073
66.7969 1.13843

66.7969 1.13843
67.1875 1.13603

67.1875 1.13603
67.5781 1.13352

67.5781 1.13352
67.9688 1.1309

67.9688 1.1309
68.3594 1.12816

68.3594 1.12816
68.75 1.12531

68.75 1.12531
69.1406 1.12234

69.1406 1.12234
69.5312 1.11926

69.5312 1.11926
69.9219 1.11606

69.9219 1.11606
70.3125 1.11275

70.3125 1.11275
70.7031 1.10933

70.7031 1.10933
71.0938 1.10582

71.0938 1.10582
71.4844 1.10222

71.4844 1.10222
71.875 1.09854

71.875 1.09854
72.2656 1.0948

72.2656 1.0948
72.6562 1.09101

72.6562 1.09101
73.0469 1.08719

73.0469 1.08718
73.4375 1.08335

73.4375 1.08334
73.8281 1.0795

73.8281 1.0795
74.2188 1.07568

74.2188 1.07568
74.6094 1.07189

74.6094 1.07189
75 1.06815

75 1.06815
75.3906 1.06448

75.3906 1.06448
75.7812 1.06089

75.7812 1.06089
76.1719 1.0574

76.1719 1.05739
76.5625 1.05401

76.5625 1.05401
76.9531 1.05074

76.9531 1.05074
77.3438 1.0476

77.3438 1.0476
77.7344 1.04459

77.7344 1.04459
78.125 1.04172

78.125 1.04172
78.5156 1.03898

78.5156 1.03898
78.9062 1.03638

78.9062 1.03638
79.2969 1.03392

79.2969 1.03392
79.6875 1.03159

79.6875 1.03159
80.0781 1.02938

80.0781 1.02938
80.4688 1.02729

80.4688 1.02729
80.8594 1.02531

80.8594 1.02532
81.25 1.02344

81.25 1.02344
81.6406 1.02165

81.6406 1.02166
82.0312 1.01995

82.0312 1.01996
82.4219 1.01833

82.4219 1.01833
82.8125 1.01676

82.8125 1.01677
83.2031 1.01526

83.2031 1.01526
83.5938 1.0138

83.5938 1.0138
83.9844 1.01238

83.9844 1.01238
84.375 1.011

84.375 1.011
84.7656 1.00965

84.7656 1.00965
85.1562 1.00833

85.1562 1.00833
85.5469 1.00703

85.5469 1.00703
85.9375 1.00575

85.9375 1.00575
86.3281 1.0045

86.3281 1.0045
86.7188 1.00327

86.7188 1.00327
87.1094 1.00207

87.1094 1.00207
87.5 1.0009

87.5 1.0009
87.8906 0.999763

87.8906 0.999762
88.2812 0.998663

88.2812 0.998662
88.6719 0.997605

88.6719 0.997604
89.0625 0.996595

89.0625 0.996594
89.4531 0.995639

89.4531 0.995637
89.8438 0.994741

89.8438 0.99474
90.2344 0.993909

90.2344 0.993907
90.625 0.993146

90.625 0.993145
91.0156 0.992459

91.0156 0.992458
91.4062 0.991853

91.4062 0.991852
91.7969 0.991332

91.7969 0.991331
92.1875 0.990899

92.1875 0.990898
92.5781 0.990558

92.5781 0.990558
92.9688 0.990312

92.9688 0.990312
93.3594 0.990163

93.3594 0.990163
93.75 0.99011

93.75 0.99011
94.1406 0.990155

94.1406 0.990155
94.5312 0.990297

94.5312 0.990297
94.9219 0.990533

94.9219 0.990534
95.3125 0.990863

95.3125 0.990864
95.7031 0.991281

95.7031 0.991283
96.0938 0.991785

96.0938 0.991787
96.4844 0.99237

96.4844 0.997055
96.875 0.988344

97.1641 0
97.2018 0.390625

97.2656 0.551571
97.2019 0.78125

97.2865 0.390625
97.2677 0.78125

96.875 1.1265
97.2656 0.86029

97.2656 1.08396
97.4158 0.78125

