6.64062 1.17181
6.28602 1.17188

6.64062 1.17182
7.03125 1.17166

7.03125 1.17166
7.42188 1.17139

7.42188 1.17139
7.8125 1.17103

7.8125 1.17103
8.20312 1.17057

8.20312 1.17057
8.59375 1.17002

8.59375 1.17001
8.98438 1.16938

8.98438 1.16937
9.375 1.16866

9.375 1.16865
9.76562 1.16786

9.76562 1.16786
10.1562 1.167

10.1562 1.167
10.5469 1.16608

10.5469 1.16608
10.9375 1.16511

10.9375 1.16511
11.3281 1.16411

11.3281 1.1641
11.7188 1.16307

11.7188 1.16307
12.1094 1.16201

12.1094 1.16201
12.5 1.16094

12.5 1.16094
12.8906 1.15988

12.8906 1.15988
13.2812 1.15882

13.2812 1.15882
13.6719 1.15779

13.6719 1.15778
14.0625 1.15678

14.0625 1.15678
14.4531 1.15582

14.4531 1.15582
14.8438 1.15491

14.8438 1.1549
15.2344 1.15405

15.2344 1.15405
15.625 1.15326

15.625 1.15326
16.0156 1.15255

16.0156 1.15255
16.4062 1.15191

16.4062 1.15191
16.7969 1.15137

16.7969 1.15137
17.1875 1.15092

17.1875 1.15092
17.5781 1.15056

17.5781 1.15056
17.9688 1.15031

17.9688 1.15031
18.3594 1.15015

18.3594 1.15015
18.75 1.1501

18.75 1.1501
19.1406 1.15016

19.1406 1.15016
19.5312 1.15032

19.5312 1.15032
19.9219 1.15059

19.9219 1.15059
20.3125 1.15095

20.3125 1.15095
20.7031 1.15141

20.7031 1.15141
21.0938 1.15196

21.0938 1.15196
21.4844 1.1526

21.4844 1.1526
21.875 1.15332

21.875 1.15332
22.2656 1.15411

22.2656 1.15412
22.6562 1.15497

22.6562 1.15498
23.0469 1.15589

23.0469 1.1559
23.4375 1.15686

23.4375 1.15686
23.8281 1.15787

23.8281 1.15787
24.2188 1.1589

24.2188 1.15891
24.6094 1.15996

24.6094 1.15996
25 1.16103

25 1.16103
25.3906 1.1621

25.3906 1.1621
25.7812 1.16315

25.7812 1.16315
26.1719 1.16419

26.1719 1.16419
26.5625 1.16519

26.5625 1.16519
26.9531 1.16616

26.9531 1.16616
27.3438 1.16707

27.3438 1.16707
27.7344 1.16793

27.7344 1.16793
28.125 1.16872

28.125 1.16872
28.5156 1.16943

28.5156 1.16943
28.9062 1.17006

28.9062 1.17007
29.2969 1.17061

29.2969 1.17061
29.6875 1.17106

29.6875 1.17106
30.0781 1.17142

30.0781 1.17142
30.4688 1.17168

30.4688 1.17167
30.8594 1.17183

31.6406 1.17181
31.2858 1.17188

31.6406 1.17182
32.0312 1.17166

32.0312 1.17166
32.4219 1.17139

32.4219 1.17139
32.8125 1.17103

32.8125 1.17103
33.2031 1.17057

33.2031 1.17057
33.5938 1.17002

33.5938 1.17001
33.9844 1.16938

33.9844 1.16937
34.375 1.16866

34.375 1.16865
34.7656 1.16786

34.7656 1.16786
35.1562 1.167

35.1562 1.167
35.5469 1.16608

35.5469 1.16608
35.9375 1.16511

35.9375 1.16511
36.3281 1.16411

36.3281 1.1641
36.7188 1.16307

36.7188 1.16307
37.1094 1.16201

37.1094 1.16201
37.5 1.16094

37.5 1.16094
37.8906 1.15988

37.8906 1.15988
38.2812 1.15882

38.2812 1.15882
38.6719 1.15779

38.6719 1.15779
39.0625 1.15678

39.0625 1.15678
39.4531 1.15582

39.4531 1.15582
39.8438 1.15491

39.8438 1.1549
40.2344 1.15405

40.2344 1.15405
40.625 1.15326

40.625 1.15326
41.0156 1.15255

41.0156 1.15255
41.4062 1.15192

41.4062 1.15191
41.7969 1.15137

41.7969 1.15137
42.1875 1.15092

42.1875 1.15092
42.5781 1.15056

42.5781 1.15056
42.9688 1.15031

42.9688 1.15031
43.3594 1.15015

43.3594 1.15015
43.75 1.15011

43.75 1.15011
44.1406 1.15016

44.1406 1.15016
44.5312 1.15032

44.5312 1.15032
44.9219 1.15059

44.9219 1.15059
45.3125 1.15095

45.3125 1.15095
45.7031 1.15141

45.7031 1.15141
46.0938 1.15196

46.0938 1.15196
46.4844 1.1526

46.4844 1.1526
46.875 1.15332

46.875 1.15332
47.2656 1.15412

47.2656 1.15412
47.6562 1.15498

47.6562 1.15498
48.0469 1.15589

48.0469 1.1559
48.4375 1.15686

48.4375 1.15686
48.8281 1.15787

48.8281 1.15787
49.2188 1.15891

49.2188 1.15891
49.6094 1.15996

49.6094 1.15997
50 1.16103

50 1.16103
50.3906 1.1621

50.3906 1.1621
50.7812 1.16315

50.7812 1.16316
51.1719 1.16419

51.1719 1.16419
51.5625 1.16519

51.5625 1.16519
51.9531 1.16615

51.9531 1.16616
52.3438 1.16707

52.3438 1.16707
52.7344 1.16792

52.7344 1.16792
53.125 1.16871

53.125 1.16871
53.5156 1.16942

53.5156 1.16942
53.9062 1.17004

53.9062 1.17005
54.2969 1.17058

54.2969 1.17058
54.6875 1.17102

54.6875 1.17102
55.0781 1.17136

55.0781 1.17136
55.4688 1.17159

55.4688 1.1716
55.8594 1.17172

55.8594 1.17172
56.25 1.17173

56.25 1.17173
56.6406 1.17162

56.6406 1.17162
57.0312 1.1714

57.0312 1.1714
57.4219 1.17105

57.4219 1.17105
57.8125 1.17059

57.8125 1.17059
58.2031 1.17

58.2031 1.17
58.5938 1.16928

58.5938 1.16928
58.9844 1.16845

58.9844 1.16845
59.375 1.16748

59.375 1.16748
59.7656 1.16639

59.7656 1.16639
60.1562 1.16518

60.1562 1.16518
60.5469 1.16383

60.5469 1.16383
60.9375 1.16236

60.9375 1.16236
61.3281 1.16075

61.3281 1.16075
61.7188 1.15901

61.7188 1.15901
62.1094 1.15713

62.1094 1.15714
62.5 1.15512

62.5 1.15512
62.8906 1.15296

62.8906 1.15296
63.2812 1.15066

63.2812 1.15066
63.6719 1.14821

63.6719 1.14821
64.0625 1.14561

64.0625 1.14561
64.4531 1.14286

64.4531 1.14286
64.8438 1.13995

64.8438 1.13995
65.2344 1.1369

65.2344 1.1369
65.625 1.13369

65.625 1.13369
66.0156 1.13033

66.0156 1.13033
66.4062 1.12682

66.4062 1.12682
66.7969 1.12318

66.7969 1.12318
67.1875 1.1194

67.1875 1.1194
67.5781 1.1155

67.5781 1.1155
67.9688 1.11149

67.9688 1.11148
68.3594 1.10737

68.3594 1.10737
68.75 1.10317

68.75 1.10317
69.1406 1.0989

69.1406 1.0989
69.5312 1.09458

69.5312 1.09458
69.9219 1.09023

69.9219 1.09023
70.3125 1.08587

70.3125 1.08587
70.7031 1.08152

70.7031 1.08152
71.0938 1.07721

71.0938 1.0772
71.4844 1.07295

71.4844 1.07294
71.875 1.06876

71.875 1.06876
72.2656 1.06467

72.2656 1.06467
72.6562 1.0607

72.6562 1.0607
73.0469 1.05687

73.0469 1.05686
73.4375 1.05318

73.4375 1.05318
73.8281 1.04966

73.8281 1.04966
74.2188 1.04632

74.2188 1.04632
74.6094 1.04316

74.6094 1.04316
75 1.0402

75 1.0402
75.3906 1.03743

75.3906 1.03743
75.7812 1.03486

75.7812 1.03486
76.1719 1.03248

76.1719 1.03248
76.5625 1.03029

76.5625 1.0303
76.9531 1.02829

76.9531 1.02829
77.3438 1.02646

77.3438 1.02647
77.7344 1.0248

77.7344 1.0248
78.125 1.02329

78.125 1.02329
78.5156 1.02191

78.5156 1.02192
78.9062 1.02066

78.9062 1.02067
79.2969 1.01952

79.2969 1.01952
79.6875 1.01847

79.6875 1.01847
80.0781 1.01749

80.0781 1.0175
80.4688 1.01658

80.4688 1.01658
80.8594 1.01571

80.8594 1.01571
81.25 1.01488

81.25 1.01488
81.6406 1.01406

81.6406 1.01406
82.0312 1.01326

82.0312 1.01326
82.4219 1.01245

82.4219 1.01245
82.8125 1.01164

82.8125 1.01164
83.2031 1.01081

83.2031 1.01081
83.5938 1.00996

83.5938 1.00996
83.9844 1.00909

83.9844 1.00909
84.375 1.00819

84.375 1.00819
84.7656 1.00726

84.7656 1.00726
85.1562 1.00631

85.1562 1.00631
85.5469 1.00533

85.5469 1.00533
85.9375 1.00434

85.9375 1.00433
86.3281 1.00332

86.3281 1.00332
86.7188 1.0023

86.7188 1.0023
87.1094 1.00127

87.1094 1.00127
87.5 1.00025

87.5 1.00025
87.8906 0.999234

87.8906 0.999232
88.2812 0.998235

88.2812 0.998233
88.6719 0.997262

88.6719 0.99726
89.0625 0.996321

89.0625 0.996319
89.4531 0.995422

89.4531 0.99542
89.8438 0.99457

89.8438 0.994569
90.2344 0.993775

90.2344 0.993773
90.625 0.993042

90.625 0.993041
91.0156 0.992379

91.0156 0.992378
91.4062 0.991792

91.4062 0.991791
91.7969 0.991285

91.7969 0.991284
92.1875 0.990864

92.1875 0.990863
92.5781 0.990532

92.5781 0.990532
92.9688 0.990293

92.9688 0.990293
93.3594 0.990149

93.3594 1.0195
93.75 0.960744

93.9355 0
93.9735 0.390625

94.0742 0.390625
93.9865 0.78125

93.75 1.14526
94.1406 0.820741

94.1406 0.91255
94.1945 0.78125

