6.64062 1.17181
6.2864 1.17188

6.64062 1.17182
7.03125 1.17166

7.03125 1.17166
7.42188 1.17139

7.42188 1.17139
7.8125 1.17103

7.8125 1.17103
8.20312 1.17057

8.20312 1.17057
8.59375 1.17002

8.59375 1.17001
8.98438 1.16938

8.98438 1.16937
9.375 1.16866

9.375 1.16865
9.76562 1.16786

9.76562 1.16786
10.1562 1.167

10.1562 1.167
10.5469 1.16608

10.5469 1.16608
10.9375 1.16511

10.9375 1.16511
11.3281 1.16411

11.3281 1.1641
11.7188 1.16307

11.7188 1.16307
12.1094 1.16201

12.1094 1.16201
12.5 1.16094

12.5 1.16094
12.8906 1.15988

12.8906 1.15988
13.2812 1.15882

13.2812 1.15882
13.6719 1.15779

13.6719 1.15778
14.0625 1.15678

14.0625 1.15678
14.4531 1.15582

14.4531 1.15582
14.8438 1.15491

14.8438 1.1549
15.2344 1.15405

15.2344 1.15405
15.625 1.15326

15.625 1.15326
16.0156 1.15255

16.0156 1.15255
16.4062 1.15192

16.4062 1.15191
16.7969 1.15137

16.7969 1.15137
17.1875 1.15092

17.1875 1.15092
17.5781 1.15056

17.5781 1.15056
17.9688 1.15031

17.9688 1.15031
18.3594 1.15015

18.3594 1.15015
18.75 1.15011

18.75 1.15011
19.1406 1.15016

19.1406 1.15016
19.5312 1.15032

19.5312 1.15032
19.9219 1.15059

19.9219 1.15059
20.3125 1.15095

20.3125 1.15095
20.7031 1.15141

20.7031 1.15141
21.0938 1.15196

21.0938 1.15196
21.4844 1.1526

21.4844 1.1526
21.875 1.15332

21.875 1.15332
22.2656 1.15411

22.2656 1.15412
22.6562 1.15498

22.6562 1.15498
23.0469 1.15589

23.0469 1.1559
23.4375 1.15686

23.4375 1.15686
23.8281 1.15787

23.8281 1.15787
24.2188 1.1589

24.2188 1.15891
24.6094 1.15996

24.6094 1.15996
25 1.16103

25 1.16103
25.3906 1.1621

25.3906 1.1621
25.7812 1.16315

25.7812 1.16315
26.1719 1.16419

26.1719 1.16419
26.5625 1.16519

26.5625 1.16519
26.9531 1.16616

26.9531 1.16616
27.3438 1.16707

27.3438 1.16707
27.7344 1.16793

27.7344 1.16793
28.125 1.16872

28.125 1.16872
28.5156 1.16943

28.5156 1.16943
28.9062 1.17006

28.9062 1.17007
29.2969 1.17061

29.2969 1.17061
29.6875 1.17106

29.6875 1.17106
30.0781 1.17142

30.0781 1.17142
30.4688 1.17168

30.4688 1.17167
30.8594 1.17183

31.6406 1.17181
31.2879 1.17188

31.6406 1.17182
32.0312 1.17166

32.0312 1.17166
32.4219 1.17139

32.4219 1.17139
32.8125 1.17103

32.8125 1.17103
33.2031 1.17057

33.2031 1.17057
33.5938 1.17002

33.5938 1.17001
33.9844 1.16938

33.9844 1.16937
34.375 1.16866

34.375 1.16865
34.7656 1.16786

34.7656 1.16786
35.1562 1.167

35.1562 1.167
35.5469 1.16608

35.5469 1.16608
35.9375 1.16511

35.9375 1.16511
36.3281 1.16411

36.3281 1.1641
36.7188 1.16307

36.7188 1.16307
37.1094 1.16201

37.1094 1.16201
37.5 1.16094

37.5 1.16094
37.8906 1.15988

37.8906 1.15988
38.2812 1.15882

38.2812 1.15882
38.6719 1.15779

38.6719 1.15778
39.0625 1.15678

39.0625 1.15678
39.4531 1.15582

39.4531 1.15582
39.8438 1.15491

39.8438 1.1549
40.2344 1.15405

40.2344 1.15405
40.625 1.15326

40.625 1.15326
41.0156 1.15255

41.0156 1.15255
41.4062 1.15192

41.4062 1.15191
41.7969 1.15137

41.7969 1.15137
42.1875 1.15092

42.1875 1.15092
42.5781 1.15056

42.5781 1.15056
42.9688 1.15031

42.9688 1.15031
43.3594 1.15015

43.3594 1.15015
43.75 1.15011

43.75 1.15011
44.1406 1.15016

44.1406 1.15016
44.5312 1.15032

44.5312 1.15032
44.9219 1.15059

44.9219 1.15059
45.3125 1.15095

45.3125 1.15095
45.7031 1.15141

45.7031 1.15141
46.0938 1.15196

46.0938 1.15196
46.4844 1.1526

46.4844 1.1526
46.875 1.15332

46.875 1.15332
47.2656 1.15411

47.2656 1.15412
47.6562 1.15497

47.6562 1.15498
48.0469 1.15589

48.0469 1.15589
48.4375 1.15686

48.4375 1.15686
48.8281 1.15786

48.8281 1.15786
49.2188 1.15889

49.2188 1.1589
49.6094 1.15994

49.6094 1.15995
50 1.161

50 1.16101
50.3906 1.16206

50.3906 1.16206
50.7812 1.1631

50.7812 1.1631
51.1719 1.16412

51.1719 1.16412
51.5625 1.16509

51.5625 1.1651
51.9531 1.16602

51.9531 1.16602
52.3438 1.16689

52.3438 1.16689
52.7344 1.16768

52.7344 1.16768
53.125 1.16839

53.125 1.16839
53.5156 1.169

53.5156 1.169
53.9062 1.1695

53.9062 1.1695
54.2969 1.16988

54.2969 1.16988
54.6875 1.17013

54.6875 1.17013
55.0781 1.17023

55.0781 1.17023
55.4688 1.17017

55.4688 1.17018
55.8594 1.16994

55.8594 1.16995
56.25 1.16953

56.25 1.16954
56.6406 1.16892

56.6406 1.16893
57.0312 1.16811

57.0312 1.16811
57.4219 1.16707

57.4219 1.16707
57.8125 1.1658

57.8125 1.1658
58.2031 1.16428

58.2031 1.16429
58.5938 1.16251

58.5938 1.16251
58.9844 1.16048

58.9844 1.16048
59.375 1.15817

59.375 1.15817
59.7656 1.15558

59.7656 1.15559
60.1562 1.15271

60.1562 1.15271
60.5469 1.14956

60.5469 1.14956
60.9375 1.14612

60.9375 1.14612
61.3281 1.1424

61.3281 1.1424
61.7188 1.1384

61.7188 1.1384
62.1094 1.13414

62.1094 1.13413
62.5 1.12962

62.5 1.12962
62.8906 1.12487

62.8906 1.12486
63.2812 1.1199

63.2812 1.1199
63.6719 1.11474

63.6719 1.11473
64.0625 1.10941

64.0625 1.10941
64.4531 1.10395

64.4531 1.10394
64.8438 1.09838

64.8438 1.09837
65.2344 1.09273

65.2344 1.09273
65.625 1.08705

65.625 1.08705
66.0156 1.08137

66.0156 1.08136
66.4062 1.07572

66.4062 1.07572
66.7969 1.07015

66.7969 1.07014
67.1875 1.06468

67.1875 1.06467
67.5781 1.05935

67.5781 1.05934
67.9688 1.0542

67.9688 1.05419
68.3594 1.04924

68.3594 1.04924
68.75 1.04452

68.75 1.04451
69.1406 1.04005

69.1406 1.04004
69.5312 1.03585

69.5312 1.03585
69.9219 1.03194

69.9219 1.03194
70.3125 1.02833

70.3125 1.02833
70.7031 1.02503

70.7031 1.02503
71.0938 1.02205

71.0938 1.02205
71.4844 1.01938

71.4844 1.01938
71.875 1.01701

71.875 1.01702
72.2656 1.01495

72.2656 1.01496
72.6562 1.01319

72.6562 1.01319
73.0469 1.0117

73.0469 1.01171
73.4375 1.01048

73.4375 1.01048
73.8281 1.0095

73.8281 1.00951
74.2188 1.00876

74.2188 1.00876
74.6094 1.00821

74.6094 1.00822
75 1.00785

75 1.00786
75.3906 1.00766

75.3906 1.00766
75.7812 1.0076

75.7812 1.0076
76.1719 1.00765

76.1719 1.00766
76.5625 1.00781

76.5625 1.00781
76.9531 1.00803

76.9531 1.00804
77.3438 1.00831

77.3438 1.00831
77.7344 1.00862

77.7344 1.00862
78.125 1.00894

78.125 1.00894
78.5156 1.00926

78.5156 1.00927
78.9062 1.00957

78.9062 1.00957
79.2969 1.00984

79.2969 1.00984
79.6875 1.01007

79.6875 1.01007
80.0781 1.01024

80.0781 1.01025
80.4688 1.01036

80.4688 1.01036
80.8594 1.0104

80.8594 1.0104
81.25 1.01037

81.25 1.01037
81.6406 1.01026

81.6406 1.01026
82.0312 1.01006

82.0312 1.01006
82.4219 1.00979

82.4219 1.00979
82.8125 1.00943

82.8125 1.00943
83.2031 1.00898

83.2031 1.00898
83.5938 1.00846

83.5938 1.00846
83.9844 1.00786

83.9844 1.00786
84.375 1.0072

84.375 1.00719
84.7656 1.00646

84.7656 1.00646
85.1562 1.00567

85.1562 1.00567
85.5469 1.00482

85.5469 1.00482
85.9375 1.00393

85.9375 1.00393
86.3281 1.00301

86.3281 1.003
86.7188 1.00205

86.7188 1.00205
87.1094 1.00108

87.1094 1.03929
87.5 0.961886

87.6587 0
87.6966 0.390625

87.7891 0.390625
87.7178 0.78125

87.5 1.1628
87.8906 0.80508

87.8906 0.868018
87.924 0.78125

