6.64062 1.17181
6.28612 1.17188

6.64062 1.17182
7.03125 1.17166

7.03125 1.17166
7.42188 1.17139

7.42188 1.17139
7.8125 1.17103

7.8125 1.17103
8.20312 1.17057

8.20312 1.17057
8.59375 1.17002

8.59375 1.17001
8.98438 1.16938

8.98438 1.16937
9.375 1.16866

9.375 1.16865
9.76562 1.16786

9.76562 1.16786
10.1562 1.167

10.1562 1.167
10.5469 1.16608

10.5469 1.16608
10.9375 1.16511

10.9375 1.16511
11.3281 1.16411

11.3281 1.1641
11.7188 1.16307

11.7188 1.16307
12.1094 1.16201

12.1094 1.16201
12.5 1.16094

12.5 1.16094
12.8906 1.15988

12.8906 1.15988
13.2812 1.15882

13.2812 1.15882
13.6719 1.15779

13.6719 1.15778
14.0625 1.15678

14.0625 1.15678
14.4531 1.15582

14.4531 1.15582
14.8438 1.15491

14.8438 1.1549
15.2344 1.15405

15.2344 1.15405
15.625 1.15326

15.625 1.15326
16.0156 1.15255

16.0156 1.15255
16.4062 1.15192

16.4062 1.15191
16.7969 1.15137

16.7969 1.15137
17.1875 1.15092

17.1875 1.15092
17.5781 1.15056

17.5781 1.15056
17.9688 1.15031

17.9688 1.15031
18.3594 1.15015

18.3594 1.15015
18.75 1.15011

18.75 1.15011
19.1406 1.15016

19.1406 1.15016
19.5312 1.15032

19.5312 1.15032
19.9219 1.15059

19.9219 1.15059
20.3125 1.15095

20.3125 1.15095
20.7031 1.15141

20.7031 1.15141
21.0938 1.15196

21.0938 1.15196
21.4844 1.1526

21.4844 1.1526
21.875 1.15332

21.875 1.15332
22.2656 1.15411

22.2656 1.15412
22.6562 1.15498

22.6562 1.15498
23.0469 1.15589

23.0469 1.1559
23.4375 1.15686

23.4375 1.15686
23.8281 1.15787

23.8281 1.15787
24.2188 1.1589

24.2188 1.15891
24.6094 1.15996

24.6094 1.15996
25 1.16103

25 1.16103
25.3906 1.1621

25.3906 1.1621
25.7812 1.16315

25.7812 1.16315
26.1719 1.16419

26.1719 1.16419
26.5625 1.16519

26.5625 1.16519
26.9531 1.16616

26.9531 1.16616
27.3438 1.16707

27.3438 1.16707
27.7344 1.16793

27.7344 1.16793
28.125 1.16872

28.125 1.16872
28.5156 1.16943

28.5156 1.16943
28.9062 1.17006

28.9062 1.17007
29.2969 1.17061

29.2969 1.17061
29.6875 1.17106

29.6875 1.17106
30.0781 1.17142

30.0781 1.17142
30.4688 1.17168

30.4688 1.17167
30.8594 1.17183

31.6406 1.17181
31.2861 1.17188

31.6406 1.17182
32.0312 1.17166

32.0312 1.17166
32.4219 1.17139

32.4219 1.17139
32.8125 1.17103

32.8125 1.17103
33.2031 1.17057

33.2031 1.17057
33.5938 1.17002

33.5938 1.17001
33.9844 1.16938

33.9844 1.16937
34.375 1.16866

34.375 1.16865
34.7656 1.16786

34.7656 1.16786
35.1562 1.167

35.1562 1.167
35.5469 1.16608

35.5469 1.16608
35.9375 1.16511

35.9375 1.16511
36.3281 1.16411

36.3281 1.1641
36.7188 1.16307

36.7188 1.16307
37.1094 1.16201

37.1094 1.16201
37.5 1.16094

37.5 1.16094
37.8906 1.15988

37.8906 1.15988
38.2812 1.15882

38.2812 1.15882
38.6719 1.15779

38.6719 1.15778
39.0625 1.15678

39.0625 1.15678
39.4531 1.15582

39.4531 1.15582
39.8438 1.15491

39.8438 1.1549
40.2344 1.15405

40.2344 1.15405
40.625 1.15326

40.625 1.15326
41.0156 1.15255

41.0156 1.15255
41.4062 1.15192

41.4062 1.15191
41.7969 1.15137

41.7969 1.15137
42.1875 1.15092

42.1875 1.15092
42.5781 1.15056

42.5781 1.15056
42.9688 1.15031

42.9688 1.15031
43.3594 1.15015

43.3594 1.15015
43.75 1.15011

43.75 1.15011
44.1406 1.15016

44.1406 1.15016
44.5312 1.15032

44.5312 1.15032
44.9219 1.15059

44.9219 1.15059
45.3125 1.15095

45.3125 1.15095
45.7031 1.15141

45.7031 1.15141
46.0938 1.15196

46.0938 1.15196
46.4844 1.15259

46.4844 1.1526
46.875 1.15331

46.875 1.15331
47.2656 1.1541

47.2656 1.1541
47.6562 1.15495

47.6562 1.15495
48.0469 1.15585

48.0469 1.15586
48.4375 1.1568

48.4375 1.15681
48.8281 1.15779

48.8281 1.15779
49.2188 1.15879

49.2188 1.1588
49.6094 1.15981

49.6094 1.15981
50 1.16082

50 1.16082
50.3906 1.16181

50.3906 1.16182
50.7812 1.16278

50.7812 1.16278
51.1719 1.1637

51.1719 1.1637
51.5625 1.16455

51.5625 1.16455
51.9531 1.16532

51.9531 1.16533
52.3438 1.166

52.3438 1.16601
52.7344 1.16656

52.7344 1.16657
53.125 1.16699

53.125 1.167
53.5156 1.16727

53.5156 1.16727
53.9062 1.16737

53.9062 1.16737
54.2969 1.16728

54.2969 1.16728
54.6875 1.16698

54.6875 1.16698
55.0781 1.16644

55.0781 1.16644
55.4688 1.16565

55.4688 1.16565
55.8594 1.16459

55.8594 1.16459
56.25 1.16324

56.25 1.16324
56.6406 1.16159

56.6406 1.16159
57.0312 1.15961

57.0312 1.15961
57.4219 1.1573

57.4219 1.1573
57.8125 1.15465

57.8125 1.15465
58.2031 1.15166

58.2031 1.15166
58.5938 1.14831

58.5938 1.14831
58.9844 1.14462

58.9844 1.14462
59.375 1.14058

59.375 1.14058
59.7656 1.13622

59.7656 1.13621
60.1562 1.13154

60.1562 1.13153
60.5469 1.12656

60.5469 1.12655
60.9375 1.1213

60.9375 1.1213
61.3281 1.11581

61.3281 1.1158
61.7188 1.1101

61.7188 1.11009
62.1094 1.10421

62.1094 1.1042
62.5 1.09819

62.5 1.09818
62.8906 1.09207

62.8906 1.09205
63.2812 1.08589

63.2812 1.08588
63.6719 1.0797

63.6719 1.07969
64.0625 1.07354

64.0625 1.07353
64.4531 1.06745

64.4531 1.06744
64.8438 1.06148

64.8438 1.06147
65.2344 1.05566

65.2344 1.05565
65.625 1.05004

65.625 1.05003
66.0156 1.04463

66.0156 1.04463
66.4062 1.03949

66.4062 1.03948
66.7969 1.03462

66.7969 1.03461
67.1875 1.03005

67.1875 1.03005
67.5781 1.02581

67.5781 1.0258
67.9688 1.02189

67.9688 1.02189
68.3594 1.01832

68.3594 1.01832
68.75 1.01509

68.75 1.01509
69.1406 1.0122

69.1406 1.0122
69.5312 1.00966

69.5312 1.00966
69.9219 1.00745

69.9219 1.00746
70.3125 1.00557

70.3125 1.00557
70.7031 1.004

70.7031 1.004
71.0938 1.00272

71.0938 1.00273
71.4844 1.00173

71.4844 1.00173
71.875 1.00099

71.875 1.00099
72.2656 1.00049

72.2656 1.00049
72.6562 1.00021

72.6562 1.00021
73.0469 1.00012

73.0469 1.00013
73.4375 1.00021

73.4375 1.00021
73.8281 1.00045

73.8281 1.00045
74.2188 1.00082

74.2188 1.00083
74.6094 1.0013

74.6094 1.0013
75 1.00187

75 1.00187
75.3906 1.0025

75.3906 1.00251
75.7812 1.00319

75.7812 1.00319
76.1719 1.00391

76.1719 1.00391
76.5625 1.00464

76.5625 1.00464
76.9531 1.00537

76.9531 1.00538
77.3438 1.00609

77.3438 1.00609
77.7344 1.00678

77.7344 1.00678
78.125 1.00743

78.125 1.00743
78.5156 1.00802

78.5156 1.00802
78.9062 1.00856

78.9062 1.00856
79.2969 1.00903

79.2969 1.00903
79.6875 1.00942

79.6875 1.00942
80.0781 1.00973

80.0781 1.00973
80.4688 1.00995

80.4688 1.00995
80.8594 1.01008

80.8594 1.01008
81.25 1.01012

81.25 1.01012
81.6406 1.01006

81.6406 1.01006
82.0312 1.00992

82.0312 1.00992
82.4219 1.00967

82.4219 1.00967
82.8125 1.00934

82.8125 1.00934
83.2031 1.00892

83.2031 1.00892
83.5938 1.00842

83.9543 0
83.9844 0.313493

83.9844 0.313703
83.9917 0.390625

84.0599 0.390625
84.0359 0.78125

83.5938 1.12068
83.9844 0.895562

83.9844 1.14577
84.2079 0.78125

