6.64062 1.17181
6.28607 1.17188

6.64062 1.17182
7.03125 1.17166

7.03125 1.17166
7.42188 1.17139

7.42188 1.17139
7.8125 1.17103

7.8125 1.17103
8.20312 1.17057

8.20312 1.17057
8.59375 1.17002

8.59375 1.17001
8.98438 1.16938

8.98438 1.16937
9.375 1.16866

9.375 1.16865
9.76562 1.16786

9.76562 1.16786
10.1562 1.167

10.1562 1.167
10.5469 1.16608

10.5469 1.16608
10.9375 1.16511

10.9375 1.16511
11.3281 1.16411

11.3281 1.1641
11.7188 1.16307

11.7188 1.16307
12.1094 1.16201

12.1094 1.16201
12.5 1.16094

12.5 1.16094
12.8906 1.15988

12.8906 1.15988
13.2812 1.15882

13.2812 1.15882
13.6719 1.15779

13.6719 1.15778
14.0625 1.15678

14.0625 1.15678
14.4531 1.15582

14.4531 1.15582
14.8438 1.15491

14.8438 1.1549
15.2344 1.15405

15.2344 1.15405
15.625 1.15326

15.625 1.15326
16.0156 1.15255

16.0156 1.15255
16.4062 1.15192

16.4062 1.15191
16.7969 1.15137

16.7969 1.15137
17.1875 1.15092

17.1875 1.15092
17.5781 1.15056

17.5781 1.15056
17.9688 1.15031

17.9688 1.15031
18.3594 1.15015

18.3594 1.15015
18.75 1.1501

18.75 1.1501
19.1406 1.15016

19.1406 1.15016
19.5312 1.15032

19.5312 1.15032
19.9219 1.15059

19.9219 1.15059
20.3125 1.15095

20.3125 1.15095
20.7031 1.15141

20.7031 1.15141
21.0938 1.15196

21.0938 1.15196
21.4844 1.1526

21.4844 1.1526
21.875 1.15332

21.875 1.15332
22.2656 1.15411

22.2656 1.15412
22.6562 1.15498

22.6562 1.15498
23.0469 1.15589

23.0469 1.1559
23.4375 1.15686

23.4375 1.15686
23.8281 1.15787

23.8281 1.15787
24.2188 1.1589

24.2188 1.15891
24.6094 1.15996

24.6094 1.15996
25 1.16103

25 1.16103
25.3906 1.1621

25.3906 1.1621
25.7812 1.16315

25.7812 1.16315
26.1719 1.16419

26.1719 1.16419
26.5625 1.16519

26.5625 1.16519
26.9531 1.16616

26.9531 1.16616
27.3438 1.16707

27.3438 1.16707
27.7344 1.16793

27.7344 1.16793
28.125 1.16872

28.125 1.16872
28.5156 1.16943

28.5156 1.16943
28.9062 1.17006

28.9062 1.17007
29.2969 1.17061

29.2969 1.17061
29.6875 1.17106

29.6875 1.17106
30.0781 1.17142

30.0781 1.17142
30.4688 1.17168

30.4688 1.17167
30.8594 1.17183

31.6406 1.17181
31.2861 1.17188

31.6406 1.17182
32.0312 1.17166

32.0312 1.17166
32.4219 1.17139

32.4219 1.17139
32.8125 1.17103

32.8125 1.17103
33.2031 1.17057

33.2031 1.17057
33.5938 1.17002

33.5938 1.17001
33.9844 1.16938

33.9844 1.16937
34.375 1.16866

34.375 1.16865
34.7656 1.16786

34.7656 1.16786
35.1562 1.167

35.1562 1.167
35.5469 1.16608

35.5469 1.16608
35.9375 1.16511

35.9375 1.16511
36.3281 1.16411

36.3281 1.1641
36.7188 1.16307

36.7188 1.16307
37.1094 1.16201

37.1094 1.16201
37.5 1.16095

37.5 1.16094
37.8906 1.15988

37.8906 1.15988
38.2812 1.15882

38.2812 1.15882
38.6719 1.15779

38.6719 1.15779
39.0625 1.15678

39.0625 1.15678
39.4531 1.15582

39.4531 1.15582
39.8438 1.15491

39.8438 1.1549
40.2344 1.15405

40.2344 1.15405
40.625 1.15326

40.625 1.15326
41.0156 1.15255

41.0156 1.15255
41.4062 1.15192

41.4062 1.15191
41.7969 1.15137

41.7969 1.15137
42.1875 1.15092

42.1875 1.15092
42.5781 1.15056

42.5781 1.15056
42.9688 1.15031

42.9688 1.15031
43.3594 1.15015

43.3594 1.15015
43.75 1.15011

43.75 1.15011
44.1406 1.15016

44.1406 1.15016
44.5312 1.15032

44.5312 1.15032
44.9219 1.15059

44.9219 1.15059
45.3125 1.15095

45.3125 1.15095
45.7031 1.15141

45.7031 1.15141
46.0938 1.15196

46.0938 1.15196
46.4844 1.1526

46.4844 1.1526
46.875 1.15332

46.875 1.15332
47.2656 1.15412

47.2656 1.15412
47.6562 1.15498

47.6562 1.15498
48.0469 1.15589

48.0469 1.1559
48.4375 1.15686

48.4375 1.15686
48.8281 1.15787

48.8281 1.15787
49.2188 1.15891

49.2188 1.15891
49.6094 1.15996

49.6094 1.15996
50 1.16103

50 1.16103
50.3906 1.1621

50.3906 1.1621
50.7812 1.16315

50.7812 1.16315
51.1719 1.16419

51.1719 1.16419
51.5625 1.16519

51.5625 1.16519
51.9531 1.16615

51.9531 1.16615
52.3438 1.16706

52.3438 1.16707
52.7344 1.16791

52.7344 1.16792
53.125 1.1687

53.125 1.1687
53.5156 1.1694

53.5156 1.16941
53.9062 1.17003

53.9062 1.17003
54.2969 1.17056

54.2969 1.17056
54.6875 1.17099

54.6875 1.17099
55.0781 1.17132

55.0781 1.17132
55.4688 1.17154

55.4688 1.17154
55.8594 1.17164

55.8594 1.17165
56.25 1.17163

56.25 1.17163
56.6406 1.1715

56.6406 1.1715
57.0312 1.17124

57.0312 1.17124
57.4219 1.17085

57.4219 1.17085
57.8125 1.17034

57.8125 1.17034
58.2031 1.16969

58.2031 1.16969
58.5938 1.1689

58.5938 1.1689
58.9844 1.16798

58.9844 1.16798
59.375 1.16691

59.375 1.16691
59.7656 1.1657

59.7656 1.1657
60.1562 1.16435

60.1562 1.16435
60.5469 1.16284

60.5469 1.16284
60.9375 1.16118

60.9375 1.16118
61.3281 1.15937

61.3281 1.15937
61.7188 1.1574

61.7188 1.1574
62.1094 1.15526

62.1094 1.15527
62.5 1.15296

62.5 1.15297
62.8906 1.1505

62.8906 1.1505
63.2812 1.14786

63.2812 1.14786
63.6719 1.14505

63.6719 1.14505
64.0625 1.14206

64.0625 1.14206
64.4531 1.13891

64.4531 1.13891
64.8438 1.13558

64.8438 1.13558
65.2344 1.13209

65.2344 1.13209
65.625 1.12843

65.625 1.12843
66.0156 1.12462

66.0156 1.12462
66.4062 1.12066

66.4062 1.12066
66.7969 1.11656

66.7969 1.11656
67.1875 1.11235

67.1875 1.11234
67.5781 1.10802

67.5781 1.10802
67.9688 1.1036

67.9688 1.1036
68.3594 1.09912

68.3594 1.09911
68.75 1.09458

68.75 1.09457
69.1406 1.09001

69.1406 1.09
69.5312 1.08543

69.5312 1.08542
69.9219 1.08087

69.9219 1.08086
70.3125 1.07635

70.3125 1.07634
70.7031 1.07189

70.7031 1.07189
71.0938 1.06753

71.0938 1.06752
71.4844 1.06327

71.4844 1.06326
71.875 1.05915

71.875 1.05914
72.2656 1.05517

72.2656 1.05517
72.6562 1.05137

72.6562 1.05136
73.0469 1.04775

73.0469 1.04774
73.4375 1.04432

73.4375 1.04432
73.8281 1.04111

73.8281 1.04111
74.2188 1.0381

74.2188 1.0381
74.6094 1.03532

74.6094 1.03532
75 1.03275

75 1.03275
75.3906 1.0304

75.3906 1.0304
75.7812 1.02826

75.7812 1.02826
76.1719 1.02632

76.1719 1.02632
76.5625 1.02458

76.5625 1.02458
76.9531 1.02302

76.9531 1.02302
77.3438 1.02162

77.3438 1.02163
77.7344 1.02038

77.7344 1.02039
78.125 1.01928

78.125 1.01929
78.5156 1.0183

78.5156 1.0183
78.9062 1.01742

78.9062 1.01743
79.2969 1.01663

79.2969 1.01663
79.6875 1.0159

79.6875 1.01591
80.0781 1.01523

80.0781 1.01523
80.4688 1.01459

80.4688 1.0146
80.8594 1.01398

80.8594 1.01398
81.25 1.01338

81.25 1.01338
81.6406 1.01277

81.6406 1.01277
82.0312 1.01215

82.0312 1.01215
82.4219 1.01151

82.4219 1.01151
82.8125 1.01084

82.8125 1.01084
83.2031 1.01014

83.2031 1.01014
83.5938 1.0094

83.5938 1.0094
83.9844 1.00862

83.9844 1.00862
84.375 1.0078

84.375 1.0078
84.7656 1.00694

84.7656 1.00694
85.1562 1.00605

85.1562 1.00605
85.5469 1.00512

85.5469 1.00512
85.9375 1.00416

85.9375 1.00416
86.3281 1.00319

86.3281 1.00318
86.7188 1.00219

86.7188 1.00219
87.1094 1.00119

87.1094 1.00118
87.5 1.00018

87.5 1.00018
87.8906 0.99918

87.8906 0.999178
88.2812 0.998194

88.2812 0.998192
88.6719 0.99723

88.6719 0.997228
89.0625 0.996297

89.0625 0.996295
89.4531 0.995403

89.4531 0.995401
89.8438 0.994557

89.8438 0.994555
90.2344 0.993765

90.2344 0.993763
90.625 0.993035

90.625 0.993033
91.0156 0.992374

91.0156 0.992372
91.4062 0.991788

91.4062 0.991787
91.7969 0.991283

91.7969 0.991281
92.1875 0.990862

92.9204 0
92.9584 0.390625

92.9688 0.738622
92.9546 0.78125

92.1875 0.991055
92.5781 0.990338

92.5781 1.10711
92.9688 0.873718

93.0327 0.390625
92.9996 0.78125

92.9688 1.11579
93.1694 0.78125

