6.64062 1.17181
6.28617 1.17188

6.64062 1.17182
7.03125 1.17166

7.03125 1.17166
7.42188 1.17139

7.42188 1.17139
7.8125 1.17103

7.8125 1.17103
8.20312 1.17057

8.20312 1.17057
8.59375 1.17002

8.59375 1.17001
8.98438 1.16938

8.98438 1.16937
9.375 1.16866

9.375 1.16865
9.76562 1.16786

9.76562 1.16786
10.1562 1.167

10.1562 1.167
10.5469 1.16608

10.5469 1.16608
10.9375 1.16511

10.9375 1.16511
11.3281 1.16411

11.3281 1.1641
11.7188 1.16307

11.7188 1.16307
12.1094 1.16201

12.1094 1.16201
12.5 1.16094

12.5 1.16094
12.8906 1.15988

12.8906 1.15988
13.2812 1.15882

13.2812 1.15882
13.6719 1.15779

13.6719 1.15778
14.0625 1.15678

14.0625 1.15678
14.4531 1.15582

14.4531 1.15582
14.8438 1.15491

14.8438 1.1549
15.2344 1.15405

15.2344 1.15405
15.625 1.15326

15.625 1.15326
16.0156 1.15255

16.0156 1.15255
16.4062 1.15192

16.4062 1.15191
16.7969 1.15137

16.7969 1.15137
17.1875 1.15092

17.1875 1.15092
17.5781 1.15056

17.5781 1.15056
17.9688 1.15031

17.9688 1.15031
18.3594 1.15015

18.3594 1.15015
18.75 1.15011

18.75 1.15011
19.1406 1.15016

19.1406 1.15016
19.5312 1.15032

19.5312 1.15032
19.9219 1.15059

19.9219 1.15059
20.3125 1.15095

20.3125 1.15095
20.7031 1.15141

20.7031 1.15141
21.0938 1.15196

21.0938 1.15196
21.4844 1.1526

21.4844 1.1526
21.875 1.15332

21.875 1.15332
22.2656 1.15412

22.2656 1.15412
22.6562 1.15498

22.6562 1.15498
23.0469 1.15589

23.0469 1.1559
23.4375 1.15686

23.4375 1.15686
23.8281 1.15787

23.8281 1.15787
24.2188 1.1589

24.2188 1.15891
24.6094 1.15996

24.6094 1.15996
25 1.16103

25 1.16103
25.3906 1.1621

25.3906 1.1621
25.7812 1.16315

25.7812 1.16315
26.1719 1.16419

26.1719 1.16419
26.5625 1.16519

26.5625 1.16519
26.9531 1.16616

26.9531 1.16616
27.3438 1.16707

27.3438 1.16707
27.7344 1.16793

27.7344 1.16793
28.125 1.16872

28.125 1.16872
28.5156 1.16943

28.5156 1.16943
28.9062 1.17006

28.9062 1.17007
29.2969 1.17061

29.2969 1.17061
29.6875 1.17106

29.6875 1.17106
30.0781 1.17142

30.0781 1.17142
30.4688 1.17168

30.4688 1.17167
30.8594 1.17183

31.6406 1.17181
31.2866 1.17188

31.6406 1.17182
32.0312 1.17166

32.0312 1.17166
32.4219 1.17139

32.4219 1.17139
32.8125 1.17103

32.8125 1.17103
33.2031 1.17057

33.2031 1.17057
33.5938 1.17002

33.5938 1.17001
33.9844 1.16938

33.9844 1.16937
34.375 1.16866

34.375 1.16865
34.7656 1.16786

34.7656 1.16786
35.1562 1.167

35.1562 1.167
35.5469 1.16608

35.5469 1.16608
35.9375 1.16511

35.9375 1.16511
36.3281 1.16411

36.3281 1.1641
36.7188 1.16307

36.7188 1.16307
37.1094 1.16201

37.1094 1.16201
37.5 1.16094

37.5 1.16094
37.8906 1.15988

37.8906 1.15988
38.2812 1.15882

38.2812 1.15882
38.6719 1.15779

38.6719 1.15778
39.0625 1.15678

39.0625 1.15678
39.4531 1.15582

39.4531 1.15582
39.8438 1.15491

39.8438 1.1549
40.2344 1.15405

40.2344 1.15405
40.625 1.15326

40.625 1.15326
41.0156 1.15255

41.0156 1.15255
41.4062 1.15191

41.4062 1.15191
41.7969 1.15137

41.7969 1.15137
42.1875 1.15091

42.1875 1.15091
42.5781 1.15056

42.5781 1.15056
42.9688 1.1503

42.9688 1.1503
43.3594 1.15014

43.3594 1.15014
43.75 1.15008

43.75 1.15008
44.1406 1.15013

44.1406 1.15013
44.5312 1.15027

44.5312 1.15027
44.9219 1.15052

44.9219 1.15052
45.3125 1.15085

45.3125 1.15085
45.7031 1.15127

45.7031 1.15127
46.0938 1.15177

46.0938 1.15177
46.4844 1.15234

46.4844 1.15235
46.875 1.15297

46.875 1.15298
47.2656 1.15365

47.2656 1.15365
47.6562 1.15436

47.6562 1.15437
48.0469 1.15509

48.0469 1.1551
48.4375 1.15582

48.4375 1.15582
48.8281 1.15653

48.8281 1.15653
49.2188 1.1572

49.2188 1.1572
49.6094 1.1578

49.6094 1.15781
50 1.15832

50 1.15832
50.3906 1.15872

50.3906 1.15873
50.7812 1.15898

50.7812 1.15899
51.1719 1.15907

51.1719 1.15908
51.5625 1.15897

51.5625 1.15898
51.9531 1.15864

51.9531 1.15864
52.3438 1.15805

52.3438 1.15806
52.7344 1.15719

52.7344 1.15719
53.125 1.15601

53.125 1.15602
53.5156 1.15451

53.5156 1.15452
53.9062 1.15266

53.9062 1.15267
54.2969 1.15045

54.2969 1.15045
54.6875 1.14785

54.6875 1.14785
55.0781 1.14487

55.0781 1.14487
55.4688 1.14151

55.4688 1.14151
55.8594 1.13776

55.8594 1.13776
56.25 1.13363

56.25 1.13363
56.6406 1.12915

56.6406 1.12915
57.0312 1.12433

57.0312 1.12432
57.4219 1.1192

57.4219 1.11919
57.8125 1.11378

57.8125 1.11377
58.2031 1.10812

58.2031 1.10811
58.5938 1.10226

58.5938 1.10225
58.9844 1.09623

58.9844 1.09622
59.375 1.09009

59.375 1.09007
59.7656 1.08387

59.7656 1.08386
60.1562 1.07763

60.1562 1.07762
60.5469 1.07142

60.5469 1.07141
60.9375 1.06527

60.9375 1.06526
61.3281 1.05922

61.3281 1.05922
61.7188 1.05333

61.7188 1.05332
62.1094 1.04762

62.1094 1.04762
62.5 1.04213

62.5 1.04213
62.8906 1.03689

62.8906 1.03688
63.2812 1.03191

63.2812 1.0319
63.6719 1.02721

63.6719 1.02721
64.0625 1.02282

64.0625 1.02282
64.4531 1.01875

64.4531 1.01875
64.8438 1.01499

64.8438 1.01499
65.2344 1.01155

65.2344 1.01155
65.625 1.00843

65.625 1.00843
66.0156 1.00562

66.0156 1.00562
66.4062 1.00312

66.4062 1.00313
66.7969 1.00093

66.7969 1.00093
67.1875 0.999021

67.1875 0.999024
67.5781 0.997391

67.5781 0.997394
67.9688 0.996025

67.9688 0.996029
68.3594 0.99491

68.3594 0.994913
68.75 0.99403

68.75 0.994034
69.1406 0.993371

69.1406 0.993374
69.5312 0.992917

69.5312 0.992921
69.9219 0.992654

69.9219 0.992658
70.3125 0.992567

70.3125 0.992571
70.7031 0.992641

70.7031 0.992645
71.0938 0.992862

71.0938 0.992866
71.4844 0.993216

71.4844 0.993219
71.875 0.993688

71.875 0.993691
72.2656 0.994265

72.2656 0.994268
72.6562 0.994933

72.6562 0.994936
73.0469 0.99568

73.0469 0.995684
73.4375 0.996494

73.4375 0.996497
73.8281 0.99736

73.8281 0.997363
74.2188 0.998268

74.2188 0.998271
74.6094 0.999205

74.6094 0.999208
75 1.00016

75 1.00016
75.3906 1.00112

75.3906 1.00112
75.7812 1.00208

75.7812 1.00208
76.1719 1.00302

76.1719 1.00302
76.5625 1.00394

76.5625 1.00394
76.9531 1.00482

76.9531 1.00482
77.3438 1.00566

77.3438 1.00566
77.7344 1.00644

77.7344 1.01389
78.125 0.999727

78.3977 0
78.4349 0.390625

78.5156 0.461199
78.4429 0.78125

78.5156 0.44182
78.5267 0.78125

78.125 1.14716
78.5156 0.867837

78.5156 1.07791
78.6545 0.78125

