6.64062 1.17181
6.28645 1.17188

6.64062 1.17182
7.03125 1.17166

7.03125 1.17166
7.42188 1.17139

7.42188 1.17139
7.8125 1.17103

7.8125 1.17103
8.20312 1.17057

8.20312 1.17057
8.59375 1.17002

8.59375 1.17001
8.98438 1.16938

8.98438 1.16937
9.375 1.16865

9.375 1.16865
9.76562 1.16786

9.76562 1.16786
10.1562 1.167

10.1562 1.167
10.5469 1.16608

10.5469 1.16608
10.9375 1.16511

10.9375 1.16511
11.3281 1.16411

11.3281 1.1641
11.7188 1.16307

11.7188 1.16307
12.1094 1.16201

12.1094 1.16201
12.5 1.16094

12.5 1.16094
12.8906 1.15988

12.8906 1.15988
13.2812 1.15882

13.2812 1.15882
13.6719 1.15779

13.6719 1.15778
14.0625 1.15678

14.0625 1.15678
14.4531 1.15582

14.4531 1.15582
14.8438 1.15491

14.8438 1.1549
15.2344 1.15405

15.2344 1.15405
15.625 1.15326

15.625 1.15326
16.0156 1.15255

16.0156 1.15255
16.4062 1.15192

16.4062 1.15191
16.7969 1.15137

16.7969 1.15137
17.1875 1.15092

17.1875 1.15092
17.5781 1.15056

17.5781 1.15056
17.9688 1.15031

17.9688 1.15031
18.3594 1.15015

18.3594 1.15015
18.75 1.1501

18.75 1.1501
19.1406 1.15016

19.1406 1.15016
19.5312 1.15032

19.5312 1.15032
19.9219 1.15059

19.9219 1.15059
20.3125 1.15095

20.3125 1.15095
20.7031 1.15141

20.7031 1.15141
21.0938 1.15196

21.0938 1.15196
21.4844 1.1526

21.4844 1.1526
21.875 1.15332

21.875 1.15332
22.2656 1.15411

22.2656 1.15412
22.6562 1.15498

22.6562 1.15498
23.0469 1.15589

23.0469 1.1559
23.4375 1.15686

23.4375 1.15686
23.8281 1.15787

23.8281 1.15787
24.2188 1.15891

24.2188 1.15891
24.6094 1.15996

24.6094 1.15997
25 1.16103

25 1.16103
25.3906 1.1621

25.3906 1.1621
25.7812 1.16315

25.7812 1.16316
26.1719 1.16419

26.1719 1.16419
26.5625 1.16519

26.5625 1.1652
26.9531 1.16616

26.9531 1.16616
27.3438 1.16707

27.3438 1.16708
27.7344 1.16793

27.7344 1.16793
28.125 1.16872

28.125 1.16872
28.5156 1.16943

28.5156 1.16944
28.9062 1.17007

28.9062 1.17007
29.2969 1.17061

29.2969 1.17061
29.6875 1.17106

29.6875 1.17106
30.0781 1.17141

30.0781 1.17142
30.4688 1.17166

30.4688 1.17167
30.8594 1.17181

30.8594 1.17181
31.25 1.17184

31.25 1.17184
31.6406 1.17176

31.6406 1.17177
32.0312 1.17157

32.0312 1.17157
32.4219 1.17127

32.4219 1.17127
32.8125 1.17084

32.8125 1.17084
33.2031 1.17029

33.2031 1.17029
33.5938 1.16962

33.5938 1.16962
33.9844 1.16882

33.9844 1.16883
34.375 1.16789

34.375 1.16789
34.7656 1.16682

34.7656 1.16682
35.1562 1.16559

35.1562 1.1656
35.5469 1.16421

35.5469 1.16421
35.9375 1.16265

35.9375 1.16266
36.3281 1.16091

36.3281 1.16091
36.7188 1.15896

36.7188 1.15896
37.1094 1.15679

37.1094 1.15679
37.5 1.15438

37.5 1.15438
37.8906 1.15171

37.8906 1.15171
38.2812 1.14876

38.2812 1.14877
38.6719 1.14553

38.6719 1.14553
39.0625 1.14198

39.0625 1.14198
39.4531 1.13812

39.4531 1.13812
39.8438 1.13394

39.8438 1.13394
40.2344 1.12943

40.2344 1.12943
40.625 1.12461

40.625 1.12461
41.0156 1.11949

41.0156 1.11948
41.4062 1.11408

41.4062 1.11408
41.7969 1.10843

41.7969 1.10842
42.1875 1.10255

42.1875 1.10254
42.5781 1.0965

42.5781 1.09648
42.9688 1.09032

42.9688 1.0903
43.3594 1.08406

43.3594 1.08405
43.75 1.07779

43.75 1.07777
44.1406 1.07155

44.1406 1.07154
44.5312 1.06541

44.5312 1.0654
44.9219 1.05943

44.9219 1.05941
45.3125 1.05365

45.3125 1.05364
45.7031 1.04814

45.7031 1.04812
46.0938 1.04292

46.0938 1.04291
46.4844 1.03805

46.4844 1.03804
46.875 1.03355

46.875 1.03355
47.2656 1.02945

47.2656 1.02944
47.6562 1.02575

47.6562 1.02575
48.0469 1.02246

48.0469 1.02247
48.4375 1.01959

48.4375 1.0196
48.8281 1.01712

48.8281 1.01713
49.2188 1.01504

49.2188 1.01504
49.6094 1.01332

49.6094 1.01332
50 1.01193

50 1.01194
50.3906 1.01086

50.3906 1.01087
50.7812 1.01006

50.7812 1.01007
51.1719 1.0095

51.1719 1.00951
51.5625 1.00915

51.5625 1.00916
51.9531 1.00897

51.9531 1.00898
52.3438 1.00893

52.3438 1.00894
52.7344 1.009

52.7344 1.009
53.125 1.00914

53.125 1.00914
53.5156 1.00933

53.5156 1.00933
53.9062 1.00954

53.9062 1.00954
54.2969 1.00975

54.2969 1.00975
54.6875 1.00994

54.6875 1.00995
55.0781 1.0101

55.0781 1.0101
55.4688 1.01021

55.4688 1.01021
55.8594 1.01026

55.8594 1.01026
56.25 1.01024

56.25 1.01024
56.6406 1.01014

56.6406 1.01014
57.0312 1.00996

57.0312 1.00996
57.4219 1.0097

57.4219 1.0097
57.8125 1.00935

58.396 0
58.4331 0.390625

58.5239 0.390625
58.4537 0.78125

57.8125 1.0372
58.2031 0.981069

58.2031 1.1689
58.5938 0.835566

58.5938 0.940739
58.6564 0.78125

