6.64062 1.17181
6.28625 1.17188

6.64062 1.17182
7.03125 1.17166

7.03125 1.17166
7.42188 1.17139

7.42188 1.17139
7.8125 1.17103

7.8125 1.17103
8.20312 1.17057

8.20312 1.17057
8.59375 1.17002

8.59375 1.17001
8.98438 1.16938

8.98438 1.16937
9.375 1.16866

9.375 1.16865
9.76562 1.16786

9.76562 1.16786
10.1562 1.167

10.1562 1.167
10.5469 1.16608

10.5469 1.16608
10.9375 1.16511

10.9375 1.16511
11.3281 1.16411

11.3281 1.1641
11.7188 1.16307

11.7188 1.16307
12.1094 1.16201

12.1094 1.16201
12.5 1.16094

12.5 1.16094
12.8906 1.15988

12.8906 1.15988
13.2812 1.15882

13.2812 1.15882
13.6719 1.15779

13.6719 1.15778
14.0625 1.15678

14.0625 1.15678
14.4531 1.15582

14.4531 1.15582
14.8438 1.15491

14.8438 1.1549
15.2344 1.15405

15.2344 1.15405
15.625 1.15326

15.625 1.15326
16.0156 1.15255

16.0156 1.15255
16.4062 1.15192

16.4062 1.15191
16.7969 1.15137

16.7969 1.15137
17.1875 1.15092

17.1875 1.15092
17.5781 1.15056

17.5781 1.15056
17.9688 1.15031

17.9688 1.15031
18.3594 1.15015

18.3594 1.15015
18.75 1.15011

18.75 1.15011
19.1406 1.15016

19.1406 1.15016
19.5312 1.15032

19.5312 1.15032
19.9219 1.15059

19.9219 1.15059
20.3125 1.15095

20.3125 1.15095
20.7031 1.15141

20.7031 1.15141
21.0938 1.15196

21.0938 1.15196
21.4844 1.1526

21.4844 1.1526
21.875 1.15332

21.875 1.15332
22.2656 1.15412

22.2656 1.15412
22.6562 1.15498

22.6562 1.15498
23.0469 1.15589

23.0469 1.1559
23.4375 1.15686

23.4375 1.15686
23.8281 1.15787

23.8281 1.15787
24.2188 1.1589

24.2188 1.15891
24.6094 1.15996

24.6094 1.15996
25 1.16103

25 1.16103
25.3906 1.1621

25.3906 1.1621
25.7812 1.16315

25.7812 1.16316
26.1719 1.16419

26.1719 1.16419
26.5625 1.16519

26.5625 1.1652
26.9531 1.16616

26.9531 1.16616
27.3438 1.16707

27.3438 1.16707
27.7344 1.16793

27.7344 1.16793
28.125 1.16872

28.125 1.16872
28.5156 1.16943

28.5156 1.16943
28.9062 1.17006

28.9062 1.17007
29.2969 1.17061

29.2969 1.17061
29.6875 1.17106

29.6875 1.17107
30.0781 1.17142

30.0781 1.17142
30.4688 1.17168

30.4688 1.17167
30.8594 1.17183

31.6406 1.17181
31.2857 1.17188

31.6406 1.17182
32.0312 1.17166

32.0312 1.17166
32.4219 1.17139

32.4219 1.17139
32.8125 1.17103

32.8125 1.17103
33.2031 1.17057

33.2031 1.17057
33.5938 1.17002

33.5938 1.17002
33.9844 1.16938

33.9844 1.16938
34.375 1.16866

34.375 1.16865
34.7656 1.16786

34.7656 1.16786
35.1562 1.167

35.1562 1.167
35.5469 1.16608

35.5469 1.16608
35.9375 1.16511

35.9375 1.16511
36.3281 1.16411

36.3281 1.16411
36.7188 1.16307

36.7188 1.16307
37.1094 1.16201

37.1094 1.16201
37.5 1.16094

37.5 1.16094
37.8906 1.15988

37.8906 1.15987
38.2812 1.15882

38.2812 1.15882
38.6719 1.15778

38.6719 1.15778
39.0625 1.15677

39.0625 1.15677
39.4531 1.15579

39.4531 1.15579
39.8438 1.15487

39.8438 1.15487
40.2344 1.15399

40.2344 1.15399
40.625 1.15318

40.625 1.15318
41.0156 1.15243

41.0156 1.15242
41.4062 1.15174

41.4062 1.15174
41.7969 1.15113

41.7969 1.15113
42.1875 1.15058

42.1875 1.15058
42.5781 1.15011

42.5781 1.15011
42.9688 1.1497

42.9688 1.1497
43.3594 1.14935

43.3594 1.14935
43.75 1.14905

43.75 1.14905
44.1406 1.14878

44.1406 1.14879
44.5312 1.14855

44.5312 1.14855
44.9219 1.14832

44.9219 1.14832
45.3125 1.14808

45.3125 1.14808
45.7031 1.14781

45.7031 1.14781
46.0938 1.14748

46.0938 1.14749
46.4844 1.14707

46.4844 1.14708
46.875 1.14655

46.875 1.14656
47.2656 1.1459

47.2656 1.14591
47.6562 1.14508

47.6562 1.14509
48.0469 1.14406

48.0469 1.14407
48.4375 1.14282

48.4375 1.14283
48.8281 1.14134

48.8281 1.14134
49.2188 1.13958

49.2188 1.13958
49.6094 1.13752

49.6094 1.13753
50 1.13516

50 1.13517
50.3906 1.13249

50.3906 1.13249
50.7812 1.12948

50.7812 1.12948
51.1719 1.12616

51.1719 1.12615
51.5625 1.12251

51.5625 1.12251
51.9531 1.11856

51.9531 1.11855
52.3438 1.11432

52.3438 1.11432
52.7344 1.10982

52.7344 1.10981
53.125 1.10508

53.125 1.10507
53.5156 1.10015

53.5156 1.10014
53.9062 1.09504

53.9062 1.09503
54.2969 1.08982

54.2969 1.08981
54.6875 1.08451

54.6875 1.0845
55.0781 1.07916

55.0781 1.07915
55.4688 1.07381

55.4688 1.0738
55.8594 1.0685

55.8594 1.0685
56.25 1.06327

56.25 1.06326
56.6406 1.05815

56.6406 1.05815
57.0312 1.05317

57.0312 1.05317
57.4219 1.04836

57.4219 1.04836
57.8125 1.04374

57.8125 1.04374
58.2031 1.03933

58.2031 1.03932
58.5938 1.03513

58.5938 1.03513
58.9844 1.03116

58.9844 1.03116
59.375 1.02741

59.375 1.02741
59.7656 1.0239

59.7656 1.0239
60.1562 1.02062

60.1562 1.02062
60.5469 1.01755

60.5469 1.01756
60.9375 1.0147

60.9375 1.01471
61.3281 1.01206

61.3281 1.01206
61.7188 1.00961

61.7188 1.00961
62.1094 1.00735

62.1094 1.00735
62.5 1.00526

62.5 1.00526
62.8906 1.00334

62.8906 1.00334
63.2812 1.00157

63.2812 1.00158
63.6719 0.999956

63.6719 0.999958
64.0625 0.998479

64.0625 0.99848
64.4531 0.997135

64.4531 0.997137
64.8438 0.99592

64.8438 0.995921
65.2344 0.994829

65.2344 0.99483
65.625 0.993858

65.625 0.993858
66.0156 0.993004

66.0156 0.993004
66.4062 0.992265

66.4062 0.992266
66.7969 0.99164

66.7969 0.991641
67.1875 0.991127

67.1875 0.991127
67.5781 0.990724

67.5781 0.990725
67.9688 0.990431

67.9688 0.990431
68.3594 0.990246

68.3594 0.990246
68.75 0.990167

68.75 0.990168
69.1406 0.990193

69.1406 0.990194
69.5312 0.990321

69.5312 0.990322
69.9219 0.990548

69.9219 0.990549
70.3125 0.990871

70.3125 0.990872
70.7031 0.991286

70.7031 0.991287
71.0938 0.991787

71.5594 0
71.5969 0.390625

71.6835 0.390625
71.6228 0.78125

71.0938 1.06205
71.4844 0.922105

71.4844 1.14549
71.8109 0.78125

