6.64062 1.17181
6.28629 1.17188

6.64062 1.17182
7.03125 1.17166

7.03125 1.17166
7.42188 1.17139

7.42188 1.17139
7.8125 1.17103

7.8125 1.17103
8.20312 1.17057

8.20312 1.17057
8.59375 1.17002

8.59375 1.17001
8.98438 1.16938

8.98438 1.16937
9.375 1.16866

9.375 1.16865
9.76562 1.16786

9.76562 1.16786
10.1562 1.167

10.1562 1.167
10.5469 1.16608

10.5469 1.16608
10.9375 1.16511

10.9375 1.16511
11.3281 1.16411

11.3281 1.1641
11.7188 1.16307

11.7188 1.16307
12.1094 1.16201

12.1094 1.16201
12.5 1.16094

12.5 1.16094
12.8906 1.15988

12.8906 1.15988
13.2812 1.15882

13.2812 1.15882
13.6719 1.15779

13.6719 1.15778
14.0625 1.15678

14.0625 1.15678
14.4531 1.15582

14.4531 1.15582
14.8438 1.15491

14.8438 1.1549
15.2344 1.15405

15.2344 1.15405
15.625 1.15326

15.625 1.15326
16.0156 1.15255

16.0156 1.15255
16.4062 1.15192

16.4062 1.15191
16.7969 1.15137

16.7969 1.15137
17.1875 1.15092

17.1875 1.15092
17.5781 1.15056

17.5781 1.15056
17.9688 1.15031

17.9688 1.15031
18.3594 1.15015

18.3594 1.15015
18.75 1.15011

18.75 1.15011
19.1406 1.15016

19.1406 1.15016
19.5312 1.15032

19.5312 1.15032
19.9219 1.15059

19.9219 1.15059
20.3125 1.15095

20.3125 1.15095
20.7031 1.15141

20.7031 1.15141
21.0938 1.15196

21.0938 1.15196
21.4844 1.1526

21.4844 1.1526
21.875 1.15332

21.875 1.15332
22.2656 1.15411

22.2656 1.15412
22.6562 1.15498

22.6562 1.15498
23.0469 1.15589

23.0469 1.1559
23.4375 1.15686

23.4375 1.15686
23.8281 1.15787

23.8281 1.15787
24.2188 1.1589

24.2188 1.15891
24.6094 1.15996

24.6094 1.15996
25 1.16103

25 1.16103
25.3906 1.1621

25.3906 1.1621
25.7812 1.16315

25.7812 1.16315
26.1719 1.16419

26.1719 1.16419
26.5625 1.16519

26.5625 1.16519
26.9531 1.16616

26.9531 1.16616
27.3438 1.16707

27.3438 1.16707
27.7344 1.16793

27.7344 1.16793
28.125 1.16872

28.125 1.16872
28.5156 1.16943

28.5156 1.16943
28.9062 1.17006

28.9062 1.17007
29.2969 1.17061

29.2969 1.17061
29.6875 1.17106

29.6875 1.17107
30.0781 1.17142

30.0781 1.17142
30.4688 1.17168

30.4688 1.17167
30.8594 1.17183

31.6406 1.17181
31.2857 1.17188

31.6406 1.17182
32.0312 1.17166

32.0312 1.17166
32.4219 1.17139

32.4219 1.17139
32.8125 1.17103

32.8125 1.17103
33.2031 1.17057

33.2031 1.17057
33.5938 1.17002

33.5938 1.17001
33.9844 1.16938

33.9844 1.16937
34.375 1.16866

34.375 1.16865
34.7656 1.16786

34.7656 1.16786
35.1562 1.167

35.1562 1.167
35.5469 1.16608

35.5469 1.16608
35.9375 1.16511

35.9375 1.16511
36.3281 1.16411

36.3281 1.1641
36.7188 1.16307

36.7188 1.16307
37.1094 1.16201

37.1094 1.16201
37.5 1.16094

37.5 1.16094
37.8906 1.15988

37.8906 1.15987
38.2812 1.15882

38.2812 1.15882
38.6719 1.15778

38.6719 1.15778
39.0625 1.15677

39.0625 1.15677
39.4531 1.1558

39.4531 1.1558
39.8438 1.15488

39.8438 1.15488
40.2344 1.15401

40.2344 1.15401
40.625 1.15321

40.625 1.1532
41.0156 1.15246

41.0156 1.15246
41.4062 1.1518

41.4062 1.1518
41.7969 1.1512

41.7969 1.1512
42.1875 1.15068

42.1875 1.15068
42.5781 1.15024

42.5781 1.15024
42.9688 1.14987

42.9688 1.14987
43.3594 1.14956

43.3594 1.14957
43.75 1.14932

43.75 1.14933
44.1406 1.14914

44.1406 1.14914
44.5312 1.14899

44.5312 1.14899
44.9219 1.14887

44.9219 1.14887
45.3125 1.14875

45.3125 1.14876
45.7031 1.14863

45.7031 1.14864
46.0938 1.14847

46.0938 1.14848
46.4844 1.14826

46.4844 1.14827
46.875 1.14796

46.875 1.14797
47.2656 1.14756

47.2656 1.14756
47.6562 1.14701

47.6562 1.14701
48.0469 1.14629

48.0469 1.1463
48.4375 1.14537

48.4375 1.14538
48.8281 1.14423

48.8281 1.14424
49.2188 1.14283

49.2188 1.14284
49.6094 1.14116

49.6094 1.14116
50 1.13919

50 1.13919
50.3906 1.1369

50.3906 1.1369
50.7812 1.13429

50.7812 1.13429
51.1719 1.13134

51.1719 1.13134
51.5625 1.12806

51.5625 1.12806
51.9531 1.12445

51.9531 1.12445
52.3438 1.12052

52.3438 1.12052
52.7344 1.1163

52.7344 1.11629
53.125 1.11179

53.125 1.11179
53.5156 1.10704

53.5156 1.10703
53.9062 1.10207

53.9062 1.10206
54.2969 1.09693

54.2969 1.09692
54.6875 1.09164

54.6875 1.09163
55.0781 1.08626

55.0781 1.08625
55.4688 1.08083

55.4688 1.08081
55.8594 1.07538

55.8594 1.07537
56.25 1.06995

56.25 1.06995
56.6406 1.0646

56.6406 1.06459
57.0312 1.05935

57.0312 1.05934
57.4219 1.05423

57.4219 1.05422
57.8125 1.04927

57.8125 1.04927
58.2031 1.0445

58.2031 1.0445
58.5938 1.03994

58.5938 1.03993
58.9844 1.03559

58.9844 1.03559
59.375 1.03147

59.375 1.03147
59.7656 1.02759

59.7656 1.02759
60.1562 1.02394

60.1562 1.02394
60.5469 1.02053

60.5469 1.02053
60.9375 1.01734

60.9375 1.01735
61.3281 1.01439

61.3281 1.01439
61.7188 1.01165

61.7188 1.01165
62.1094 1.00912

62.1094 1.00912
62.5 1.00679

62.5 1.00679
62.8906 1.00465

62.8906 1.00465
63.2812 1.00268

63.2812 1.00269
63.6719 1.00089

63.6719 1.00089
64.0625 0.999262

64.0625 0.999264
64.4531 0.997785

64.4531 0.997787
64.8438 0.996456

64.8438 0.996457
65.2344 0.995266

65.2344 0.995268
65.625 0.994213

65.625 0.994214
66.0156 0.993289

66.0156 0.99329
66.4062 0.992493

66.4062 0.992494
66.7969 0.99182

66.7969 0.991821
67.1875 0.991268

67.1875 0.991268
67.5781 0.990833

67.5781 0.990834
67.9688 0.990515

67.9688 0.990515
68.3594 0.990309

68.3594 0.99031
68.75 0.990215

68.75 0.990216
69.1406 0.990228

69.1406 0.990229
69.5312 0.990347

69.5312 0.990348
69.9219 0.990566

69.9219 0.990568
70.3125 0.990884

70.3125 0.990885
70.7031 0.991294

70.7031 0.991295
71.0938 0.991792

71.0938 0.991794
71.4844 0.992373

71.4844 0.993342
71.875 0.992062

72.2009 0
72.2385 0.390625

72.2656 0.68081
72.2355 0.78125

72.3124 0.390625
72.285 0.78125

71.875 1.11623
72.2656 0.87056

72.2656 1.11095
72.4497 0.78125

