6.64062 1.17181
6.28612 1.17188

6.64062 1.17182
7.03125 1.17166

7.03125 1.17166
7.42188 1.17139

7.42188 1.17139
7.8125 1.17103

7.8125 1.17103
8.20312 1.17057

8.20312 1.17057
8.59375 1.17002

8.59375 1.17001
8.98438 1.16938

8.98438 1.16937
9.375 1.16866

9.375 1.16865
9.76562 1.16786

9.76562 1.16786
10.1562 1.167

10.1562 1.167
10.5469 1.16608

10.5469 1.16608
10.9375 1.16511

10.9375 1.16511
11.3281 1.16411

11.3281 1.1641
11.7188 1.16307

11.7188 1.16307
12.1094 1.16201

12.1094 1.16201
12.5 1.16094

12.5 1.16094
12.8906 1.15988

12.8906 1.15988
13.2812 1.15882

13.2812 1.15882
13.6719 1.15779

13.6719 1.15778
14.0625 1.15678

14.0625 1.15678
14.4531 1.15582

14.4531 1.15582
14.8438 1.15491

14.8438 1.1549
15.2344 1.15405

15.2344 1.15405
15.625 1.15326

15.625 1.15326
16.0156 1.15255

16.0156 1.15255
16.4062 1.15192

16.4062 1.15191
16.7969 1.15137

16.7969 1.15137
17.1875 1.15092

17.1875 1.15092
17.5781 1.15056

17.5781 1.15056
17.9688 1.15031

17.9688 1.15031
18.3594 1.15015

18.3594 1.15015
18.75 1.15011

18.75 1.15011
19.1406 1.15016

19.1406 1.15016
19.5312 1.15032

19.5312 1.15032
19.9219 1.15059

19.9219 1.15059
20.3125 1.15095

20.3125 1.15095
20.7031 1.15141

20.7031 1.15141
21.0938 1.15196

21.0938 1.15196
21.4844 1.1526

21.4844 1.1526
21.875 1.15332

21.875 1.15332
22.2656 1.15412

22.2656 1.15412
22.6562 1.15498

22.6562 1.15498
23.0469 1.15589

23.0469 1.1559
23.4375 1.15686

23.4375 1.15686
23.8281 1.15787

23.8281 1.15787
24.2188 1.1589

24.2188 1.15891
24.6094 1.15996

24.6094 1.15996
25 1.16103

25 1.16103
25.3906 1.1621

25.3906 1.1621
25.7812 1.16315

25.7812 1.16315
26.1719 1.16419

26.1719 1.16419
26.5625 1.16519

26.5625 1.16519
26.9531 1.16616

26.9531 1.16616
27.3438 1.16707

27.3438 1.16707
27.7344 1.16793

27.7344 1.16793
28.125 1.16872

28.125 1.16872
28.5156 1.16943

28.5156 1.16943
28.9062 1.17007

28.9062 1.17007
29.2969 1.17061

29.2969 1.17061
29.6875 1.17106

29.6875 1.17107
30.0781 1.17142

30.0781 1.17142
30.4688 1.17168

30.4688 1.17167
30.8594 1.17184

31.6406 1.17181
31.2851 1.17188

31.6406 1.17182
32.0312 1.17166

32.0312 1.17166
32.4219 1.17139

32.4219 1.17139
32.8125 1.17103

32.8125 1.17103
33.2031 1.17057

33.2031 1.17057
33.5938 1.17002

33.5938 1.17001
33.9844 1.16938

33.9844 1.16937
34.375 1.16865

34.375 1.16865
34.7656 1.16786

34.7656 1.16786
35.1562 1.167

35.1562 1.16699
35.5469 1.16608

35.5469 1.16607
35.9375 1.1651

35.9375 1.1651
36.3281 1.16409

36.3281 1.16409
36.7188 1.16304

36.7188 1.16304
37.1094 1.16197

37.1094 1.16196
37.5 1.16087

37.5 1.16087
37.8906 1.15977

37.8906 1.15977
38.2812 1.15867

38.2812 1.15867
38.6719 1.15757

38.6719 1.15757
39.0625 1.15649

39.0625 1.15648
39.4531 1.15541

39.4531 1.15541
39.8438 1.15435

39.8438 1.15435
40.2344 1.1533

40.2344 1.1533
40.625 1.15226

40.625 1.15226
41.0156 1.15123

41.0156 1.15123
41.4062 1.1502

41.4062 1.1502
41.7969 1.14916

41.7969 1.14916
42.1875 1.14809

42.1875 1.1481
42.5781 1.14699

42.5781 1.14699
42.9688 1.14583

42.9688 1.14583
43.3594 1.14459

43.3594 1.1446
43.75 1.14325

43.75 1.14326
44.1406 1.1418

44.1406 1.1418
44.5312 1.1402

44.5312 1.1402
44.9219 1.13843

44.9219 1.13843
45.3125 1.13647

45.3125 1.13647
45.7031 1.1343

45.7031 1.1343
46.0938 1.1319

46.0938 1.1319
46.4844 1.12925

46.4844 1.12925
46.875 1.12635

46.875 1.12635
47.2656 1.12319

47.2656 1.12319
47.6562 1.11977

47.6562 1.11976
48.0469 1.11608

48.0469 1.11608
48.4375 1.11215

48.4375 1.11215
48.8281 1.10799

48.8281 1.10799
49.2188 1.10362

49.2188 1.10362
49.6094 1.09908

49.6094 1.09907
50 1.09438

50 1.09437
50.3906 1.08957

50.3906 1.08956
50.7812 1.08468

50.7812 1.08467
51.1719 1.07975

51.1719 1.07974
51.5625 1.07484

51.5625 1.07483
51.9531 1.06996

51.9531 1.06995
52.3438 1.06517

52.3438 1.06516
52.7344 1.06049

52.7344 1.06049
53.125 1.05597

53.125 1.05596
53.5156 1.05161

53.5156 1.05161
53.9062 1.04746

53.9062 1.04746
54.2969 1.04352

54.2969 1.04352
54.6875 1.0398

54.6875 1.0398
55.0781 1.03631

55.0781 1.03631
55.4688 1.03306

55.4688 1.03306
55.8594 1.03003

55.8594 1.03004
56.25 1.02723

56.25 1.02723
56.6406 1.02463

56.6406 1.02464
57.0312 1.02223

57.0312 1.02224
57.4219 1.02001

57.4219 1.02001
57.8125 1.01795

57.8125 1.01796
58.2031 1.01604

58.2031 1.01605
58.5938 1.01426

58.5938 1.01426
58.9844 1.01259

58.9844 1.01259
59.375 1.01101

59.375 1.01102
59.7656 1.00952

59.7656 1.00953
60.1562 1.0081

60.1562 1.0081
60.5469 1.00674

60.5469 1.00674
60.9375 1.00543

60.9375 1.00543
61.3281 1.00416

61.3281 1.00416
61.7188 1.00294

61.7188 1.00294
62.1094 1.00175

62.1094 1.00175
62.5 1.0006

62.5 1.0006
62.8906 0.99949

62.8906 0.999489
63.2812 0.998418

63.2812 0.998417
63.6719 0.997389

63.6719 0.997388
64.0625 0.996408

64.0625 0.996406
64.4531 0.995478

64.4531 0.995477
64.8438 0.994605

64.8438 0.994604
65.2344 0.993795

65.2344 0.993794
65.625 0.993053

65.625 0.993051
66.0156 0.992383

66.0156 0.992382
66.4062 0.991792

67.0931 0
67.1309 0.390625

67.1875 0.580083
67.1297 0.78125

66.4062 0.995514
66.7969 0.98756

66.7969 1.12227
67.1875 0.85987

67.2136 0.390625
67.1915 0.78125

67.1875 1.08699
67.3435 0.78125

