6.64062 1.17181
6.28617 1.17188

6.64062 1.17182
7.03125 1.17166

7.03125 1.17166
7.42188 1.17139

7.42188 1.17139
7.8125 1.17103

7.8125 1.17103
8.20312 1.17057

8.20312 1.17057
8.59375 1.17002

8.59375 1.17001
8.98438 1.16938

8.98438 1.16937
9.375 1.16866

9.375 1.16865
9.76562 1.16786

9.76562 1.16786
10.1562 1.167

10.1562 1.167
10.5469 1.16608

10.5469 1.16608
10.9375 1.16511

10.9375 1.16511
11.3281 1.16411

11.3281 1.1641
11.7188 1.16307

11.7188 1.16307
12.1094 1.16201

12.1094 1.16201
12.5 1.16094

12.5 1.16094
12.8906 1.15988

12.8906 1.15988
13.2812 1.15882

13.2812 1.15882
13.6719 1.15779

13.6719 1.15778
14.0625 1.15678

14.0625 1.15678
14.4531 1.15582

14.4531 1.15582
14.8438 1.15491

14.8438 1.1549
15.2344 1.15405

15.2344 1.15405
15.625 1.15326

15.625 1.15326
16.0156 1.15255

16.0156 1.15255
16.4062 1.15192

16.4062 1.15191
16.7969 1.15137

16.7969 1.15137
17.1875 1.15092

17.1875 1.15092
17.5781 1.15056

17.5781 1.15056
17.9688 1.15031

17.9688 1.15031
18.3594 1.15015

18.3594 1.15015
18.75 1.15011

18.75 1.15011
19.1406 1.15016

19.1406 1.15016
19.5312 1.15032

19.5312 1.15032
19.9219 1.15059

19.9219 1.15059
20.3125 1.15095

20.3125 1.15095
20.7031 1.15141

20.7031 1.15141
21.0938 1.15196

21.0938 1.15196
21.4844 1.1526

21.4844 1.1526
21.875 1.15332

21.875 1.15332
22.2656 1.15412

22.2656 1.15412
22.6562 1.15498

22.6562 1.15498
23.0469 1.15589

23.0469 1.1559
23.4375 1.15686

23.4375 1.15686
23.8281 1.15787

23.8281 1.15787
24.2188 1.1589

24.2188 1.15891
24.6094 1.15996

24.6094 1.15996
25 1.16103

25 1.16103
25.3906 1.1621

25.3906 1.1621
25.7812 1.16315

25.7812 1.16315
26.1719 1.16419

26.1719 1.16419
26.5625 1.16519

26.5625 1.16519
26.9531 1.16616

26.9531 1.16616
27.3438 1.16707

27.3438 1.16707
27.7344 1.16793

27.7344 1.16793
28.125 1.16872

28.125 1.16872
28.5156 1.16943

28.5156 1.16943
28.9062 1.17006

28.9062 1.17007
29.2969 1.17061

29.2969 1.17061
29.6875 1.17106

29.6875 1.17106
30.0781 1.17142

30.0781 1.17142
30.4688 1.17168

30.4688 1.17167
30.8594 1.17183

31.6406 1.17181
31.2861 1.17188

31.6406 1.17182
32.0312 1.17166

32.0312 1.17166
32.4219 1.17139

32.4219 1.17139
32.8125 1.17103

32.8125 1.17103
33.2031 1.17057

33.2031 1.17057
33.5938 1.17002

33.5938 1.17001
33.9844 1.16938

33.9844 1.16937
34.375 1.16866

34.375 1.16865
34.7656 1.16786

34.7656 1.16786
35.1562 1.167

35.1562 1.167
35.5469 1.16608

35.5469 1.16608
35.9375 1.16511

35.9375 1.16511
36.3281 1.16411

36.3281 1.1641
36.7188 1.16307

36.7188 1.16307
37.1094 1.16201

37.1094 1.16201
37.5 1.16094

37.5 1.16094
37.8906 1.15988

37.8906 1.15988
38.2812 1.15882

38.2812 1.15882
38.6719 1.15779

38.6719 1.15778
39.0625 1.15678

39.0625 1.15678
39.4531 1.15582

39.4531 1.15582
39.8438 1.15491

39.8438 1.1549
40.2344 1.15405

40.2344 1.15405
40.625 1.15326

40.625 1.15326
41.0156 1.15255

41.0156 1.15255
41.4062 1.15192

41.4062 1.15191
41.7969 1.15137

41.7969 1.15137
42.1875 1.15092

42.1875 1.15092
42.5781 1.15056

42.5781 1.15056
42.9688 1.1503

42.9688 1.1503
43.3594 1.15015

43.3594 1.15015
43.75 1.15009

43.75 1.15009
44.1406 1.15014

44.1406 1.15014
44.5312 1.15029

44.5312 1.1503
44.9219 1.15054

44.9219 1.15055
45.3125 1.15089

45.3125 1.15089
45.7031 1.15133

45.7031 1.15133
46.0938 1.15184

46.0938 1.15185
46.4844 1.15244

46.4844 1.15244
46.875 1.1531

46.875 1.1531
47.2656 1.15382

47.2656 1.15382
47.6562 1.15457

47.6562 1.15458
48.0469 1.15536

48.0469 1.15537
48.4375 1.15616

48.4375 1.15617
48.8281 1.15696

48.8281 1.15696
49.2188 1.15773

49.2188 1.15774
49.6094 1.15846

49.6094 1.15847
50 1.15913

50 1.15913
50.3906 1.1597

50.3906 1.15971
50.7812 1.16016

50.7812 1.16017
51.1719 1.16048

51.1719 1.16049
51.5625 1.16063

51.5625 1.16064
51.9531 1.16059

51.9531 1.1606
52.3438 1.16033

52.3438 1.16033
52.7344 1.15981

52.7344 1.15982
53.125 1.15902

53.125 1.15902
53.5156 1.15793

53.5156 1.15793
53.9062 1.15651

53.9062 1.15651
54.2969 1.15475

54.2969 1.15475
54.6875 1.15263

54.6875 1.15263
55.0781 1.15013

55.0781 1.15013
55.4688 1.14725

55.4688 1.14725
55.8594 1.14398

55.8594 1.14398
56.25 1.14033

56.25 1.14033
56.6406 1.1363

56.6406 1.1363
57.0312 1.13191

57.0312 1.1319
57.4219 1.12717

57.4219 1.12716
57.8125 1.12211

57.8125 1.1221
58.2031 1.11675

58.2031 1.11674
58.5938 1.11113

58.5938 1.11112
58.9844 1.1053

58.9844 1.10529
59.375 1.09928

59.375 1.09927
59.7656 1.09313

59.7656 1.09312
60.1562 1.08688

60.1562 1.08687
60.5469 1.0806

60.5469 1.08059
60.9375 1.07432

60.9375 1.07431
61.3281 1.06808

61.3281 1.06807
61.7188 1.06194

61.7188 1.06193
62.1094 1.05594

62.1094 1.05593
62.5 1.05011

62.5 1.0501
62.8906 1.04448

62.8906 1.04447
63.2812 1.03909

63.2812 1.03908
63.6719 1.03397

63.6719 1.03396
64.0625 1.02913

64.0625 1.02912
64.4531 1.02459

64.4531 1.02459
64.8438 1.02037

64.8438 1.02037
65.2344 1.01647

65.2344 1.01647
65.625 1.0129

65.625 1.0129
66.0156 1.00966

66.0156 1.00967
66.4062 1.00675

66.4062 1.00675
66.7969 1.00416

66.7969 1.00416
67.1875 1.00188

67.1875 1.00189
67.5781 0.999911

67.5781 0.999914
67.9688 0.998228

67.9688 0.998231
68.3594 0.996822

68.3594 0.996825
68.75 0.995679

68.75 0.995683
69.1406 0.994783

69.1406 0.994787
69.5312 0.994119

69.5312 0.994123
69.9219 0.99367

69.9219 0.993674
70.3125 0.99342

70.3125 0.993424
70.7031 0.993352

70.7031 0.993356
71.0938 0.99345

71.0938 0.993454
71.4844 0.993699

71.4844 0.993703
71.875 0.994082

71.875 0.994085
72.2656 0.994583

72.2656 0.994587
72.6562 0.995189

72.6562 0.995193
73.0469 0.995884

73.0469 0.995888
73.4375 0.996655

73.4375 0.996658
73.8281 0.997486

73.8281 0.99749
74.2188 0.998366

74.2188 0.998369
74.6094 0.999281

74.6094 0.999284
75 1.00022

75 1.00022
75.3906 1.00116

75.3906 1.00117
75.7812 1.00211

75.7812 1.00211
76.1719 1.00304

76.1719 1.00305
76.5625 1.00395

76.5625 1.00396
76.9531 1.00483

76.9531 1.00483
77.3438 1.00567

77.3438 1.00567
77.7344 1.00645

77.7344 1.00645
78.125 1.00717

78.125 1.00718
78.5156 1.00783

78.5156 1.00784
78.9062 1.00841

79.2585 0
79.2957 0.390625

79.2969 0.767081
79.2927 0.78125

79.3625 0.390625
79.3405 0.78125

78.9062 1.12453
79.2969 0.892805

79.2969 1.14365
79.5112 0.78125

