6.64062 1.17181
6.28606 1.17188

6.64062 1.17182
7.03125 1.17166

7.03125 1.17166
7.42188 1.17139

7.42188 1.17139
7.8125 1.17103

7.8125 1.17103
8.20312 1.17057

8.20312 1.17057
8.59375 1.17002

8.59375 1.17001
8.98438 1.16938

8.98438 1.16937
9.375 1.16866

9.375 1.16865
9.76562 1.16786

9.76562 1.16786
10.1562 1.167

10.1562 1.167
10.5469 1.16608

10.5469 1.16608
10.9375 1.16511

10.9375 1.16511
11.3281 1.16411

11.3281 1.1641
11.7188 1.16307

11.7188 1.16307
12.1094 1.16201

12.1094 1.16201
12.5 1.16094

12.5 1.16094
12.8906 1.15988

12.8906 1.15988
13.2812 1.15882

13.2812 1.15882
13.6719 1.15779

13.6719 1.15778
14.0625 1.15678

14.0625 1.15678
14.4531 1.15582

14.4531 1.15582
14.8438 1.15491

14.8438 1.1549
15.2344 1.15405

15.2344 1.15405
15.625 1.15326

15.625 1.15326
16.0156 1.15255

16.0156 1.15255
16.4062 1.15191

16.4062 1.15191
16.7969 1.15137

16.7969 1.15137
17.1875 1.15092

17.1875 1.15092
17.5781 1.15056

17.5781 1.15056
17.9688 1.15031

17.9688 1.15031
18.3594 1.15015

18.3594 1.15015
18.75 1.1501

18.75 1.1501
19.1406 1.15016

19.1406 1.15016
19.5312 1.15032

19.5312 1.15032
19.9219 1.15059

19.9219 1.15059
20.3125 1.15095

20.3125 1.15095
20.7031 1.15141

20.7031 1.15141
21.0938 1.15196

21.0938 1.15196
21.4844 1.1526

21.4844 1.1526
21.875 1.15332

21.875 1.15332
22.2656 1.15411

22.2656 1.15412
22.6562 1.15497

22.6562 1.15498
23.0469 1.15589

23.0469 1.1559
23.4375 1.15686

23.4375 1.15686
23.8281 1.15787

23.8281 1.15787
24.2188 1.1589

24.2188 1.15891
24.6094 1.15996

24.6094 1.15996
25 1.16103

25 1.16103
25.3906 1.1621

25.3906 1.1621
25.7812 1.16315

25.7812 1.16315
26.1719 1.16419

26.1719 1.16419
26.5625 1.16519

26.5625 1.16519
26.9531 1.16616

26.9531 1.16616
27.3438 1.16707

27.3438 1.16707
27.7344 1.16793

27.7344 1.16793
28.125 1.16872

28.125 1.16872
28.5156 1.16943

28.5156 1.16943
28.9062 1.17006

28.9062 1.17007
29.2969 1.17061

29.2969 1.17061
29.6875 1.17106

29.6875 1.17106
30.0781 1.17142

30.0781 1.17142
30.4688 1.17168

30.4688 1.17167
30.8594 1.17183

31.6406 1.17181
31.2858 1.17188

31.6406 1.17182
32.0312 1.17166

32.0312 1.17166
32.4219 1.17139

32.4219 1.17139
32.8125 1.17103

32.8125 1.17103
33.2031 1.17057

33.2031 1.17057
33.5938 1.17002

33.5938 1.17001
33.9844 1.16938

33.9844 1.16937
34.375 1.16865

34.375 1.16865
34.7656 1.16786

34.7656 1.16786
35.1562 1.167

35.1562 1.167
35.5469 1.16608

35.5469 1.16608
35.9375 1.16511

35.9375 1.16511
36.3281 1.16411

36.3281 1.1641
36.7188 1.16307

36.7188 1.16307
37.1094 1.16201

37.1094 1.16201
37.5 1.16094

37.5 1.16094
37.8906 1.15988

37.8906 1.15988
38.2812 1.15882

38.2812 1.15882
38.6719 1.15779

38.6719 1.15778
39.0625 1.15678

39.0625 1.15678
39.4531 1.15582

39.4531 1.15582
39.8438 1.15491

39.8438 1.1549
40.2344 1.15405

40.2344 1.15405
40.625 1.15326

40.625 1.15326
41.0156 1.15255

41.0156 1.15255
41.4062 1.15192

41.4062 1.15191
41.7969 1.15137

41.7969 1.15137
42.1875 1.15092

42.1875 1.15092
42.5781 1.15056

42.5781 1.15056
42.9688 1.15031

42.9688 1.15031
43.3594 1.15015

43.3594 1.15015
43.75 1.15011

43.75 1.15011
44.1406 1.15016

44.1406 1.15016
44.5312 1.15032

44.5312 1.15032
44.9219 1.15059

44.9219 1.15059
45.3125 1.15095

45.3125 1.15095
45.7031 1.15141

45.7031 1.15141
46.0938 1.15196

46.0938 1.15196
46.4844 1.1526

46.4844 1.1526
46.875 1.15332

46.875 1.15332
47.2656 1.15412

47.2656 1.15412
47.6562 1.15498

47.6562 1.15498
48.0469 1.15589

48.0469 1.1559
48.4375 1.15686

48.4375 1.15686
48.8281 1.15787

48.8281 1.15787
49.2188 1.15891

49.2188 1.15891
49.6094 1.15996

49.6094 1.15997
50 1.16103

50 1.16103
50.3906 1.1621

50.3906 1.1621
50.7812 1.16315

50.7812 1.16316
51.1719 1.16419

51.1719 1.16419
51.5625 1.16519

51.5625 1.1652
51.9531 1.16616

51.9531 1.16616
52.3438 1.16707

52.3438 1.16707
52.7344 1.16792

52.7344 1.16793
53.125 1.16871

53.125 1.16871
53.5156 1.16942

53.5156 1.16942
53.9062 1.17005

53.9062 1.17005
54.2969 1.17059

54.2969 1.17059
54.6875 1.17103

54.6875 1.17103
55.0781 1.17138

55.0781 1.17138
55.4688 1.17162

55.4688 1.17162
55.8594 1.17175

55.8594 1.17175
56.25 1.17176

56.25 1.17177
56.6406 1.17167

56.6406 1.17167
57.0312 1.17146

57.0312 1.17146
57.4219 1.17113

57.4219 1.17113
57.8125 1.17068

57.8125 1.17068
58.2031 1.17012

58.2031 1.17012
58.5938 1.16944

58.5938 1.16944
58.9844 1.16864

58.9844 1.16864
59.375 1.16772

59.375 1.16772
59.7656 1.16668

59.7656 1.16668
60.1562 1.16553

60.1562 1.16553
60.5469 1.16425

60.5469 1.16425
60.9375 1.16286

60.9375 1.16286
61.3281 1.16135

61.3281 1.16135
61.7188 1.15971

61.7188 1.15971
62.1094 1.15795

62.1094 1.15795
62.5 1.15607

62.5 1.15607
62.8906 1.15406

62.8906 1.15406
63.2812 1.15192

63.2812 1.15192
63.6719 1.14964

63.6719 1.14964
64.0625 1.14723

64.0625 1.14723
64.4531 1.14468

64.4531 1.14468
64.8438 1.14199

64.8438 1.14199
65.2344 1.13915

65.2344 1.13916
65.625 1.13618

65.625 1.13618
66.0156 1.13306

66.0156 1.13306
66.4062 1.1298

66.4062 1.1298
66.7969 1.1264

66.7969 1.1264
67.1875 1.12287

67.1875 1.12287
67.5781 1.11921

67.5781 1.1192
67.9688 1.11542

67.9688 1.11542
68.3594 1.11153

68.3594 1.11153
68.75 1.10754

68.75 1.10754
69.1406 1.10347

69.1406 1.10346
69.5312 1.09932

69.5312 1.09932
69.9219 1.09512

69.9219 1.09512
70.3125 1.09089

70.3125 1.09089
70.7031 1.08664

70.7031 1.08664
71.0938 1.0824

71.0938 1.0824
71.4844 1.07818

71.4844 1.07818
71.875 1.07401

71.875 1.07401
72.2656 1.06991

72.2656 1.0699
72.6562 1.06589

72.6562 1.06589
73.0469 1.06198

73.0469 1.06198
73.4375 1.05819

73.4375 1.05819
73.8281 1.05454

73.8281 1.05454
74.2188 1.05105

74.2188 1.05105
74.6094 1.04772

74.6094 1.04772
75 1.04456

75 1.04456
75.3906 1.04159

75.3906 1.04159
75.7812 1.03879

75.7812 1.03879
76.1719 1.03619

76.1719 1.03619
76.5625 1.03377

76.5625 1.03377
76.9531 1.03153

76.9531 1.03153
77.3438 1.02946

77.3438 1.02946
77.7344 1.02756

77.7344 1.02756
78.125 1.02581

78.125 1.02582
78.5156 1.02421

78.5156 1.02422
78.9062 1.02275

78.9062 1.02275
79.2969 1.02139

79.2969 1.0214
79.6875 1.02015

79.6875 1.02015
80.0781 1.01899

80.0781 1.01899
80.4688 1.0179

80.4688 1.0179
80.8594 1.01687

80.8594 1.01688
81.25 1.01589

81.25 1.0159
81.6406 1.01495

81.6406 1.01495
82.0312 1.01402

82.0312 1.01403
82.4219 1.01311

82.4219 1.01311
82.8125 1.0122

82.8125 1.01221
83.2031 1.01129

83.2031 1.01129
83.5938 1.01037

83.5938 1.01037
83.9844 1.00943

83.9844 1.00943
84.375 1.00847

84.375 1.00847
84.7656 1.0075

84.7656 1.0075
85.1562 1.0065

85.1562 1.0065
85.5469 1.00549

85.5469 1.00549
85.9375 1.00447

85.9375 1.00447
86.3281 1.00343

86.3281 1.00343
86.7188 1.00239

86.7188 1.00239
87.1094 1.00134

87.1094 1.00134
87.5 1.0003

87.5 1.0003
87.8906 0.999277

87.8906 0.999275
88.2812 0.99827

88.2812 0.998268
88.6719 0.997289

88.6719 0.997287
89.0625 0.996342

89.0625 0.99634
89.4531 0.995438

89.4531 0.995436
89.8438 0.994583

89.8438 0.994581
90.2344 0.993784

90.2344 0.993782
90.625 0.993049

90.625 0.993048
91.0156 0.992385

91.0156 0.992383
91.4062 0.991796

91.4062 0.991794
91.7969 0.991288

91.7969 0.991287
92.1875 0.990866

92.1875 0.990865
92.5781 0.990534

92.5781 0.990533
92.9688 0.990294

92.9688 0.990294
93.3594 0.990149

93.3594 0.990149
93.75 0.990101

94.4866 0
94.5245 0.390625

94.5312 0.750448
94.5208 0.78125

93.75 0.990204
94.1406 0.990045

94.1406 1.10551
94.5312 0.874934

94.5989 0.390625
94.5648 0.78125

94.5312 1.11704
94.7354 0.78125

