6.64062 1.17181
6.28612 1.17188

6.64062 1.17182
7.03125 1.17166

7.03125 1.17166
7.42188 1.17139

7.42188 1.17139
7.8125 1.17103

7.8125 1.17103
8.20312 1.17057

8.20312 1.17057
8.59375 1.17002

8.59375 1.17001
8.98438 1.16938

8.98438 1.16937
9.375 1.16866

9.375 1.16865
9.76562 1.16786

9.76562 1.16786
10.1562 1.167

10.1562 1.167
10.5469 1.16608

10.5469 1.16608
10.9375 1.16511

10.9375 1.16511
11.3281 1.16411

11.3281 1.1641
11.7188 1.16307

11.7188 1.16307
12.1094 1.16201

12.1094 1.16201
12.5 1.16094

12.5 1.16094
12.8906 1.15988

12.8906 1.15988
13.2812 1.15882

13.2812 1.15882
13.6719 1.15779

13.6719 1.15778
14.0625 1.15678

14.0625 1.15678
14.4531 1.15582

14.4531 1.15582
14.8438 1.15491

14.8438 1.1549
15.2344 1.15405

15.2344 1.15405
15.625 1.15326

15.625 1.15326
16.0156 1.15255

16.0156 1.15255
16.4062 1.15192

16.4062 1.15191
16.7969 1.15137

16.7969 1.15137
17.1875 1.15092

17.1875 1.15092
17.5781 1.15056

17.5781 1.15056
17.9688 1.15031

17.9688 1.15031
18.3594 1.15015

18.3594 1.15015
18.75 1.15011

18.75 1.15011
19.1406 1.15016

19.1406 1.15016
19.5312 1.15032

19.5312 1.15032
19.9219 1.15059

19.9219 1.15059
20.3125 1.15095

20.3125 1.15095
20.7031 1.15141

20.7031 1.15141
21.0938 1.15196

21.0938 1.15196
21.4844 1.1526

21.4844 1.1526
21.875 1.15332

21.875 1.15332
22.2656 1.15411

22.2656 1.15412
22.6562 1.15498

22.6562 1.15498
23.0469 1.15589

23.0469 1.1559
23.4375 1.15686

23.4375 1.15686
23.8281 1.15787

23.8281 1.15787
24.2188 1.1589

24.2188 1.15891
24.6094 1.15996

24.6094 1.15996
25 1.16103

25 1.16103
25.3906 1.1621

25.3906 1.1621
25.7812 1.16315

25.7812 1.16315
26.1719 1.16419

26.1719 1.16419
26.5625 1.16519

26.5625 1.16519
26.9531 1.16616

26.9531 1.16616
27.3438 1.16707

27.3438 1.16707
27.7344 1.16793

27.7344 1.16793
28.125 1.16872

28.125 1.16872
28.5156 1.16943

28.5156 1.16943
28.9062 1.17006

28.9062 1.17007
29.2969 1.17061

29.2969 1.17061
29.6875 1.17106

29.6875 1.17106
30.0781 1.17142

30.0781 1.17142
30.4688 1.17168

30.4688 1.17167
30.8594 1.17183

31.6406 1.17181
31.2862 1.17188

31.6406 1.17182
32.0312 1.17166

32.0312 1.17166
32.4219 1.17139

32.4219 1.17139
32.8125 1.17103

32.8125 1.17103
33.2031 1.17057

33.2031 1.17057
33.5938 1.17002

33.5938 1.17001
33.9844 1.16938

33.9844 1.16937
34.375 1.16866

34.375 1.16865
34.7656 1.16786

34.7656 1.16786
35.1562 1.167

35.1562 1.167
35.5469 1.16608

35.5469 1.16608
35.9375 1.16511

35.9375 1.16511
36.3281 1.16411

36.3281 1.1641
36.7188 1.16307

36.7188 1.16307
37.1094 1.16201

37.1094 1.16201
37.5 1.16094

37.5 1.16094
37.8906 1.15988

37.8906 1.15988
38.2812 1.15882

38.2812 1.15882
38.6719 1.15779

38.6719 1.15779
39.0625 1.15678

39.0625 1.15678
39.4531 1.15582

39.4531 1.15582
39.8438 1.15491

39.8438 1.1549
40.2344 1.15405

40.2344 1.15405
40.625 1.15326

40.625 1.15326
41.0156 1.15255

41.0156 1.15255
41.4062 1.15192

41.4062 1.15191
41.7969 1.15137

41.7969 1.15137
42.1875 1.15092

42.1875 1.15092
42.5781 1.15056

42.5781 1.15056
42.9688 1.15031

42.9688 1.15031
43.3594 1.15015

43.3594 1.15015
43.75 1.15011

43.75 1.15011
44.1406 1.15016

44.1406 1.15016
44.5312 1.15032

44.5312 1.15032
44.9219 1.15058

44.9219 1.15058
45.3125 1.15095

45.3125 1.15095
45.7031 1.1514

45.7031 1.1514
46.0938 1.15195

46.0938 1.15195
46.4844 1.15258

46.4844 1.15259
46.875 1.1533

46.875 1.1533
47.2656 1.15408

47.2656 1.15408
47.6562 1.15492

47.6562 1.15492
48.0469 1.15582

48.0469 1.15582
48.4375 1.15675

48.4375 1.15676
48.8281 1.15772

48.8281 1.15772
49.2188 1.1587

49.2188 1.15871
49.6094 1.15969

49.6094 1.1597
50 1.16067

50 1.16067
50.3906 1.16162

50.3906 1.16162
50.7812 1.16253

50.7812 1.16253
51.1719 1.16338

51.1719 1.16338
51.5625 1.16415

51.5625 1.16415
51.9531 1.16482

51.9531 1.16482
52.3438 1.16538

52.3438 1.16538
52.7344 1.1658

52.7344 1.1658
53.125 1.16606

53.125 1.16606
53.5156 1.16614

53.5156 1.16614
53.9062 1.16601

53.9062 1.16602
54.2969 1.16567

54.2969 1.16567
54.6875 1.16507

54.6875 1.16508
55.0781 1.16421

55.0781 1.16422
55.4688 1.16306

55.4688 1.16306
55.8594 1.1616

55.8594 1.16161
56.25 1.15982

56.25 1.15983
56.6406 1.1577

56.6406 1.15771
57.0312 1.15524

57.0312 1.15524
57.4219 1.15241

57.4219 1.15241
57.8125 1.14922

57.8125 1.14922
58.2031 1.14567

58.2031 1.14567
58.5938 1.14176

58.5938 1.14176
58.9844 1.1375

58.9844 1.13749
59.375 1.1329

59.375 1.1329
59.7656 1.12799

59.7656 1.12799
60.1562 1.12279

60.1562 1.12278
60.5469 1.11732

60.5469 1.11731
60.9375 1.11162

60.9375 1.11161
61.3281 1.10572

61.3281 1.10571
61.7188 1.09967

61.7188 1.09966
62.1094 1.0935

62.1094 1.09349
62.5 1.08726

62.5 1.08724
62.8906 1.08098

62.8906 1.08097
63.2812 1.07473

63.2812 1.07472
63.6719 1.06854

63.6719 1.06853
64.0625 1.06245

64.0625 1.06244
64.4531 1.0565

64.4531 1.05649
64.8438 1.05074

64.8438 1.05073
65.2344 1.0452

65.2344 1.04519
65.625 1.0399

65.625 1.03989
66.0156 1.03488

66.0156 1.03487
66.4062 1.03016

66.4062 1.03015
66.7969 1.02575

66.7969 1.02575
67.1875 1.02168

67.1875 1.02168
67.5781 1.01794

67.5781 1.01794
67.9688 1.01456

67.9688 1.01456
68.3594 1.01152

68.3594 1.01152
68.75 1.00883

68.75 1.00883
69.1406 1.00647

69.1406 1.00647
69.5312 1.00444

69.5312 1.00445
69.9219 1.00274

69.9219 1.00274
70.3125 1.00133

70.3125 1.00134
70.7031 1.00021

70.7031 1.00022
71.0938 0.999362

71.0938 0.999367
71.4844 0.998761

71.4844 0.998766
71.875 0.998388

71.875 0.998394
72.2656 0.998224

72.2656 0.998229
72.6562 0.998247

72.6562 0.998252
73.0469 0.998435

73.0469 0.99844
73.4375 0.998769

73.4375 0.998774
73.8281 0.999226

73.8281 0.999231
74.2188 0.999788

74.2188 0.999793
74.6094 1.00043

74.6094 1.00044
75 1.00115

75 1.00115
75.3906 1.00191

75.3906 1.00191
75.7812 1.0027

75.7812 1.0027
76.1719 1.00351

76.1719 1.00351
76.5625 1.00432

76.5625 1.00432
76.9531 1.00511

76.9531 1.00512
77.3438 1.00588

77.3438 1.00589
77.7344 1.00661

77.7344 1.00662
78.125 1.0073

78.125 1.0073
78.5156 1.00792

78.5156 1.00792
78.9062 1.00848

78.9062 1.00848
79.2969 1.00897

79.2969 1.00897
79.6875 1.00937

79.6875 1.00937
80.0781 1.00969

80.0781 1.00969
80.4688 1.00992

80.4688 1.00992
80.8594 1.01006

80.8594 1.01006
81.25 1.01011

81.25 1.01011
81.6406 1.01006

81.6406 1.01006
82.0312 1.00991

82.0312 1.00991
82.4219 1.00967

82.4219 1.08562
82.8125 0.933386

82.8754 0
82.9126 0.390625

82.9898 0.390625
82.9472 0.78125

82.8125 1.16786
83.1332 0.78125

