6.64062 1.17181
6.28607 1.17188

6.64062 1.17182
7.03125 1.17166

7.03125 1.17166
7.42188 1.17139

7.42188 1.17139
7.8125 1.17103

7.8125 1.17103
8.20312 1.17057

8.20312 1.17057
8.59375 1.17002

8.59375 1.17001
8.98438 1.16938

8.98438 1.16937
9.375 1.16866

9.375 1.16865
9.76562 1.16786

9.76562 1.16786
10.1562 1.167

10.1562 1.167
10.5469 1.16608

10.5469 1.16608
10.9375 1.16511

10.9375 1.16511
11.3281 1.16411

11.3281 1.1641
11.7188 1.16307

11.7188 1.16307
12.1094 1.16201

12.1094 1.16201
12.5 1.16094

12.5 1.16094
12.8906 1.15988

12.8906 1.15988
13.2812 1.15882

13.2812 1.15882
13.6719 1.15779

13.6719 1.15778
14.0625 1.15678

14.0625 1.15678
14.4531 1.15582

14.4531 1.15582
14.8438 1.15491

14.8438 1.1549
15.2344 1.15405

15.2344 1.15405
15.625 1.15326

15.625 1.15326
16.0156 1.15255

16.0156 1.15255
16.4062 1.15192

16.4062 1.15191
16.7969 1.15137

16.7969 1.15137
17.1875 1.15092

17.1875 1.15092
17.5781 1.15056

17.5781 1.15056
17.9688 1.15031

17.9688 1.15031
18.3594 1.15015

18.3594 1.15015
18.75 1.1501

18.75 1.1501
19.1406 1.15016

19.1406 1.15016
19.5312 1.15032

19.5312 1.15032
19.9219 1.15059

19.9219 1.15059
20.3125 1.15095

20.3125 1.15095
20.7031 1.15141

20.7031 1.15141
21.0938 1.15196

21.0938 1.15196
21.4844 1.1526

21.4844 1.1526
21.875 1.15332

21.875 1.15332
22.2656 1.15411

22.2656 1.15412
22.6562 1.15498

22.6562 1.15498
23.0469 1.15589

23.0469 1.1559
23.4375 1.15686

23.4375 1.15686
23.8281 1.15787

23.8281 1.15787
24.2188 1.1589

24.2188 1.15891
24.6094 1.15996

24.6094 1.15996
25 1.16103

25 1.16103
25.3906 1.1621

25.3906 1.1621
25.7812 1.16315

25.7812 1.16315
26.1719 1.16419

26.1719 1.16419
26.5625 1.16519

26.5625 1.16519
26.9531 1.16616

26.9531 1.16616
27.3438 1.16707

27.3438 1.16707
27.7344 1.16793

27.7344 1.16793
28.125 1.16872

28.125 1.16872
28.5156 1.16943

28.5156 1.16943
28.9062 1.17006

28.9062 1.17007
29.2969 1.17061

29.2969 1.17061
29.6875 1.17106

29.6875 1.17106
30.0781 1.17142

30.0781 1.17142
30.4688 1.17168

30.4688 1.17167
30.8594 1.17183

31.6406 1.17181
31.2861 1.17188

31.6406 1.17182
32.0312 1.17166

32.0312 1.17166
32.4219 1.17139

32.4219 1.17139
32.8125 1.17103

32.8125 1.17103
33.2031 1.17057

33.2031 1.17057
33.5938 1.17002

33.5938 1.17001
33.9844 1.16938

33.9844 1.16937
34.375 1.16866

34.375 1.16865
34.7656 1.16786

34.7656 1.16786
35.1562 1.167

35.1562 1.167
35.5469 1.16608

35.5469 1.16608
35.9375 1.16511

35.9375 1.16511
36.3281 1.16411

36.3281 1.1641
36.7188 1.16307

36.7188 1.16307
37.1094 1.16201

37.1094 1.16201
37.5 1.16095

37.5 1.16094
37.8906 1.15988

37.8906 1.15988
38.2812 1.15882

38.2812 1.15882
38.6719 1.15779

38.6719 1.15779
39.0625 1.15678

39.0625 1.15678
39.4531 1.15582

39.4531 1.15582
39.8438 1.15491

39.8438 1.1549
40.2344 1.15405

40.2344 1.15405
40.625 1.15326

40.625 1.15326
41.0156 1.15255

41.0156 1.15255
41.4062 1.15192

41.4062 1.15191
41.7969 1.15137

41.7969 1.15137
42.1875 1.15092

42.1875 1.15092
42.5781 1.15056

42.5781 1.15056
42.9688 1.15031

42.9688 1.15031
43.3594 1.15015

43.3594 1.15015
43.75 1.15011

43.75 1.15011
44.1406 1.15016

44.1406 1.15016
44.5312 1.15032

44.5312 1.15032
44.9219 1.15059

44.9219 1.15059
45.3125 1.15095

45.3125 1.15095
45.7031 1.15141

45.7031 1.15141
46.0938 1.15196

46.0938 1.15196
46.4844 1.1526

46.4844 1.1526
46.875 1.15332

46.875 1.15332
47.2656 1.15412

47.2656 1.15412
47.6562 1.15498

47.6562 1.15498
48.0469 1.15589

48.0469 1.1559
48.4375 1.15686

48.4375 1.15686
48.8281 1.15787

48.8281 1.15787
49.2188 1.15891

49.2188 1.15891
49.6094 1.15996

49.6094 1.15996
50 1.16103

50 1.16103
50.3906 1.1621

50.3906 1.1621
50.7812 1.16315

50.7812 1.16315
51.1719 1.16419

51.1719 1.16419
51.5625 1.16519

51.5625 1.16519
51.9531 1.16615

51.9531 1.16615
52.3438 1.16706

52.3438 1.16706
52.7344 1.16791

52.7344 1.16791
53.125 1.16869

53.125 1.1687
53.5156 1.1694

53.5156 1.1694
53.9062 1.17002

53.9062 1.17002
54.2969 1.17055

54.2969 1.17055
54.6875 1.17098

54.6875 1.17098
55.0781 1.1713

55.0781 1.17131
55.4688 1.17152

55.4688 1.17152
55.8594 1.17162

55.8594 1.17162
56.25 1.1716

56.25 1.1716
56.6406 1.17146

56.6406 1.17146
57.0312 1.17119

57.0312 1.17119
57.4219 1.17079

57.4219 1.17079
57.8125 1.17026

57.8125 1.17026
58.2031 1.16959

58.2031 1.16959
58.5938 1.16879

58.5938 1.16879
58.9844 1.16784

58.9844 1.16784
59.375 1.16674

59.375 1.16674
59.7656 1.1655

59.7656 1.1655
60.1562 1.1641

60.1562 1.16411
60.5469 1.16256

60.5469 1.16256
60.9375 1.16085

60.9375 1.16085
61.3281 1.15898

61.3281 1.15898
61.7188 1.15695

61.7188 1.15695
62.1094 1.15474

62.1094 1.15474
62.5 1.15237

62.5 1.15237
62.8906 1.14982

62.8906 1.14982
63.2812 1.14709

63.2812 1.14709
63.6719 1.14419

63.6719 1.14419
64.0625 1.14111

64.0625 1.14111
64.4531 1.13785

64.4531 1.13785
64.8438 1.13442

64.8438 1.13442
65.2344 1.13082

65.2344 1.13082
65.625 1.12705

65.625 1.12705
66.0156 1.12313

66.0156 1.12313
66.4062 1.11907

66.4062 1.11906
66.7969 1.11487

66.7969 1.11486
67.1875 1.11055

67.1875 1.11054
67.5781 1.10613

67.5781 1.10612
67.9688 1.10162

67.9688 1.10162
68.3594 1.09706

68.3594 1.09705
68.75 1.09245

68.75 1.09244
69.1406 1.08782

69.1406 1.08781
69.5312 1.08319

69.5312 1.08318
69.9219 1.0786

69.9219 1.07859
70.3125 1.07405

70.3125 1.07405
70.7031 1.06959

70.7031 1.06958
71.0938 1.06523

71.0938 1.06522
71.4844 1.06099

71.4844 1.06098
71.875 1.05689

71.875 1.05689
72.2656 1.05296

72.2656 1.05296
72.6562 1.04921

72.6562 1.04921
73.0469 1.04566

73.0469 1.04566
73.4375 1.04231

73.4375 1.04231
73.8281 1.03918

73.8281 1.03917
74.2188 1.03626

74.2188 1.03626
74.6094 1.03357

74.6094 1.03357
75 1.0311

75 1.03111
75.3906 1.02886

75.3906 1.02886
75.7812 1.02682

75.7812 1.02682
76.1719 1.02499

76.1719 1.02499
76.5625 1.02335

76.5625 1.02336
76.9531 1.02189

76.9531 1.0219
77.3438 1.0206

77.3438 1.02061
77.7344 1.01946

77.7344 1.01946
78.125 1.01845

78.125 1.01845
78.5156 1.01755

78.5156 1.01756
78.9062 1.01676

78.9062 1.01676
79.2969 1.01604

79.2969 1.01604
79.6875 1.01539

79.6875 1.01539
80.0781 1.01478

80.0781 1.01478
80.4688 1.0142

80.4688 1.0142
80.8594 1.01364

80.8594 1.01364
81.25 1.01308

81.25 1.01309
81.6406 1.01252

81.6406 1.01252
82.0312 1.01194

82.0312 1.01194
82.4219 1.01133

82.4219 1.01133
82.8125 1.01069

82.8125 1.01069
83.2031 1.01001

83.2031 1.01001
83.5938 1.00929

83.5938 1.00929
83.9844 1.00853

83.9844 1.00853
84.375 1.00773

84.375 1.00773
84.7656 1.00688

84.7656 1.00688
85.1562 1.006

85.1562 1.006
85.5469 1.00508

85.5469 1.00508
85.9375 1.00413

85.9375 1.00413
86.3281 1.00316

86.3281 1.00316
86.7188 1.00217

86.7188 1.00217
87.1094 1.00117

87.1094 1.00117
87.5 1.00017

87.5 1.00017
87.8906 0.999171

87.8906 0.999169
88.2812 0.998187

88.2812 0.998185
88.6719 0.997225

88.6719 0.997223
89.0625 0.996293

89.0625 0.996291
89.4531 0.9954

89.4531 0.995398
89.8438 0.994554

89.8438 0.994553
90.2344 0.993763

90.2344 0.993761
90.625 0.993034

90.625 0.993032
91.0156 0.992373

91.0156 0.992372
91.4062 0.991787

91.4062 0.991786
91.7969 0.991282

91.7969 0.991281
92.1875 0.990862

92.6829 0
92.7206 0.390625

92.8116 0.390625
92.7424 0.78125

92.1875 1.04948
92.5781 0.931912

92.5781 1.14669
92.934 0.78125

