6.64062 1.17181
6.28601 1.17188

6.64062 1.17182
7.03125 1.17166

7.03125 1.17166
7.42188 1.17139

7.42188 1.17139
7.8125 1.17103

7.8125 1.17103
8.20312 1.17057

8.20312 1.17057
8.59375 1.17002

8.59375 1.17001
8.98438 1.16938

8.98438 1.16937
9.375 1.16866

9.375 1.16865
9.76562 1.16786

9.76562 1.16786
10.1562 1.167

10.1562 1.167
10.5469 1.16608

10.5469 1.16608
10.9375 1.16511

10.9375 1.16511
11.3281 1.16411

11.3281 1.1641
11.7188 1.16307

11.7188 1.16307
12.1094 1.16201

12.1094 1.16201
12.5 1.16094

12.5 1.16094
12.8906 1.15988

12.8906 1.15988
13.2812 1.15882

13.2812 1.15882
13.6719 1.15779

13.6719 1.15778
14.0625 1.15678

14.0625 1.15678
14.4531 1.15582

14.4531 1.15582
14.8438 1.15491

14.8438 1.1549
15.2344 1.15405

15.2344 1.15405
15.625 1.15326

15.625 1.15326
16.0156 1.15255

16.0156 1.15255
16.4062 1.15192

16.4062 1.15191
16.7969 1.15137

16.7969 1.15137
17.1875 1.15092

17.1875 1.15092
17.5781 1.15056

17.5781 1.15056
17.9688 1.15031

17.9688 1.15031
18.3594 1.15015

18.3594 1.15015
18.75 1.15011

18.75 1.15011
19.1406 1.15016

19.1406 1.15016
19.5312 1.15032

19.5312 1.15032
19.9219 1.15059

19.9219 1.15059
20.3125 1.15095

20.3125 1.15095
20.7031 1.15141

20.7031 1.15141
21.0938 1.15196

21.0938 1.15196
21.4844 1.1526

21.4844 1.1526
21.875 1.15332

21.875 1.15332
22.2656 1.15411

22.2656 1.15412
22.6562 1.15497

22.6562 1.15498
23.0469 1.15589

23.0469 1.1559
23.4375 1.15686

23.4375 1.15686
23.8281 1.15787

23.8281 1.15787
24.2188 1.1589

24.2188 1.15891
24.6094 1.15996

24.6094 1.15996
25 1.16103

25 1.16103
25.3906 1.1621

25.3906 1.1621
25.7812 1.16315

25.7812 1.16316
26.1719 1.16419

26.1719 1.16419
26.5625 1.16519

26.5625 1.1652
26.9531 1.16616

26.9531 1.16616
27.3438 1.16707

27.3438 1.16707
27.7344 1.16793

27.7344 1.16793
28.125 1.16872

28.125 1.16872
28.5156 1.16943

28.5156 1.16943
28.9062 1.17007

28.9062 1.17007
29.2969 1.17061

29.2969 1.17061
29.6875 1.17107

29.6875 1.17107
30.0781 1.17142

30.0781 1.17142
30.4688 1.17168

30.4688 1.17168
30.8594 1.17183

30.8594 1.17184
31.126 1.17188

31.6406 1.17182
31.2725 1.17188

31.6406 1.17182
32.0312 1.17166

32.0312 1.17166
32.4219 1.17139

32.4219 1.17139
32.8125 1.17102

32.8125 1.17102
33.2031 1.17055

33.2031 1.17055
33.5938 1.16999

33.5938 1.16998
33.9844 1.16933

33.9844 1.16933
34.375 1.16858

34.375 1.16858
34.7656 1.16774

34.7656 1.16774
35.1562 1.16683

35.1562 1.16683
35.5469 1.16584

35.5469 1.16584
35.9375 1.16477

35.9375 1.16477
36.3281 1.16362

36.3281 1.16362
36.7188 1.1624

36.7188 1.16241
37.1094 1.16111

37.1094 1.16111
37.5 1.15974

37.5 1.15974
37.8906 1.15828

37.8906 1.15828
38.2812 1.15673

38.2812 1.15673
38.6719 1.15508

38.6719 1.15508
39.0625 1.15331

39.0625 1.15331
39.4531 1.15142

39.4531 1.15142
39.8438 1.14938

39.8438 1.14938
40.2344 1.14718

40.2344 1.14718
40.625 1.1448

40.625 1.14481
41.0156 1.14223

41.0156 1.14223
41.4062 1.13944

41.4062 1.13944
41.7969 1.13642

41.7969 1.13643
42.1875 1.13317

42.1875 1.13317
42.5781 1.12966

42.5781 1.12966
42.9688 1.12589

42.9688 1.12589
43.3594 1.12187

43.3594 1.12187
43.75 1.1176

43.75 1.11759
44.1406 1.11308

44.1406 1.11308
44.5312 1.10835

44.5312 1.10834
44.9219 1.10341

44.9219 1.1034
45.3125 1.09831

45.3125 1.0983
45.7031 1.09307

45.7031 1.09306
46.0938 1.08773

46.0938 1.08772
46.4844 1.08235

46.4844 1.08234
46.875 1.07696

46.875 1.07695
47.2656 1.07161

47.2656 1.0716
47.6562 1.06635

47.6562 1.06634
48.0469 1.06122

48.0469 1.06121
48.4375 1.05627

48.4375 1.05626
48.8281 1.05153

48.8281 1.05152
49.2188 1.04704

49.2188 1.04703
49.6094 1.04283

49.6094 1.04282
50 1.03892

50 1.03891
50.3906 1.03532

50.3906 1.03531
50.7812 1.03204

50.7812 1.03204
51.1719 1.02908

51.1719 1.02908
51.5625 1.02644

51.5625 1.02644
51.9531 1.02411

51.9531 1.02411
52.3438 1.02207

52.3438 1.02207
52.7344 1.0203

52.7344 1.0203
53.125 1.01877

53.125 1.01878
53.5156 1.01747

53.5156 1.01747
53.9062 1.01635

53.9062 1.01636
54.2969 1.0154

54.2969 1.01541
54.6875 1.01459

54.6875 1.0146
55.0781 1.01388

55.0781 1.01389
55.4688 1.01326

55.4688 1.01327
55.8594 1.01269

55.8594 1.0127
56.25 1.01216

56.25 1.01216
56.6406 1.01164

56.6406 1.01164
57.0312 1.01112

57.0312 1.01112
57.4219 1.01058

57.4219 1.01058
57.8125 1.01002

57.8125 1.01002
58.2031 1.00941

58.2031 1.00942
58.5938 1.00877

58.5938 1.00877
58.9844 1.00808

58.9844 1.00808
59.375 1.00735

59.375 1.00734
59.7656 1.00656

59.7656 1.00656
60.1562 1.00573

60.1562 1.00573
60.5469 1.00486

60.5469 1.00486
60.9375 1.00395

60.9375 1.00395
61.3281 1.00302

61.3281 1.00302
61.7188 1.00206

62.1246 0
62.1621 0.390625

62.238 0.390625
62.1988 0.78125

61.7188 1.09582
62.1094 0.907318

62.1094 1.14771
62.3777 0.78125

