6.64062 1.17181
6.28607 1.17188

6.64062 1.17182
7.03125 1.17166

7.03125 1.17166
7.42188 1.17139

7.42188 1.17139
7.8125 1.17103

7.8125 1.17103
8.20312 1.17057

8.20312 1.17057
8.59375 1.17002

8.59375 1.17001
8.98438 1.16938

8.98438 1.16937
9.375 1.16866

9.375 1.16865
9.76562 1.16786

9.76562 1.16786
10.1562 1.167

10.1562 1.167
10.5469 1.16608

10.5469 1.16608
10.9375 1.16511

10.9375 1.16511
11.3281 1.16411

11.3281 1.1641
11.7188 1.16307

11.7188 1.16307
12.1094 1.16201

12.1094 1.16201
12.5 1.16094

12.5 1.16094
12.8906 1.15988

12.8906 1.15988
13.2812 1.15882

13.2812 1.15882
13.6719 1.15779

13.6719 1.15778
14.0625 1.15678

14.0625 1.15678
14.4531 1.15582

14.4531 1.15582
14.8438 1.15491

14.8438 1.1549
15.2344 1.15405

15.2344 1.15405
15.625 1.15326

15.625 1.15326
16.0156 1.15255

16.0156 1.15255
16.4062 1.15192

16.4062 1.15191
16.7969 1.15137

16.7969 1.15137
17.1875 1.15092

17.1875 1.15092
17.5781 1.15056

17.5781 1.15056
17.9688 1.15031

17.9688 1.15031
18.3594 1.15015

18.3594 1.15015
18.75 1.15011

18.75 1.15011
19.1406 1.15016

19.1406 1.15016
19.5312 1.15032

19.5312 1.15032
19.9219 1.15059

19.9219 1.15059
20.3125 1.15095

20.3125 1.15095
20.7031 1.15141

20.7031 1.15141
21.0938 1.15196

21.0938 1.15196
21.4844 1.1526

21.4844 1.1526
21.875 1.15332

21.875 1.15332
22.2656 1.15412

22.2656 1.15412
22.6562 1.15498

22.6562 1.15498
23.0469 1.15589

23.0469 1.1559
23.4375 1.15686

23.4375 1.15686
23.8281 1.15787

23.8281 1.15787
24.2188 1.1589

24.2188 1.15891
24.6094 1.15996

24.6094 1.15996
25 1.16103

25 1.16103
25.3906 1.1621

25.3906 1.1621
25.7812 1.16315

25.7812 1.16315
26.1719 1.16419

26.1719 1.16419
26.5625 1.16519

26.5625 1.16519
26.9531 1.16616

26.9531 1.16616
27.3438 1.16707

27.3438 1.16707
27.7344 1.16793

27.7344 1.16793
28.125 1.16872

28.125 1.16872
28.5156 1.16943

28.5156 1.16943
28.9062 1.17006

28.9062 1.17007
29.2969 1.17061

29.2969 1.17061
29.6875 1.17106

29.6875 1.17106
30.0781 1.17142

30.0781 1.17142
30.4688 1.17168

30.4688 1.17167
30.8594 1.17183

31.6406 1.17181
31.2858 1.17188

31.6406 1.17182
32.0312 1.17166

32.0312 1.17166
32.4219 1.17139

32.4219 1.17139
32.8125 1.17103

32.8125 1.17103
33.2031 1.17057

33.2031 1.17057
33.5938 1.17002

33.5938 1.17002
33.9844 1.16938

33.9844 1.16938
34.375 1.16866

34.375 1.16865
34.7656 1.16786

34.7656 1.16786
35.1562 1.167

35.1562 1.167
35.5469 1.16608

35.5469 1.16608
35.9375 1.16511

35.9375 1.16511
36.3281 1.16411

36.3281 1.1641
36.7188 1.16307

36.7188 1.16307
37.1094 1.16201

37.1094 1.16201
37.5 1.16095

37.5 1.16094
37.8906 1.15988

37.8906 1.15988
38.2812 1.15882

38.2812 1.15882
38.6719 1.15779

38.6719 1.15779
39.0625 1.15678

39.0625 1.15678
39.4531 1.15582

39.4531 1.15582
39.8438 1.15491

39.8438 1.1549
40.2344 1.15405

40.2344 1.15405
40.625 1.15326

40.625 1.15326
41.0156 1.15255

41.0156 1.15255
41.4062 1.15192

41.4062 1.15191
41.7969 1.15137

41.7969 1.15137
42.1875 1.15092

42.1875 1.15092
42.5781 1.15056

42.5781 1.15056
42.9688 1.15031

42.9688 1.15031
43.3594 1.15015

43.3594 1.15015
43.75 1.15011

43.75 1.15011
44.1406 1.15016

44.1406 1.15016
44.5312 1.15032

44.5312 1.15032
44.9219 1.15059

44.9219 1.15059
45.3125 1.15095

45.3125 1.15095
45.7031 1.15141

45.7031 1.15141
46.0938 1.15196

46.0938 1.15196
46.4844 1.1526

46.4844 1.1526
46.875 1.15332

46.875 1.15332
47.2656 1.15412

47.2656 1.15412
47.6562 1.15498

47.6562 1.15498
48.0469 1.15589

48.0469 1.1559
48.4375 1.15686

48.4375 1.15686
48.8281 1.15787

48.8281 1.15787
49.2188 1.1589

49.2188 1.15891
49.6094 1.15996

49.6094 1.15996
50 1.16102

50 1.16103
50.3906 1.16209

50.3906 1.16209
50.7812 1.16314

50.7812 1.16314
51.1719 1.16417

51.1719 1.16417
51.5625 1.16516

51.5625 1.16516
51.9531 1.16611

51.9531 1.16611
52.3438 1.16701

52.3438 1.16701
52.7344 1.16784

52.7344 1.16784
53.125 1.16859

53.125 1.16859
53.5156 1.16926

53.5156 1.16926
53.9062 1.16984

53.9062 1.16984
54.2969 1.17031

54.2969 1.17031
54.6875 1.17067

54.6875 1.17067
55.0781 1.17091

55.0781 1.17091
55.4688 1.17101

55.4688 1.17101
55.8594 1.17098

55.8594 1.17098
56.25 1.1708

56.25 1.1708
56.6406 1.17045

56.6406 1.17046
57.0312 1.16995

57.0312 1.16995
57.4219 1.16926

57.4219 1.16927
57.8125 1.1684

57.8125 1.1684
58.2031 1.16734

58.2031 1.16734
58.5938 1.16608

58.5938 1.16608
58.9844 1.16461

58.9844 1.16461
59.375 1.16293

59.375 1.16293
59.7656 1.16102

59.7656 1.16102
60.1562 1.15888

60.1562 1.15888
60.5469 1.1565

60.5469 1.1565
60.9375 1.15388

60.9375 1.15388
61.3281 1.15102

61.3281 1.15102
61.7188 1.14792

61.7188 1.14792
62.1094 1.14456

62.1094 1.14456
62.5 1.14097

62.5 1.14097
62.8906 1.13714

62.8906 1.13714
63.2812 1.13309

63.2812 1.13308
63.6719 1.12881

63.6719 1.12881
64.0625 1.12433

64.0625 1.12433
64.4531 1.11967

64.4531 1.11966
64.8438 1.11483

64.8438 1.11482
65.2344 1.10985

65.2344 1.10984
65.625 1.10474

65.625 1.10474
66.0156 1.09955

66.0156 1.09954
66.4062 1.09428

66.4062 1.09427
66.7969 1.08898

66.7969 1.08897
67.1875 1.08367

67.1875 1.08366
67.5781 1.07839

67.5781 1.07838
67.9688 1.07316

67.9688 1.07315
68.3594 1.06803

68.3594 1.06802
68.75 1.06301

68.75 1.06301
69.1406 1.05815

69.1406 1.05814
69.5312 1.05346

69.5312 1.05345
69.9219 1.04897

69.9219 1.04897
70.3125 1.04471

70.3125 1.0447
70.7031 1.04069

70.7031 1.04068
71.0938 1.03692

71.0938 1.03692
71.4844 1.03343

71.4844 1.03343
71.875 1.03021

71.875 1.03021
72.2656 1.02728

72.2656 1.02728
72.6562 1.02463

72.6562 1.02463
73.0469 1.02226

73.0469 1.02226
73.4375 1.02016

73.4375 1.02017
73.8281 1.01834

73.8281 1.01834
74.2188 1.01676

74.2188 1.01677
74.6094 1.01543

74.6094 1.01543
75 1.01432

75 1.01433
75.3906 1.01342

75.3906 1.01342
75.7812 1.0127

75.7812 1.0127
76.1719 1.01215

76.1719 1.01215
76.5625 1.01174

76.5625 1.01174
76.9531 1.01145

76.9531 1.01145
77.3438 1.01126

77.3438 1.01127
77.7344 1.01116

77.7344 1.01116
78.125 1.01111

78.125 1.01111
78.5156 1.0111

78.5156 1.01111
78.9062 1.01112

78.9062 1.01112
79.2969 1.01114

79.2969 1.01115
79.6875 1.01116

79.6875 1.01116
80.0781 1.01114

80.0781 1.01115
80.4688 1.0111

80.4688 1.0111
80.8594 1.01101

80.8594 1.01101
81.25 1.01086

81.25 1.01086
81.6406 1.01065

81.6406 1.01065
82.0312 1.01038

82.0312 1.01038
82.4219 1.01004

82.4219 1.01004
82.8125 1.00963

82.8125 1.00963
83.2031 1.00914

83.2031 1.00914
83.5938 1.00858

83.5938 1.00858
83.9844 1.00796

83.9844 1.00796
84.375 1.00727

84.375 1.00727
84.7656 1.00652

84.7656 1.00651
85.1562 1.00571

85.1562 1.00571
85.5469 1.00485

85.5469 1.00485
85.9375 1.00395

85.9375 1.00395
86.3281 1.00302

86.3281 1.00302
86.7188 1.00206

86.7188 1.00206
87.1094 1.00109

87.1094 1.00109
87.5 1.00011

87.5 1.0001
87.8906 0.999124

87.8906 0.999122
88.2812 0.998152

88.2812 0.99815
88.6719 0.997199

88.6719 0.997197
89.0625 0.996275

89.5893 0
89.6269 0.390625

89.7188 0.390625
89.6475 0.78125

89.0625 1.04286
89.4531 0.948802

89.4531 1.15717
89.8437 0.78125

89.8438 0.812111
89.8555 0.78125

