6.64062 1.17181
6.28619 1.17188

6.64062 1.17182
7.03125 1.17166

7.03125 1.17166
7.42188 1.17139

7.42188 1.17139
7.8125 1.17103

7.8125 1.17103
8.20312 1.17057

8.20312 1.17057
8.59375 1.17002

8.59375 1.17001
8.98438 1.16938

8.98438 1.16937
9.375 1.16866

9.375 1.16865
9.76562 1.16786

9.76562 1.16786
10.1562 1.167

10.1562 1.167
10.5469 1.16608

10.5469 1.16608
10.9375 1.16511

10.9375 1.16511
11.3281 1.16411

11.3281 1.1641
11.7188 1.16307

11.7188 1.16307
12.1094 1.16201

12.1094 1.16201
12.5 1.16094

12.5 1.16094
12.8906 1.15988

12.8906 1.15988
13.2812 1.15882

13.2812 1.15882
13.6719 1.15779

13.6719 1.15778
14.0625 1.15678

14.0625 1.15678
14.4531 1.15582

14.4531 1.15582
14.8438 1.15491

14.8438 1.1549
15.2344 1.15405

15.2344 1.15405
15.625 1.15326

15.625 1.15326
16.0156 1.15255

16.0156 1.15255
16.4062 1.15192

16.4062 1.15191
16.7969 1.15137

16.7969 1.15137
17.1875 1.15092

17.1875 1.15092
17.5781 1.15056

17.5781 1.15056
17.9688 1.15031

17.9688 1.15031
18.3594 1.15015

18.3594 1.15015
18.75 1.15011

18.75 1.15011
19.1406 1.15016

19.1406 1.15016
19.5312 1.15032

19.5312 1.15032
19.9219 1.15059

19.9219 1.15059
20.3125 1.15095

20.3125 1.15095
20.7031 1.15141

20.7031 1.15141
21.0938 1.15196

21.0938 1.15196
21.4844 1.1526

21.4844 1.1526
21.875 1.15332

21.875 1.15332
22.2656 1.15412

22.2656 1.15412
22.6562 1.15498

22.6562 1.15498
23.0469 1.15589

23.0469 1.1559
23.4375 1.15686

23.4375 1.15686
23.8281 1.15787

23.8281 1.15787
24.2188 1.1589

24.2188 1.15891
24.6094 1.15996

24.6094 1.15996
25 1.16103

25 1.16103
25.3906 1.1621

25.3906 1.1621
25.7812 1.16315

25.7812 1.16316
26.1719 1.16419

26.1719 1.16419
26.5625 1.16519

26.5625 1.1652
26.9531 1.16616

26.9531 1.16616
27.3438 1.16707

27.3438 1.16707
27.7344 1.16793

27.7344 1.16793
28.125 1.16872

28.125 1.16872
28.5156 1.16943

28.5156 1.16943
28.9062 1.17006

28.9062 1.17007
29.2969 1.17061

29.2969 1.17061
29.6875 1.17106

29.6875 1.17107
30.0781 1.17142

30.0781 1.17142
30.4688 1.17168

30.4688 1.17167
30.8594 1.17183

31.6406 1.17181
31.287 1.17188

31.6406 1.17182
32.0312 1.17166

32.0312 1.17166
32.4219 1.17139

32.4219 1.17139
32.8125 1.17103

32.8125 1.17103
33.2031 1.17057

33.2031 1.17057
33.5938 1.17002

33.5938 1.17001
33.9844 1.16938

33.9844 1.16937
34.375 1.16866

34.375 1.16865
34.7656 1.16786

34.7656 1.16786
35.1562 1.167

35.1562 1.167
35.5469 1.16608

35.5469 1.16608
35.9375 1.16511

35.9375 1.16511
36.3281 1.16411

36.3281 1.1641
36.7188 1.16307

36.7188 1.16307
37.1094 1.16201

37.1094 1.16201
37.5 1.16095

37.5 1.16094
37.8906 1.15988

37.8906 1.15988
38.2812 1.15882

38.2812 1.15882
38.6719 1.15779

38.6719 1.15779
39.0625 1.15678

39.0625 1.15678
39.4531 1.15582

39.4531 1.15582
39.8438 1.15491

39.8438 1.1549
40.2344 1.15405

40.2344 1.15405
40.625 1.15326

40.625 1.15326
41.0156 1.15255

41.0156 1.15254
41.4062 1.15191

41.4062 1.15191
41.7969 1.15136

41.7969 1.15136
42.1875 1.15091

42.1875 1.15091
42.5781 1.15054

42.5781 1.15054
42.9688 1.15028

42.9688 1.15028
43.3594 1.15012

43.3594 1.15012
43.75 1.15005

43.75 1.15005
44.1406 1.15008

44.1406 1.15008
44.5312 1.15021

44.5312 1.15021
44.9219 1.15043

44.9219 1.15043
45.3125 1.15073

45.3125 1.15073
45.7031 1.15111

45.7031 1.15111
46.0938 1.15156

46.0938 1.15156
46.4844 1.15207

46.4844 1.15207
46.875 1.15261

46.875 1.15262
47.2656 1.15319

47.2656 1.1532
47.6562 1.15378

47.6562 1.15379
48.0469 1.15436

48.0469 1.15437
48.4375 1.15491

48.4375 1.15492
48.8281 1.15541

48.8281 1.15541
49.2188 1.15582

49.2188 1.15583
49.6094 1.15614

49.6094 1.15614
50 1.15631

50 1.15632
50.3906 1.15633

50.3906 1.15634
50.7812 1.15615

50.7812 1.15616
51.1719 1.15576

51.1719 1.15576
51.5625 1.15511

51.5625 1.15511
51.9531 1.15418

51.9531 1.15419
52.3438 1.15295

52.3438 1.15296
52.7344 1.15139

52.7344 1.1514
53.125 1.14948

53.125 1.14949
53.5156 1.14721

53.5156 1.14722
53.9062 1.14457

53.9062 1.14457
54.2969 1.14154

54.2969 1.14154
54.6875 1.13813

54.6875 1.13813
55.0781 1.13434

55.0781 1.13434
55.4688 1.13019

55.4688 1.13018
55.8594 1.12568

55.8594 1.12567
56.25 1.12085

56.25 1.12084
56.6406 1.11572

56.6406 1.11571
57.0312 1.11032

57.0312 1.11031
57.4219 1.1047

57.4219 1.10469
57.8125 1.09889

57.8125 1.09887
58.2031 1.09293

58.2031 1.09292
58.5938 1.08688

58.5938 1.08687
58.9844 1.08078

58.9844 1.08076
59.375 1.07467

59.375 1.07465
59.7656 1.06859

59.7656 1.06858
60.1562 1.0626

60.1562 1.0626
60.5469 1.05674

60.5469 1.05673
60.9375 1.05103

60.9375 1.05102
61.3281 1.04551

61.3281 1.0455
61.7188 1.04021

61.7188 1.04021
62.1094 1.03516

62.1094 1.03516
62.5 1.03037

62.5 1.03037
62.8906 1.02587

62.8906 1.02586
63.2812 1.02165

63.2812 1.02165
63.6719 1.01773

63.6719 1.01773
64.0625 1.01412

64.0625 1.01412
64.4531 1.0108

64.4531 1.0108
64.8438 1.00779

64.8438 1.00779
65.2344 1.00507

65.2344 1.00507
65.625 1.00263

65.625 1.00263
66.0156 1.00047

66.0156 1.00048
66.4062 0.998582

66.4062 0.998585
66.7969 0.996947

66.7969 0.99695
67.1875 0.995554

67.1875 0.995557
67.5781 0.994393

67.5781 0.994396
67.9688 0.99345

67.9688 0.993453
68.3594 0.992712

68.3594 0.992715
68.75 0.992168

68.75 0.992171
69.1406 0.991803

69.1406 0.991806
69.5312 0.991607

69.5312 0.99161
69.9219 0.991568

69.9219 0.99157
70.3125 0.991672

70.3125 0.991675
70.7031 0.991909

70.7031 0.991912
71.0938 0.992268

71.0938 0.992271
71.4844 0.992737

71.4844 0.99274
71.875 0.993305

71.875 0.993308
72.2656 0.993962

72.2656 0.993964
72.6562 0.994695

72.6562 0.994698
73.0469 0.995495

73.0469 0.995498
73.4375 0.996351

73.4375 0.996353
73.8281 0.997251

73.8281 0.997254
74.2188 0.998186

74.2188 0.998188
74.6094 0.999144

74.6094 0.999146
75 1.00011

75 1.00012
75.3906 1.00109

75.3906 1.00109
75.7812 1.00206

75.7812 1.00206
76.1719 1.003

76.1719 1.00301
76.5625 1.00393

76.9692 0
77.0064 0.390625

77.0806 0.390625
77.0437 0.78125

76.5625 1.09822
76.9531 0.910521

76.9531 1.15259
77.2232 0.78125

