6.64062 1.17181
6.28619 1.17188

6.64062 1.17182
7.03125 1.17166

7.03125 1.17166
7.42188 1.17139

7.42188 1.17139
7.8125 1.17103

7.8125 1.17103
8.20312 1.17057

8.20312 1.17057
8.59375 1.17002

8.59375 1.17001
8.98438 1.16938

8.98438 1.16937
9.375 1.16866

9.375 1.16865
9.76562 1.16786

9.76562 1.16786
10.1562 1.167

10.1562 1.167
10.5469 1.16608

10.5469 1.16608
10.9375 1.16511

10.9375 1.16511
11.3281 1.16411

11.3281 1.1641
11.7188 1.16307

11.7188 1.16307
12.1094 1.16201

12.1094 1.16201
12.5 1.16094

12.5 1.16094
12.8906 1.15988

12.8906 1.15988
13.2812 1.15882

13.2812 1.15882
13.6719 1.15779

13.6719 1.15778
14.0625 1.15678

14.0625 1.15678
14.4531 1.15582

14.4531 1.15582
14.8438 1.15491

14.8438 1.1549
15.2344 1.15405

15.2344 1.15405
15.625 1.15326

15.625 1.15326
16.0156 1.15255

16.0156 1.15255
16.4062 1.15192

16.4062 1.15191
16.7969 1.15137

16.7969 1.15137
17.1875 1.15092

17.1875 1.15092
17.5781 1.15056

17.5781 1.15056
17.9688 1.15031

17.9688 1.15031
18.3594 1.15015

18.3594 1.15015
18.75 1.15011

18.75 1.15011
19.1406 1.15016

19.1406 1.15016
19.5312 1.15032

19.5312 1.15032
19.9219 1.15059

19.9219 1.15059
20.3125 1.15095

20.3125 1.15095
20.7031 1.15141

20.7031 1.15141
21.0938 1.15196

21.0938 1.15196
21.4844 1.1526

21.4844 1.1526
21.875 1.15332

21.875 1.15332
22.2656 1.15412

22.2656 1.15412
22.6562 1.15498

22.6562 1.15498
23.0469 1.15589

23.0469 1.1559
23.4375 1.15686

23.4375 1.15686
23.8281 1.15787

23.8281 1.15787
24.2188 1.1589

24.2188 1.15891
24.6094 1.15996

24.6094 1.15996
25 1.16103

25 1.16103
25.3906 1.1621

25.3906 1.1621
25.7812 1.16315

25.7812 1.16316
26.1719 1.16419

26.1719 1.16419
26.5625 1.16519

26.5625 1.1652
26.9531 1.16616

26.9531 1.16616
27.3438 1.16707

27.3438 1.16707
27.7344 1.16793

27.7344 1.16793
28.125 1.16872

28.125 1.16872
28.5156 1.16943

28.5156 1.16943
28.9062 1.17006

28.9062 1.17007
29.2969 1.17061

29.2969 1.17061
29.6875 1.17106

29.6875 1.17107
30.0781 1.17142

30.0781 1.17142
30.4688 1.17168

30.4688 1.17167
30.8594 1.17183

31.6406 1.17181
31.2867 1.17188

31.6406 1.17182
32.0312 1.17166

32.0312 1.17166
32.4219 1.17139

32.4219 1.17139
32.8125 1.17103

32.8125 1.17103
33.2031 1.17057

33.2031 1.17057
33.5938 1.17002

33.5938 1.17001
33.9844 1.16938

33.9844 1.16937
34.375 1.16866

34.375 1.16865
34.7656 1.16786

34.7656 1.16786
35.1562 1.167

35.1562 1.167
35.5469 1.16608

35.5469 1.16608
35.9375 1.16511

35.9375 1.16511
36.3281 1.16411

36.3281 1.1641
36.7188 1.16307

36.7188 1.16307
37.1094 1.16201

37.1094 1.16201
37.5 1.16094

37.5 1.16094
37.8906 1.15988

37.8906 1.15988
38.2812 1.15882

38.2812 1.15882
38.6719 1.15779

38.6719 1.15779
39.0625 1.15678

39.0625 1.15678
39.4531 1.15582

39.4531 1.15582
39.8438 1.15491

39.8438 1.1549
40.2344 1.15405

40.2344 1.15405
40.625 1.15326

40.625 1.15326
41.0156 1.15255

41.0156 1.15254
41.4062 1.15191

41.4062 1.15191
41.7969 1.15136

41.7969 1.15136
42.1875 1.1509

42.1875 1.1509
42.5781 1.15054

42.5781 1.15054
42.9688 1.15028

42.9688 1.15028
43.3594 1.15011

43.3594 1.15011
43.75 1.15004

43.75 1.15004
44.1406 1.15007

44.1406 1.15007
44.5312 1.15019

44.5312 1.15019
44.9219 1.15041

44.9219 1.15041
45.3125 1.1507

45.3125 1.1507
45.7031 1.15107

45.7031 1.15108
46.0938 1.15151

46.0938 1.15152
46.4844 1.15201

46.4844 1.15201
46.875 1.15254

46.875 1.15254
47.2656 1.1531

47.2656 1.1531
47.6562 1.15366

47.6562 1.15367
48.0469 1.15421

48.0469 1.15422
48.4375 1.15473

48.4375 1.15474
48.8281 1.15519

48.8281 1.15519
49.2188 1.15556

49.2188 1.15556
49.6094 1.15581

49.6094 1.15582
50 1.15593

50 1.15594
50.3906 1.15588

50.3906 1.15589
50.7812 1.15563

50.7812 1.15563
51.1719 1.15514

51.1719 1.15515
51.5625 1.1544

51.5625 1.15441
51.9531 1.15338

51.9531 1.15338
52.3438 1.15204

52.3438 1.15204
52.7344 1.15037

52.7344 1.15037
53.125 1.14834

53.125 1.14835
53.5156 1.14595

53.5156 1.14596
53.9062 1.14319

53.9062 1.14319
54.2969 1.14004

54.2969 1.14004
54.6875 1.13651

54.6875 1.1365
55.0781 1.1326

55.0781 1.1326
55.4688 1.12834

55.4688 1.12833
55.8594 1.12373

55.8594 1.12372
56.25 1.11881

56.25 1.1188
56.6406 1.1136

56.6406 1.11359
57.0312 1.10814

57.0312 1.10813
57.4219 1.10246

57.4219 1.10245
57.8125 1.09662

57.8125 1.09661
58.2031 1.09064

58.2031 1.09063
58.5938 1.08459

58.5938 1.08458
58.9844 1.0785

58.9844 1.07849
59.375 1.07242

59.375 1.07241
59.7656 1.0664

59.7656 1.06639
60.1562 1.06047

60.1562 1.06046
60.5469 1.05468

60.5469 1.05467
60.9375 1.04905

60.9375 1.04905
61.3281 1.04363

61.3281 1.04363
61.7188 1.03844

61.7188 1.03843
62.1094 1.0335

62.1094 1.03349
62.5 1.02882

62.5 1.02882
62.8906 1.02443

62.8906 1.02443
63.2812 1.02033

63.2812 1.02033
63.6719 1.01653

63.6719 1.01653
64.0625 1.01302

64.0625 1.01302
64.4531 1.00982

64.4531 1.00982
64.8438 1.00691

64.8438 1.00691
65.2344 1.00428

65.2344 1.00428
65.625 1.00194

65.625 1.00194
66.0156 0.999867

66.0156 0.99987
66.4062 0.998054

66.4062 0.998057
66.7969 0.99649

66.7969 0.996493
67.1875 0.995162

67.1875 0.995165
67.5781 0.994058

67.5781 0.994062
67.9688 0.993167

67.9688 0.99317
68.3594 0.992474

68.3594 0.992477
68.75 0.991969

68.75 0.991972
69.1406 0.991638

69.1406 0.991641
69.5312 0.991472

69.5312 0.991475
69.9219 0.991457

69.9219 0.991459
70.3125 0.991582

70.3125 0.991585
70.7031 0.991837

70.7031 0.99184
71.0938 0.992211

71.0938 0.992213
71.4844 0.992692

71.4844 0.992694
71.875 0.99327

71.875 0.993272
72.2656 0.993934

72.2656 0.993936
72.6562 0.994674

72.6562 0.994676
73.0469 0.995479

73.0469 0.995481
73.4375 0.996338

73.4375 0.996341
73.8281 0.997242

73.8281 0.997245
74.2188 0.998179

74.2188 0.998182
74.6094 0.999139

74.6094 0.999141
75 1.00011

75 1.00011
75.3906 1.00109

75.3906 1.00109
75.7812 1.00205

75.7812 1.00206
76.1719 1.003

76.1719 1.02979
76.5625 0.977142

76.7586 0
76.7958 0.390625

76.8896 0.390625
76.8135 0.78125

76.5625 1.16179
76.9531 0.835823

76.9531 0.942826
77.0176 0.78125

