6.64062 1.17181
6.28625 1.17188

6.64062 1.17182
7.03125 1.17166

7.03125 1.17166
7.42188 1.17139

7.42188 1.17139
7.8125 1.17103

7.8125 1.17103
8.20312 1.17057

8.20312 1.17057
8.59375 1.17002

8.59375 1.17001
8.98438 1.16938

8.98438 1.16937
9.375 1.16866

9.375 1.16865
9.76562 1.16786

9.76562 1.16786
10.1562 1.167

10.1562 1.167
10.5469 1.16608

10.5469 1.16608
10.9375 1.16511

10.9375 1.16511
11.3281 1.16411

11.3281 1.1641
11.7188 1.16307

11.7188 1.16307
12.1094 1.16201

12.1094 1.16201
12.5 1.16094

12.5 1.16094
12.8906 1.15988

12.8906 1.15988
13.2812 1.15882

13.2812 1.15882
13.6719 1.15779

13.6719 1.15778
14.0625 1.15678

14.0625 1.15678
14.4531 1.15582

14.4531 1.15582
14.8438 1.15491

14.8438 1.1549
15.2344 1.15405

15.2344 1.15405
15.625 1.15326

15.625 1.15326
16.0156 1.15255

16.0156 1.15255
16.4062 1.15192

16.4062 1.15191
16.7969 1.15137

16.7969 1.15137
17.1875 1.15092

17.1875 1.15092
17.5781 1.15056

17.5781 1.15056
17.9688 1.15031

17.9688 1.15031
18.3594 1.15015

18.3594 1.15015
18.75 1.15011

18.75 1.15011
19.1406 1.15016

19.1406 1.15016
19.5312 1.15032

19.5312 1.15032
19.9219 1.15059

19.9219 1.15059
20.3125 1.15095

20.3125 1.15095
20.7031 1.15141

20.7031 1.15141
21.0938 1.15196

21.0938 1.15196
21.4844 1.1526

21.4844 1.1526
21.875 1.15332

21.875 1.15332
22.2656 1.15411

22.2656 1.15412
22.6562 1.15497

22.6562 1.15498
23.0469 1.15589

23.0469 1.1559
23.4375 1.15686

23.4375 1.15686
23.8281 1.15787

23.8281 1.15787
24.2188 1.1589

24.2188 1.15891
24.6094 1.15996

24.6094 1.15996
25 1.16103

25 1.16103
25.3906 1.1621

25.3906 1.1621
25.7812 1.16315

25.7812 1.16315
26.1719 1.16419

26.1719 1.16419
26.5625 1.16519

26.5625 1.16519
26.9531 1.16616

26.9531 1.16616
27.3438 1.16707

27.3438 1.16707
27.7344 1.16793

27.7344 1.16793
28.125 1.16872

28.125 1.16872
28.5156 1.16943

28.5156 1.16943
28.9062 1.17006

28.9062 1.17007
29.2969 1.17061

29.2969 1.17061
29.6875 1.17106

29.6875 1.17106
30.0781 1.17142

30.0781 1.17142
30.4688 1.17168

30.4688 1.17167
30.8594 1.17183

31.6406 1.17181
31.2861 1.17188

31.6406 1.17182
32.0312 1.17166

32.0312 1.17166
32.4219 1.17139

32.4219 1.17139
32.8125 1.17103

32.8125 1.17103
33.2031 1.17057

33.2031 1.17057
33.5938 1.17002

33.5938 1.17001
33.9844 1.16938

33.9844 1.16937
34.375 1.16865

34.375 1.16865
34.7656 1.16786

34.7656 1.16786
35.1562 1.167

35.1562 1.167
35.5469 1.16608

35.5469 1.16608
35.9375 1.16511

35.9375 1.16511
36.3281 1.16411

36.3281 1.1641
36.7188 1.16307

36.7188 1.16307
37.1094 1.16201

37.1094 1.16201
37.5 1.16094

37.5 1.16094
37.8906 1.15988

37.8906 1.15988
38.2812 1.15882

38.2812 1.15882
38.6719 1.15779

38.6719 1.15778
39.0625 1.15678

39.0625 1.15678
39.4531 1.15582

39.4531 1.15581
39.8438 1.1549

39.8438 1.1549
40.2344 1.15404

40.2344 1.15404
40.625 1.15324

40.625 1.15324
41.0156 1.15252

41.0156 1.15252
41.4062 1.15187

41.4062 1.15187
41.7969 1.15131

41.7969 1.15131
42.1875 1.15083

42.1875 1.15083
42.5781 1.15044

42.5781 1.15044
42.9688 1.15013

42.9688 1.15013
43.3594 1.14991

43.3594 1.14991
43.75 1.14977

43.75 1.14978
44.1406 1.14972

44.1406 1.14972
44.5312 1.14973

44.5312 1.14973
44.9219 1.1498

44.9219 1.1498
45.3125 1.14992

45.3125 1.14992
45.7031 1.15007

45.7031 1.15008
46.0938 1.15025

46.0938 1.15025
46.4844 1.15042

46.4844 1.15042
46.875 1.15056

46.875 1.15057
47.2656 1.15066

47.2656 1.15067
47.6562 1.15069

47.6562 1.1507
48.0469 1.15061

48.0469 1.15062
48.4375 1.15041

48.4375 1.15041
48.8281 1.15004

48.8281 1.15005
49.2188 1.14948

49.2188 1.14949
49.6094 1.1487

49.6094 1.14871
50 1.14767

50 1.14768
50.3906 1.14637

50.3906 1.14638
50.7812 1.14477

50.7812 1.14477
51.1719 1.14284

51.1719 1.14285
51.5625 1.14058

51.5625 1.14058
51.9531 1.13797

51.9531 1.13797
52.3438 1.135

52.3438 1.135
52.7344 1.13168

52.7344 1.13168
53.125 1.12801

53.125 1.128
53.5156 1.12399

53.5156 1.12399
53.9062 1.11966

53.9062 1.11965
54.2969 1.11502

54.2969 1.11501
54.6875 1.11012

54.6875 1.11011
55.0781 1.10498

55.0781 1.10497
55.4688 1.09964

55.4688 1.09963
55.8594 1.09415

55.8594 1.09414
56.25 1.08854

56.25 1.08852
56.6406 1.08285

56.6406 1.08284
57.0312 1.07714

57.0312 1.07713
57.4219 1.07145

57.4219 1.07144
57.8125 1.06581

57.8125 1.0658
58.2031 1.06027

58.2031 1.06026
58.5938 1.05485

58.5938 1.05484
58.9844 1.0496

58.9844 1.04959
59.375 1.04453

59.375 1.04452
59.7656 1.03967

59.7656 1.03967
60.1562 1.03504

60.1562 1.03504
60.5469 1.03066

60.5469 1.03065
60.9375 1.02652

60.9375 1.02652
61.3281 1.02264

61.3281 1.02264
61.7188 1.01901

61.7188 1.01901
62.1094 1.01564

62.1094 1.01564
62.5 1.01253

62.5 1.01253
62.8906 1.00966

62.8906 1.00966
63.2812 1.00703

63.2812 1.00704
63.6719 1.00464

63.6719 1.00464
64.0625 1.00246

64.0625 1.00247
64.4531 1.0005

64.4531 1.00051
64.8438 0.998745

64.8438 0.998747
65.2344 0.997181

65.2344 0.997183
65.625 0.995801

65.625 0.995803
66.0156 0.994598

66.0156 0.9946
66.4062 0.993562

66.4062 0.993564
66.7969 0.992687

66.7969 0.992689
67.1875 0.991965

67.1875 0.991966
67.5781 0.991389

67.5781 0.991391
67.9688 0.990954

67.9688 0.990956
68.3594 0.990654

68.3594 0.990655
68.75 0.990482

68.75 0.990484
69.1406 0.990434

69.1406 0.990435
69.5312 0.990503

69.5312 0.990504
69.9219 0.990684

69.9219 0.990685
70.3125 0.990971

70.3125 0.990972
70.7031 0.991358

70.7031 0.991359
71.0938 0.991838

71.0938 0.99184
71.4844 0.992405

71.4844 0.992407
71.875 0.993051

71.875 0.993053
72.2656 0.993769

72.2656 0.993771
72.6562 0.994551

72.6562 0.994554
73.0469 0.995389

73.0469 0.995391
73.4375 0.996274

73.9041 0
73.9414 0.390625

74.0256 0.390625
73.9689 0.78125

73.4375 1.06667
73.8281 0.926806

73.8281 1.15228
74.1573 0.78125

