6.64062 1.17181
6.28614 1.17188

6.64062 1.17182
7.03125 1.17166

7.03125 1.17166
7.42188 1.17139

7.42188 1.17139
7.8125 1.17103

7.8125 1.17103
8.20312 1.17057

8.20312 1.17057
8.59375 1.17002

8.59375 1.17001
8.98438 1.16938

8.98438 1.16937
9.375 1.16866

9.375 1.16865
9.76562 1.16786

9.76562 1.16786
10.1562 1.167

10.1562 1.167
10.5469 1.16608

10.5469 1.16608
10.9375 1.16511

10.9375 1.16511
11.3281 1.16411

11.3281 1.1641
11.7188 1.16307

11.7188 1.16307
12.1094 1.16201

12.1094 1.16201
12.5 1.16094

12.5 1.16094
12.8906 1.15988

12.8906 1.15988
13.2812 1.15882

13.2812 1.15882
13.6719 1.15779

13.6719 1.15778
14.0625 1.15678

14.0625 1.15678
14.4531 1.15582

14.4531 1.15582
14.8438 1.15491

14.8438 1.1549
15.2344 1.15405

15.2344 1.15405
15.625 1.15326

15.625 1.15326
16.0156 1.15255

16.0156 1.15255
16.4062 1.15191

16.4062 1.15191
16.7969 1.15137

16.7969 1.15137
17.1875 1.15092

17.1875 1.15092
17.5781 1.15056

17.5781 1.15056
17.9688 1.15031

17.9688 1.15031
18.3594 1.15015

18.3594 1.15015
18.75 1.1501

18.75 1.1501
19.1406 1.15016

19.1406 1.15016
19.5312 1.15032

19.5312 1.15032
19.9219 1.15059

19.9219 1.15059
20.3125 1.15095

20.3125 1.15095
20.7031 1.15141

20.7031 1.15141
21.0938 1.15196

21.0938 1.15196
21.4844 1.1526

21.4844 1.1526
21.875 1.15332

21.875 1.15332
22.2656 1.15411

22.2656 1.15412
22.6562 1.15497

22.6562 1.15498
23.0469 1.15589

23.0469 1.1559
23.4375 1.15686

23.4375 1.15686
23.8281 1.15787

23.8281 1.15787
24.2188 1.1589

24.2188 1.15891
24.6094 1.15996

24.6094 1.15996
25 1.16103

25 1.16103
25.3906 1.1621

25.3906 1.1621
25.7812 1.16315

25.7812 1.16315
26.1719 1.16419

26.1719 1.16419
26.5625 1.16519

26.5625 1.16519
26.9531 1.16616

26.9531 1.16616
27.3438 1.16707

27.3438 1.16707
27.7344 1.16793

27.7344 1.16793
28.125 1.16872

28.125 1.16872
28.5156 1.16943

28.5156 1.16943
28.9062 1.17006

28.9062 1.17007
29.2969 1.17061

29.2969 1.17061
29.6875 1.17106

29.6875 1.17106
30.0781 1.17142

30.0781 1.17142
30.4688 1.17168

30.4688 1.17167
30.8594 1.17183

31.6406 1.17181
31.2868 1.17188

31.6406 1.17182
32.0312 1.17166

32.0312 1.17166
32.4219 1.17139

32.4219 1.17139
32.8125 1.17103

32.8125 1.17103
33.2031 1.17057

33.2031 1.17057
33.5938 1.17002

33.5938 1.17001
33.9844 1.16938

33.9844 1.16937
34.375 1.16865

34.375 1.16865
34.7656 1.16786

34.7656 1.16786
35.1562 1.167

35.1562 1.167
35.5469 1.16608

35.5469 1.16608
35.9375 1.16511

35.9375 1.16511
36.3281 1.16411

36.3281 1.1641
36.7188 1.16307

36.7188 1.16307
37.1094 1.16201

37.1094 1.16201
37.5 1.16095

37.5 1.16094
37.8906 1.15988

37.8906 1.15988
38.2812 1.15882

38.2812 1.15882
38.6719 1.15779

38.6719 1.15778
39.0625 1.15678

39.0625 1.15678
39.4531 1.15582

39.4531 1.15582
39.8438 1.1549

39.8438 1.1549
40.2344 1.15404

40.2344 1.15404
40.625 1.15325

40.625 1.15325
41.0156 1.15253

41.0156 1.15253
41.4062 1.15189

41.4062 1.15189
41.7969 1.15133

41.7969 1.15133
42.1875 1.15086

42.1875 1.15086
42.5781 1.15048

42.5781 1.15048
42.9688 1.15019

42.9688 1.15019
43.3594 1.14999

43.3594 1.14999
43.75 1.14988

43.75 1.14988
44.1406 1.14985

44.1406 1.14985
44.5312 1.1499

44.5312 1.1499
44.9219 1.15002

44.9219 1.15003
45.3125 1.15021

45.3125 1.15021
45.7031 1.15044

45.7031 1.15044
46.0938 1.1507

46.0938 1.1507
46.4844 1.15098

46.4844 1.15098
46.875 1.15125

46.875 1.15126
47.2656 1.1515

47.2656 1.1515
47.6562 1.1517

47.6562 1.1517
48.0469 1.15182

48.0469 1.15182
48.4375 1.15183

48.4375 1.15184
48.8281 1.15172

48.8281 1.15172
49.2188 1.15144

49.2188 1.15144
49.6094 1.15096

49.6094 1.15097
50 1.15026

50 1.15027
50.3906 1.14931

50.3906 1.14932
50.7812 1.14808

50.7812 1.14809
51.1719 1.14655

51.1719 1.14655
51.5625 1.14469

51.5625 1.14469
51.9531 1.14248

51.9531 1.14249
52.3438 1.13993

52.3438 1.13993
52.7344 1.137

52.7344 1.137
53.125 1.13372

53.125 1.13372
53.5156 1.13007

53.5156 1.13007
53.9062 1.12608

53.9062 1.12607
54.2969 1.12175

54.2969 1.12174
54.6875 1.11711

54.6875 1.1171
55.0781 1.11219

55.0781 1.11218
55.4688 1.10702

55.4688 1.10701
55.8594 1.10164

55.8594 1.10163
56.25 1.09608

56.25 1.09607
56.6406 1.0904

56.6406 1.09039
57.0312 1.08463

57.0312 1.08462
57.4219 1.07883

57.4219 1.07882
57.8125 1.07302

57.8125 1.07301
58.2031 1.06726

58.2031 1.06725
58.5938 1.06159

58.5938 1.06158
58.9844 1.05604

58.9844 1.05603
59.375 1.05064

59.375 1.05064
59.7656 1.04543

59.7656 1.04543
60.1562 1.04043

60.1562 1.04043
60.5469 1.03566

60.5469 1.03565
60.9375 1.03113

60.9375 1.03113
61.3281 1.02686

61.3281 1.02686
61.7188 1.02285

61.7188 1.02285
62.1094 1.01911

62.1094 1.01911
62.5 1.01563

62.5 1.01563
62.8906 1.01242

62.8906 1.01242
63.2812 1.00947

63.2812 1.00947
63.6719 1.00678

63.6719 1.00678
64.0625 1.00433

64.0625 1.00433
64.4531 1.00211

64.4531 1.00212
64.8438 1.00013

64.8438 1.00013
65.2344 0.99836

65.2344 0.998363
65.625 0.996799

65.625 0.996802
66.0156 0.995436

66.0156 0.995439
66.4062 0.994262

66.4062 0.994264
66.7969 0.993266

66.7969 0.993268
67.1875 0.992441

67.1875 0.992443
67.5781 0.991777

67.5781 0.991779
67.9688 0.991268

67.9688 0.99127
68.3594 0.990906

68.3594 0.990907
68.75 0.990682

68.75 0.990684
69.1406 0.990592

69.1406 0.990593
69.5312 0.990626

69.5312 0.990628
69.9219 0.990779

69.9219 0.990781
70.3125 0.991044

70.3125 0.991046
70.7031 0.991413

70.7031 0.991415
71.0938 0.991879

71.0938 0.991881
71.4844 0.992435

71.4844 0.992437
71.875 0.993073

71.875 0.993075
72.2656 0.993785

72.2656 0.993787
72.6562 0.994563

72.6562 0.994565
73.0469 0.995397

73.0469 0.995399
73.4375 0.996279

73.4375 0.996281
73.8281 0.997199

73.8281 0.997202
74.2188 0.998149

74.5889 0
74.6094 0.214098

74.6094 0.214732
74.6262 0.390625

74.699 0.390625
74.6656 0.78125

74.2188 1.10604
74.6094 0.891228

74.6094 1.13564
74.8397 0.78125

