6.64062 1.17181
6.28624 1.17188

6.64062 1.17182
7.03125 1.17166

7.03125 1.17166
7.42188 1.17139

7.42188 1.17139
7.8125 1.17103

7.8125 1.17103
8.20312 1.17057

8.20312 1.17057
8.59375 1.17002

8.59375 1.17001
8.98438 1.16938

8.98438 1.16937
9.375 1.16866

9.375 1.16865
9.76562 1.16786

9.76562 1.16786
10.1562 1.167

10.1562 1.167
10.5469 1.16608

10.5469 1.16608
10.9375 1.16511

10.9375 1.16511
11.3281 1.16411

11.3281 1.1641
11.7188 1.16307

11.7188 1.16307
12.1094 1.16201

12.1094 1.16201
12.5 1.16094

12.5 1.16094
12.8906 1.15988

12.8906 1.15988
13.2812 1.15882

13.2812 1.15882
13.6719 1.15779

13.6719 1.15778
14.0625 1.15678

14.0625 1.15678
14.4531 1.15582

14.4531 1.15582
14.8438 1.15491

14.8438 1.1549
15.2344 1.15405

15.2344 1.15405
15.625 1.15326

15.625 1.15326
16.0156 1.15255

16.0156 1.15255
16.4062 1.15192

16.4062 1.15191
16.7969 1.15137

16.7969 1.15137
17.1875 1.15092

17.1875 1.15092
17.5781 1.15056

17.5781 1.15056
17.9688 1.15031

17.9688 1.15031
18.3594 1.15015

18.3594 1.15015
18.75 1.15011

18.75 1.15011
19.1406 1.15016

19.1406 1.15016
19.5312 1.15032

19.5312 1.15032
19.9219 1.15059

19.9219 1.15059
20.3125 1.15095

20.3125 1.15095
20.7031 1.15141

20.7031 1.15141
21.0938 1.15196

21.0938 1.15196
21.4844 1.1526

21.4844 1.1526
21.875 1.15332

21.875 1.15332
22.2656 1.15411

22.2656 1.15412
22.6562 1.15497

22.6562 1.15498
23.0469 1.15589

23.0469 1.1559
23.4375 1.15686

23.4375 1.15686
23.8281 1.15787

23.8281 1.15787
24.2188 1.1589

24.2188 1.15891
24.6094 1.15996

24.6094 1.15996
25 1.16103

25 1.16103
25.3906 1.1621

25.3906 1.1621
25.7812 1.16315

25.7812 1.16315
26.1719 1.16419

26.1719 1.16419
26.5625 1.16519

26.5625 1.16519
26.9531 1.16616

26.9531 1.16616
27.3438 1.16707

27.3438 1.16707
27.7344 1.16793

27.7344 1.16793
28.125 1.16872

28.125 1.16872
28.5156 1.16943

28.5156 1.16943
28.9062 1.17006

28.9062 1.17007
29.2969 1.17061

29.2969 1.17061
29.6875 1.17106

29.6875 1.17106
30.0781 1.17142

30.0781 1.17142
30.4688 1.17168

30.4688 1.17167
30.8594 1.17183

31.6406 1.17181
31.2858 1.17188

31.6406 1.17182
32.0312 1.17166

32.0312 1.17166
32.4219 1.17139

32.4219 1.17139
32.8125 1.17103

32.8125 1.17103
33.2031 1.17057

33.2031 1.17057
33.5938 1.17002

33.5938 1.17001
33.9844 1.16938

33.9844 1.16937
34.375 1.16865

34.375 1.16865
34.7656 1.16786

34.7656 1.16786
35.1562 1.167

35.1562 1.167
35.5469 1.16608

35.5469 1.16608
35.9375 1.16511

35.9375 1.16511
36.3281 1.16411

36.3281 1.1641
36.7188 1.16307

36.7188 1.16307
37.1094 1.16201

37.1094 1.16201
37.5 1.16094

37.5 1.16094
37.8906 1.15988

37.8906 1.15988
38.2812 1.15882

38.2812 1.15882
38.6719 1.15779

38.6719 1.15778
39.0625 1.15678

39.0625 1.15678
39.4531 1.15581

39.4531 1.15581
39.8438 1.1549

39.8438 1.15489
40.2344 1.15403

40.2344 1.15403
40.625 1.15324

40.625 1.15324
41.0156 1.15251

41.0156 1.15251
41.4062 1.15186

41.4062 1.15186
41.7969 1.15129

41.7969 1.15129
42.1875 1.1508

42.1875 1.1508
42.5781 1.1504

42.5781 1.1504
42.9688 1.15008

42.9688 1.15008
43.3594 1.14985

43.3594 1.14985
43.75 1.14969

43.75 1.14969
44.1406 1.1496

44.1406 1.14961
44.5312 1.14958

44.5312 1.14958
44.9219 1.14961

44.9219 1.14962
45.3125 1.14969

45.3125 1.14969
45.7031 1.14978

45.7031 1.14979
46.0938 1.14988

46.0938 1.14989
46.4844 1.14997

46.4844 1.14998
46.875 1.15002

46.875 1.15003
47.2656 1.15001

47.2656 1.15001
47.6562 1.1499

47.6562 1.14991
48.0469 1.14968

48.0469 1.14969
48.4375 1.14931

48.4375 1.14932
48.8281 1.14876

48.8281 1.14877
49.2188 1.148

49.2188 1.14801
49.6094 1.14701

49.6094 1.14702
50 1.14575

50 1.14576
50.3906 1.1442

50.3906 1.14421
50.7812 1.14234

50.7812 1.14235
51.1719 1.14016

51.1719 1.14016
51.5625 1.13763

51.5625 1.13763
51.9531 1.13475

51.9531 1.13475
52.3438 1.13152

52.3438 1.13152
52.7344 1.12794

52.7344 1.12794
53.125 1.12403

53.125 1.12403
53.5156 1.1198

53.5156 1.11979
53.9062 1.11526

53.9062 1.11525
54.2969 1.11046

54.2969 1.11045
54.6875 1.10541

54.6875 1.1054
55.0781 1.10016

55.0781 1.10015
55.4688 1.09476

55.4688 1.09474
55.8594 1.08923

55.8594 1.08921
56.25 1.08362

56.25 1.08361
56.6406 1.07798

56.6406 1.07797
57.0312 1.07234

57.0312 1.07233
57.4219 1.06676

57.4219 1.06675
57.8125 1.06127

57.8125 1.06126
58.2031 1.0559

58.2031 1.05589
58.5938 1.05068

58.5938 1.05067
58.9844 1.04564

58.9844 1.04564
59.375 1.04081

59.375 1.0408
59.7656 1.0362

59.7656 1.03619
60.1562 1.03182

60.1562 1.03182
60.5469 1.02769

60.5469 1.02769
60.9375 1.02381

60.9375 1.02381
61.3281 1.02017

61.3281 1.02018
61.7188 1.01679

61.7188 1.0168
62.1094 1.01366

62.1094 1.01366
62.5 1.01077

62.5 1.01077
62.8906 1.00811

62.8906 1.00811
63.2812 1.00567

63.2812 1.00568
63.6719 1.00346

63.6719 1.00346
64.0625 1.00144

64.0625 1.00145
64.4531 0.99963

64.4531 0.999632
64.8438 0.998002

64.8438 0.998004
65.2344 0.996554

65.2344 0.996556
65.625 0.995276

65.625 0.995278
66.0156 0.994161

66.0156 0.994163
66.4062 0.993202

66.4062 0.993203
66.7969 0.992392

66.7969 0.992393
67.1875 0.991725

67.1875 0.991726
67.5781 0.991196

67.5781 0.991197
67.9688 0.9908

67.9688 0.990801
68.3594 0.990531

68.3594 0.990532
68.75 0.990386

68.75 0.990387
69.1406 0.990359

69.1406 0.99036
69.5312 0.990445

69.5312 0.990446
69.9219 0.99064

69.9219 0.990641
70.3125 0.990938

70.3125 0.990939
70.7031 0.991333

70.7031 0.991334
71.0938 0.99182

71.0938 0.991821
71.4844 0.992392

71.4844 0.992393
71.875 0.993042

71.875 0.993044
72.2656 0.993763

72.2656 0.993765
72.6562 0.994547

72.6562 0.994549
73.0469 0.995386

73.0469 1.08785
73.4375 0.903814

73.4559 0
73.4933 0.390625

73.5716 0.390625
73.5272 0.78125

73.4375 1.14126
73.7074 0.78125

