6.64062 1.17181
6.28642 1.17188

6.64062 1.17182
7.03125 1.17166

7.03125 1.17166
7.42188 1.17139

7.42188 1.17139
7.8125 1.17103

7.8125 1.17103
8.20312 1.17057

8.20312 1.17057
8.59375 1.17002

8.59375 1.17001
8.98438 1.16938

8.98438 1.16937
9.375 1.16866

9.375 1.16865
9.76562 1.16786

9.76562 1.16786
10.1562 1.167

10.1562 1.167
10.5469 1.16608

10.5469 1.16608
10.9375 1.16511

10.9375 1.16511
11.3281 1.16411

11.3281 1.1641
11.7188 1.16307

11.7188 1.16307
12.1094 1.16201

12.1094 1.16201
12.5 1.16094

12.5 1.16094
12.8906 1.15988

12.8906 1.15988
13.2812 1.15882

13.2812 1.15882
13.6719 1.15779

13.6719 1.15778
14.0625 1.15678

14.0625 1.15678
14.4531 1.15582

14.4531 1.15582
14.8438 1.15491

14.8438 1.1549
15.2344 1.15405

15.2344 1.15405
15.625 1.15326

15.625 1.15326
16.0156 1.15255

16.0156 1.15255
16.4062 1.15192

16.4062 1.15191
16.7969 1.15137

16.7969 1.15137
17.1875 1.15092

17.1875 1.15092
17.5781 1.15056

17.5781 1.15056
17.9688 1.15031

17.9688 1.15031
18.3594 1.15015

18.3594 1.15015
18.75 1.15011

18.75 1.15011
19.1406 1.15016

19.1406 1.15016
19.5312 1.15032

19.5312 1.15032
19.9219 1.15059

19.9219 1.15059
20.3125 1.15095

20.3125 1.15095
20.7031 1.15141

20.7031 1.15141
21.0938 1.15196

21.0938 1.15196
21.4844 1.1526

21.4844 1.1526
21.875 1.15332

21.875 1.15332
22.2656 1.15412

22.2656 1.15412
22.6562 1.15498

22.6562 1.15498
23.0469 1.15589

23.0469 1.1559
23.4375 1.15686

23.4375 1.15686
23.8281 1.15787

23.8281 1.15787
24.2188 1.15891

24.2188 1.15891
24.6094 1.15996

24.6094 1.15996
25 1.16103

25 1.16103
25.3906 1.1621

25.3906 1.1621
25.7812 1.16315

25.7812 1.16316
26.1719 1.16419

26.1719 1.16419
26.5625 1.16519

26.5625 1.1652
26.9531 1.16616

26.9531 1.16616
27.3438 1.16707

27.3438 1.16707
27.7344 1.16793

27.7344 1.16793
28.125 1.16872

28.125 1.16872
28.5156 1.16943

28.5156 1.16943
28.9062 1.17007

28.9062 1.17007
29.2969 1.17061

29.2969 1.17061
29.6875 1.17106

29.6875 1.17107
30.0781 1.17142

30.0781 1.17142
30.4688 1.17168

30.4688 1.17167
30.8594 1.17184

31.6406 1.17181
31.2863 1.17188

31.6406 1.17182
32.0312 1.17166

32.0312 1.17166
32.4219 1.17139

32.4219 1.17139
32.8125 1.17103

32.8125 1.17103
33.2031 1.17057

33.2031 1.17057
33.5938 1.17002

33.5938 1.17002
33.9844 1.16938

33.9844 1.16938
34.375 1.16866

34.375 1.16865
34.7656 1.16786

34.7656 1.16786
35.1562 1.167

35.1562 1.167
35.5469 1.16608

35.5469 1.16608
35.9375 1.16512

35.9375 1.16511
36.3281 1.16411

36.3281 1.16411
36.7188 1.16307

36.7188 1.16307
37.1094 1.16201

37.1094 1.16201
37.5 1.16094

37.5 1.16094
37.8906 1.15987

37.8906 1.15987
38.2812 1.15881

38.2812 1.15881
38.6719 1.15777

38.6719 1.15777
39.0625 1.15675

39.0625 1.15675
39.4531 1.15577

39.4531 1.15577
39.8438 1.15483

39.8438 1.15483
40.2344 1.15394

40.2344 1.15394
40.625 1.15311

40.625 1.15311
41.0156 1.15233

41.0156 1.15233
41.4062 1.15162

41.4062 1.15162
41.7969 1.15096

41.7969 1.15096
42.1875 1.15037

42.1875 1.15037
42.5781 1.14983

42.5781 1.14983
42.9688 1.14933

42.9688 1.14934
43.3594 1.14888

43.3594 1.14889
43.75 1.14846

43.75 1.14846
44.1406 1.14805

44.1406 1.14806
44.5312 1.14764

44.5312 1.14765
44.9219 1.14721

44.9219 1.14721
45.3125 1.14673

45.3125 1.14674
45.7031 1.14618

45.7031 1.14619
46.0938 1.14554

46.0938 1.14555
46.4844 1.14478

46.4844 1.14479
46.875 1.14387

46.875 1.14388
47.2656 1.14279

47.2656 1.14279
47.6562 1.14149

47.6562 1.1415
48.0469 1.13997

48.0469 1.13998
48.4375 1.1382

48.4375 1.1382
48.8281 1.13615

48.8281 1.13615
49.2188 1.13381

49.2188 1.13381
49.6094 1.13117

49.6094 1.13117
50 1.12821

50 1.12821
50.3906 1.12495

50.3906 1.12495
50.7812 1.12139

50.7812 1.12138
51.1719 1.11752

51.1719 1.11752
51.5625 1.11338

51.5625 1.11338
51.9531 1.10899

51.9531 1.10898
52.3438 1.10436

52.3438 1.10436
52.7344 1.09955

52.7344 1.09954
53.125 1.09457

53.125 1.09456
53.5156 1.08947

53.5156 1.08946
53.9062 1.0843

53.9062 1.08429
54.2969 1.07908

54.2969 1.07907
54.6875 1.07387

54.6875 1.07386
55.0781 1.0687

55.0781 1.06869
55.4688 1.0636

55.4688 1.0636
55.8594 1.05862

55.8594 1.05862
56.25 1.05378

56.25 1.05378
56.6406 1.04911

56.6406 1.0491
57.0312 1.04462

57.0312 1.04461
57.4219 1.04033

57.4219 1.04033
57.8125 1.03626

57.8125 1.03626
58.2031 1.03241

58.2031 1.03241
58.5938 1.02879

58.5938 1.02879
58.9844 1.02538

58.9844 1.02538
59.375 1.0222

59.375 1.0222
59.7656 1.01922

59.7656 1.01923
60.1562 1.01645

60.1562 1.01646
60.5469 1.01388

60.5469 1.01388
60.9375 1.01148

60.9375 1.01148
61.3281 1.00925

61.3281 1.00926
61.7188 1.00719

61.7188 1.00719
62.1094 1.00527

62.1094 1.00527
62.5 1.00349

62.5 1.0035
62.8906 1.00185

62.8906 1.00185
63.2812 1.00032

63.2812 1.00033
63.6719 0.998917

63.6719 0.998918
64.0625 0.997622

64.0625 0.997622
64.4531 0.996434

64.4531 0.996434
64.8438 0.995351

64.8438 0.995351
65.2344 0.994371

65.2344 0.994371
65.625 0.993492

65.625 0.993492
66.0156 0.992715

66.0156 0.992715
66.4062 0.992039

66.4062 0.992039
66.7969 0.991465

66.7969 0.991465
67.1875 0.990992

67.1875 0.990992
67.5781 0.990622

67.5781 0.990622
67.9688 0.990354

67.9688 0.990354
68.3594 0.990189

68.3594 0.990189
68.75 0.990126

68.75 0.990126
69.1406 0.990164

69.1406 0.990164
69.5312 0.9903

69.5312 0.990301
69.9219 0.990534

69.9219 0.995512
70.3125 0.985886

70.5996 0
70.6373 0.390625

70.7031 0.546945
70.6368 0.78125

70.7238 0.390625
70.7037 0.78125

70.3125 1.12444
70.7031 0.857701

70.7031 1.07826
70.8504 0.78125

