6.64062 1.17181
6.28617 1.17188

6.64062 1.17182
7.03125 1.17166

7.03125 1.17166
7.42188 1.17139

7.42188 1.17139
7.8125 1.17103

7.8125 1.17103
8.20312 1.17057

8.20312 1.17057
8.59375 1.17002

8.59375 1.17001
8.98438 1.16938

8.98438 1.16937
9.375 1.16866

9.375 1.16865
9.76562 1.16786

9.76562 1.16786
10.1562 1.167

10.1562 1.167
10.5469 1.16608

10.5469 1.16608
10.9375 1.16511

10.9375 1.16511
11.3281 1.16411

11.3281 1.1641
11.7188 1.16307

11.7188 1.16307
12.1094 1.16201

12.1094 1.16201
12.5 1.16094

12.5 1.16094
12.8906 1.15988

12.8906 1.15988
13.2812 1.15882

13.2812 1.15882
13.6719 1.15779

13.6719 1.15778
14.0625 1.15678

14.0625 1.15678
14.4531 1.15582

14.4531 1.15582
14.8438 1.15491

14.8438 1.1549
15.2344 1.15405

15.2344 1.15405
15.625 1.15326

15.625 1.15326
16.0156 1.15255

16.0156 1.15255
16.4062 1.15191

16.4062 1.15191
16.7969 1.15137

16.7969 1.15137
17.1875 1.15092

17.1875 1.15092
17.5781 1.15056

17.5781 1.15056
17.9688 1.15031

17.9688 1.15031
18.3594 1.15015

18.3594 1.15015
18.75 1.1501

18.75 1.1501
19.1406 1.15016

19.1406 1.15016
19.5312 1.15032

19.5312 1.15032
19.9219 1.15059

19.9219 1.15059
20.3125 1.15095

20.3125 1.15095
20.7031 1.15141

20.7031 1.15141
21.0938 1.15196

21.0938 1.15196
21.4844 1.1526

21.4844 1.1526
21.875 1.15332

21.875 1.15332
22.2656 1.15411

22.2656 1.15412
22.6562 1.15497

22.6562 1.15498
23.0469 1.15589

23.0469 1.1559
23.4375 1.15686

23.4375 1.15686
23.8281 1.15787

23.8281 1.15787
24.2188 1.1589

24.2188 1.15891
24.6094 1.15996

24.6094 1.15996
25 1.16103

25 1.16103
25.3906 1.1621

25.3906 1.1621
25.7812 1.16315

25.7812 1.16315
26.1719 1.16419

26.1719 1.16419
26.5625 1.16519

26.5625 1.16519
26.9531 1.16616

26.9531 1.16616
27.3438 1.16707

27.3438 1.16707
27.7344 1.16793

27.7344 1.16793
28.125 1.16872

28.125 1.16872
28.5156 1.16943

28.5156 1.16943
28.9062 1.17006

28.9062 1.17007
29.2969 1.17061

29.2969 1.17061
29.6875 1.17106

29.6875 1.17106
30.0781 1.17142

30.0781 1.17142
30.4688 1.17167

30.4688 1.17167
30.8594 1.17183

31.6406 1.17181
31.2859 1.17188

31.6406 1.17182
32.0312 1.17166

32.0312 1.17166
32.4219 1.17139

32.4219 1.17139
32.8125 1.17103

32.8125 1.17103
33.2031 1.17057

33.2031 1.17057
33.5938 1.17002

33.5938 1.17001
33.9844 1.16938

33.9844 1.16937
34.375 1.16865

34.375 1.16865
34.7656 1.16786

34.7656 1.16786
35.1562 1.167

35.1562 1.167
35.5469 1.16608

35.5469 1.16608
35.9375 1.16511

35.9375 1.16511
36.3281 1.16411

36.3281 1.1641
36.7188 1.16307

36.7188 1.16307
37.1094 1.16201

37.1094 1.16201
37.5 1.16094

37.5 1.16094
37.8906 1.15988

37.8906 1.15988
38.2812 1.15882

38.2812 1.15882
38.6719 1.15779

38.6719 1.15778
39.0625 1.15678

39.0625 1.15678
39.4531 1.15582

39.4531 1.15582
39.8438 1.15491

39.8438 1.1549
40.2344 1.15405

40.2344 1.15405
40.625 1.15326

40.625 1.15326
41.0156 1.15255

41.0156 1.15255
41.4062 1.15192

41.4062 1.15191
41.7969 1.15137

41.7969 1.15137
42.1875 1.15092

42.1875 1.15092
42.5781 1.15056

42.5781 1.15056
42.9688 1.15031

42.9688 1.15031
43.3594 1.15015

43.3594 1.15015
43.75 1.15011

43.75 1.15011
44.1406 1.15016

44.1406 1.15016
44.5312 1.15032

44.5312 1.15032
44.9219 1.15059

44.9219 1.15059
45.3125 1.15095

45.3125 1.15095
45.7031 1.15141

45.7031 1.15141
46.0938 1.15196

46.0938 1.15196
46.4844 1.1526

46.4844 1.1526
46.875 1.15332

46.875 1.15332
47.2656 1.15411

47.2656 1.15412
47.6562 1.15497

47.6562 1.15498
48.0469 1.15589

48.0469 1.15589
48.4375 1.15686

48.4375 1.15686
48.8281 1.15786

48.8281 1.15786
49.2188 1.15889

49.2188 1.15889
49.6094 1.15994

49.6094 1.15995
50 1.161

50 1.161
50.3906 1.16206

50.3906 1.16206
50.7812 1.1631

50.7812 1.1631
51.1719 1.16411

51.1719 1.16411
51.5625 1.16508

51.5625 1.16509
51.9531 1.16601

51.9531 1.16601
52.3438 1.16687

52.3438 1.16688
52.7344 1.16766

52.7344 1.16766
53.125 1.16836

53.125 1.16837
53.5156 1.16897

53.5156 1.16897
53.9062 1.16946

53.9062 1.16947
54.2969 1.16983

54.2969 1.16984
54.6875 1.17007

54.6875 1.17007
55.0781 1.17016

55.0781 1.17016
55.4688 1.17008

55.4688 1.17008
55.8594 1.16983

55.8594 1.16984
56.25 1.1694

56.25 1.1694
56.6406 1.16876

56.6406 1.16877
57.0312 1.16792

57.0312 1.16792
57.4219 1.16684

57.4219 1.16685
57.8125 1.16553

57.8125 1.16554
58.2031 1.16398

58.2031 1.16398
58.5938 1.16216

58.5938 1.16216
58.9844 1.16007

58.9844 1.16007
59.375 1.15771

59.375 1.15771
59.7656 1.15506

59.7656 1.15506
60.1562 1.15213

60.1562 1.15213
60.5469 1.14891

60.5469 1.14891
60.9375 1.1454

60.9375 1.1454
61.3281 1.14161

61.3281 1.1416
61.7188 1.13754

61.7188 1.13753
62.1094 1.1332

62.1094 1.1332
62.5 1.12862

62.5 1.12861
62.8906 1.1238

62.8906 1.12379
63.2812 1.11876

63.2812 1.11876
63.6719 1.11354

63.6719 1.11353
64.0625 1.10816

64.0625 1.10815
64.4531 1.10264

64.4531 1.10263
64.8438 1.09702

64.8438 1.09701
65.2344 1.09134

65.2344 1.09133
65.625 1.08563

65.625 1.08562
66.0156 1.07993

66.0156 1.07992
66.4062 1.07427

66.4062 1.07426
66.7969 1.06869

66.7969 1.06868
67.1875 1.06323

67.1875 1.06322
67.5781 1.05791

67.5781 1.05791
67.9688 1.05278

67.9688 1.05277
68.3594 1.04786

68.3594 1.04785
68.75 1.04317

68.75 1.04317
69.1406 1.03875

69.1406 1.03874
69.5312 1.0346

69.5312 1.0346
69.9219 1.03075

69.9219 1.03075
70.3125 1.0272

70.3125 1.0272
70.7031 1.02397

70.7031 1.02397
71.0938 1.02105

71.0938 1.02105
71.4844 1.01844

71.4844 1.01844
71.875 1.01615

71.875 1.01615
72.2656 1.01416

72.2656 1.01416
72.6562 1.01246

72.6562 1.01246
73.0469 1.01104

73.0469 1.01104
73.4375 1.00988

73.4375 1.00988
73.8281 1.00896

73.8281 1.00897
74.2188 1.00827

74.2188 1.00828
74.6094 1.00778

74.6094 1.00779
75 1.00747

75 1.00748
75.3906 1.00732

75.3906 1.00733
75.7812 1.00731

75.7812 1.00731
76.1719 1.0074

76.1719 1.00741
76.5625 1.00759

76.5625 1.00759
76.9531 1.00784

76.9531 1.00785
77.3438 1.00815

77.3438 1.00815
77.7344 1.00848

77.7344 1.00849
78.125 1.00883

78.125 1.00883
78.5156 1.00917

78.5156 1.00917
78.9062 1.00949

78.9062 1.00949
79.2969 1.00977

79.2969 1.00978
79.6875 1.01002

79.6875 1.01002
80.0781 1.0102

80.0781 1.0102
80.4688 1.01032

80.4688 1.01032
80.8594 1.01037

80.8594 1.01037
81.25 1.01035

81.25 1.01035
81.6406 1.01024

81.6406 1.01024
82.0312 1.01005

82.0312 1.01005
82.4219 1.00978

82.4219 1.00978
82.8125 1.00942

82.8125 1.00942
83.2031 1.00898

83.2031 1.00898
83.5938 1.00846

83.5938 1.00846
83.9844 1.00786

83.9844 1.00786
84.375 1.00719

84.375 1.00719
84.7656 1.00646

84.7656 1.00646
85.1562 1.00567

85.1562 1.00566
85.5469 1.00482

85.5469 1.00482
85.9375 1.00393

85.9375 1.00393
86.3281 1.00301

86.3281 1.003
86.7188 1.00205

86.7188 1.00205
87.1094 1.00108

87.1094 1.09656
87.5 0.904616

87.5098 0
87.5476 0.390625

87.6234 0.390625
87.5849 0.78125

87.5 1.14581
87.7633 0.78125

