6.64062 1.17181
6.28629 1.17188

6.64062 1.17182
7.03125 1.17166

7.03125 1.17166
7.42188 1.17139

7.42188 1.17139
7.8125 1.17103

7.8125 1.17103
8.20312 1.17057

8.20312 1.17057
8.59375 1.17002

8.59375 1.17001
8.98438 1.16938

8.98438 1.16937
9.375 1.16866

9.375 1.16865
9.76562 1.16786

9.76562 1.16786
10.1562 1.167

10.1562 1.167
10.5469 1.16608

10.5469 1.16608
10.9375 1.16511

10.9375 1.16511
11.3281 1.16411

11.3281 1.1641
11.7188 1.16307

11.7188 1.16307
12.1094 1.16201

12.1094 1.16201
12.5 1.16094

12.5 1.16094
12.8906 1.15988

12.8906 1.15988
13.2812 1.15882

13.2812 1.15882
13.6719 1.15779

13.6719 1.15778
14.0625 1.15678

14.0625 1.15678
14.4531 1.15582

14.4531 1.15582
14.8438 1.15491

14.8438 1.1549
15.2344 1.15405

15.2344 1.15405
15.625 1.15326

15.625 1.15326
16.0156 1.15255

16.0156 1.15255
16.4062 1.15192

16.4062 1.15191
16.7969 1.15137

16.7969 1.15137
17.1875 1.15092

17.1875 1.15092
17.5781 1.15056

17.5781 1.15056
17.9688 1.15031

17.9688 1.15031
18.3594 1.15015

18.3594 1.15015
18.75 1.15011

18.75 1.15011
19.1406 1.15016

19.1406 1.15016
19.5312 1.15032

19.5312 1.15032
19.9219 1.15059

19.9219 1.15059
20.3125 1.15095

20.3125 1.15095
20.7031 1.15141

20.7031 1.15141
21.0938 1.15196

21.0938 1.15196
21.4844 1.1526

21.4844 1.1526
21.875 1.15332

21.875 1.15332
22.2656 1.15411

22.2656 1.15412
22.6562 1.15498

22.6562 1.15498
23.0469 1.15589

23.0469 1.1559
23.4375 1.15686

23.4375 1.15686
23.8281 1.15787

23.8281 1.15787
24.2188 1.1589

24.2188 1.15891
24.6094 1.15996

24.6094 1.15996
25 1.16103

25 1.16103
25.3906 1.1621

25.3906 1.1621
25.7812 1.16315

25.7812 1.16315
26.1719 1.16419

26.1719 1.16419
26.5625 1.16519

26.5625 1.1652
26.9531 1.16616

26.9531 1.16616
27.3438 1.16707

27.3438 1.16707
27.7344 1.16793

27.7344 1.16793
28.125 1.16872

28.125 1.16872
28.5156 1.16943

28.5156 1.16943
28.9062 1.17007

28.9062 1.17007
29.2969 1.17061

29.2969 1.17061
29.6875 1.17107

29.6875 1.17107
30.0781 1.17142

30.0781 1.17142
30.4688 1.17168

30.4688 1.17167
30.8594 1.17184

31.6406 1.17181
31.2858 1.17188

31.6406 1.17182
32.0312 1.17166

32.0312 1.17166
32.4219 1.17139

32.4219 1.17139
32.8125 1.17103

32.8125 1.17103
33.2031 1.17057

33.2031 1.17057
33.5938 1.17001

33.5938 1.17001
33.9844 1.16937

33.9844 1.16937
34.375 1.16865

34.375 1.16865
34.7656 1.16785

34.7656 1.16784
35.1562 1.16698

35.1562 1.16697
35.5469 1.16604

35.5469 1.16604
35.9375 1.16505

35.9375 1.16505
36.3281 1.16401

36.3281 1.16401
36.7188 1.16293

36.7188 1.16293
37.1094 1.16181

37.1094 1.16181
37.5 1.16066

37.5 1.16066
37.8906 1.15949

37.8906 1.15949
38.2812 1.15829

38.2812 1.15829
38.6719 1.15706

38.6719 1.15706
39.0625 1.15581

39.0625 1.15581
39.4531 1.15453

39.4531 1.15453
39.8438 1.15321

39.8438 1.15322
40.2344 1.15185

40.2344 1.15186
40.625 1.15044

40.625 1.15045
41.0156 1.14897

41.0156 1.14897
41.4062 1.14741

41.4062 1.14741
41.7969 1.14575

41.7969 1.14575
42.1875 1.14397

42.1875 1.14397
42.5781 1.14205

42.5781 1.14206
42.9688 1.13998

42.9688 1.13998
43.3594 1.13772

43.3594 1.13773
43.75 1.13527

43.75 1.13528
44.1406 1.13261

44.1406 1.13261
44.5312 1.12971

44.5312 1.12971
44.9219 1.12657

44.9219 1.12657
45.3125 1.12319

45.3125 1.12319
45.7031 1.11956

45.7031 1.11956
46.0938 1.11569

46.0938 1.11569
46.4844 1.11158

46.4844 1.11158
46.875 1.10726

46.875 1.10726
47.2656 1.10274

47.2656 1.10274
47.6562 1.09806

47.6562 1.09805
48.0469 1.09324

48.0469 1.09323
48.4375 1.08832

48.4375 1.08831
48.8281 1.08334

48.8281 1.08333
49.2188 1.07834

49.2188 1.07832
49.6094 1.07336

49.6094 1.07335
50 1.06844

50 1.06843
50.3906 1.06363

50.3906 1.06362
50.7812 1.05897

50.7812 1.05896
51.1719 1.05447

51.1719 1.05447
51.5625 1.05018

51.5625 1.05018
51.9531 1.04612

51.9531 1.04612
52.3438 1.04231

52.3438 1.0423
52.7344 1.03875

52.7344 1.03875
53.125 1.03545

53.125 1.03545
53.5156 1.03242

53.5156 1.03242
53.9062 1.02964

53.9062 1.02965
54.2969 1.02712

54.2969 1.02712
54.6875 1.02483

54.6875 1.02483
55.0781 1.02276

55.0781 1.02276
55.4688 1.02088

55.4688 1.02089
55.8594 1.01919

55.8594 1.01919
56.25 1.01764

56.25 1.01765
56.6406 1.01623

56.6406 1.01623
57.0312 1.01493

57.0312 1.01493
57.4219 1.01371

57.4219 1.01372
57.8125 1.01257

57.8125 1.01257
58.2031 1.01147

58.2031 1.01148
58.5938 1.01042

58.5938 1.01042
58.9844 1.00939

58.9844 1.00939
59.375 1.00837

59.375 1.00837
59.7656 1.00735

59.7656 1.00735
60.1562 1.00634

60.1562 1.00634
60.5469 1.00532

60.5469 1.00532
60.9375 1.0043

60.9375 1.0043
61.3281 1.00327

61.3281 1.00327
61.7188 1.00224

61.7188 1.00224
62.1094 1.00121

62.1094 1.00121
62.5 1.00019

62.5 1.00019
62.8906 0.999176

62.8906 0.999174
63.2812 0.998184

63.2812 0.998182
63.6719 0.997217

63.6719 0.997215
64.0625 0.996284

64.0625 0.996282
64.4531 0.99539

64.4531 1.09385
64.8438 0.896079

64.8449 0
64.8826 0.390625

64.9599 0.390625
64.9185 0.78125

64.8438 1.13557
65.0956 0.78125

