6.64062 1.17181
6.28626 1.17188

6.64062 1.17182
7.03125 1.17166

7.03125 1.17166
7.42188 1.17139

7.42188 1.17139
7.8125 1.17103

7.8125 1.17103
8.20312 1.17057

8.20312 1.17057
8.59375 1.17002

8.59375 1.17001
8.98438 1.16938

8.98438 1.16937
9.375 1.16866

9.375 1.16865
9.76562 1.16786

9.76562 1.16786
10.1562 1.167

10.1562 1.167
10.5469 1.16608

10.5469 1.16608
10.9375 1.16511

10.9375 1.16511
11.3281 1.16411

11.3281 1.1641
11.7188 1.16307

11.7188 1.16307
12.1094 1.16201

12.1094 1.16201
12.5 1.16094

12.5 1.16094
12.8906 1.15988

12.8906 1.15988
13.2812 1.15882

13.2812 1.15882
13.6719 1.15779

13.6719 1.15778
14.0625 1.15678

14.0625 1.15678
14.4531 1.15582

14.4531 1.15582
14.8438 1.15491

14.8438 1.1549
15.2344 1.15405

15.2344 1.15405
15.625 1.15326

15.625 1.15326
16.0156 1.15255

16.0156 1.15255
16.4062 1.15192

16.4062 1.15191
16.7969 1.15137

16.7969 1.15137
17.1875 1.15092

17.1875 1.15092
17.5781 1.15056

17.5781 1.15056
17.9688 1.15031

17.9688 1.15031
18.3594 1.15015

18.3594 1.15015
18.75 1.15011

18.75 1.15011
19.1406 1.15016

19.1406 1.15016
19.5312 1.15032

19.5312 1.15032
19.9219 1.15059

19.9219 1.15059
20.3125 1.15095

20.3125 1.15095
20.7031 1.15141

20.7031 1.15141
21.0938 1.15196

21.0938 1.15196
21.4844 1.1526

21.4844 1.1526
21.875 1.15332

21.875 1.15332
22.2656 1.15412

22.2656 1.15412
22.6562 1.15498

22.6562 1.15498
23.0469 1.15589

23.0469 1.1559
23.4375 1.15686

23.4375 1.15686
23.8281 1.15787

23.8281 1.15787
24.2188 1.1589

24.2188 1.15891
24.6094 1.15996

24.6094 1.15996
25 1.16103

25 1.16103
25.3906 1.1621

25.3906 1.1621
25.7812 1.16315

25.7812 1.16316
26.1719 1.16419

26.1719 1.16419
26.5625 1.16519

26.5625 1.1652
26.9531 1.16616

26.9531 1.16616
27.3438 1.16707

27.3438 1.16707
27.7344 1.16793

27.7344 1.16793
28.125 1.16872

28.125 1.16872
28.5156 1.16943

28.5156 1.16943
28.9062 1.17007

28.9062 1.17007
29.2969 1.17061

29.2969 1.17061
29.6875 1.17106

29.6875 1.17107
30.0781 1.17142

30.0781 1.17142
30.4688 1.17168

30.4688 1.17167
30.8594 1.17184

31.6406 1.17181
31.2862 1.17188

31.6406 1.17182
32.0312 1.17166

32.0312 1.17166
32.4219 1.17139

32.4219 1.17139
32.8125 1.17103

32.8125 1.17103
33.2031 1.17057

33.2031 1.17057
33.5938 1.17002

33.5938 1.17002
33.9844 1.16938

33.9844 1.16938
34.375 1.16866

34.375 1.16865
34.7656 1.16786

34.7656 1.16786
35.1562 1.167

35.1562 1.167
35.5469 1.16608

35.5469 1.16608
35.9375 1.16512

35.9375 1.16511
36.3281 1.16411

36.3281 1.16411
36.7188 1.16307

36.7188 1.16307
37.1094 1.16201

37.1094 1.16201
37.5 1.16094

37.5 1.16094
37.8906 1.15988

37.8906 1.15987
38.2812 1.15882

38.2812 1.15881
38.6719 1.15778

38.6719 1.15778
39.0625 1.15677

39.0625 1.15676
39.4531 1.15579

39.4531 1.15579
39.8438 1.15486

39.8438 1.15486
40.2344 1.15399

40.2344 1.15399
40.625 1.15317

40.625 1.15317
41.0156 1.15242

41.0156 1.15241
41.4062 1.15173

41.4062 1.15173
41.7969 1.15111

41.7969 1.15111
42.1875 1.15056

42.1875 1.15056
42.5781 1.15008

42.5781 1.15008
42.9688 1.14966

42.9688 1.14966
43.3594 1.1493

43.3594 1.1493
43.75 1.14898

43.75 1.14898
44.1406 1.1487

44.1406 1.1487
44.5312 1.14844

44.5312 1.14845
44.9219 1.14819

44.9219 1.1482
45.3125 1.14792

45.3125 1.14793
45.7031 1.14762

45.7031 1.14762
46.0938 1.14725

46.0938 1.14726
46.4844 1.1468

46.4844 1.14681
46.875 1.14624

46.875 1.14624
47.2656 1.14553

47.2656 1.14553
47.6562 1.14465

47.6562 1.14465
48.0469 1.14357

48.0469 1.14357
48.4375 1.14226

48.4375 1.14227
48.8281 1.1407

48.8281 1.1407
49.2188 1.13886

49.2188 1.13887
49.6094 1.13673

49.6094 1.13674
50 1.13429

50 1.1343
50.3906 1.13154

50.3906 1.13154
50.7812 1.12846

50.7812 1.12846
51.1719 1.12505

51.1719 1.12505
51.5625 1.12134

51.5625 1.12133
51.9531 1.11732

51.9531 1.11732
52.3438 1.11303

52.3438 1.11302
52.7344 1.10848

52.7344 1.10847
53.125 1.1037

53.125 1.10369
53.5156 1.09873

53.5156 1.09872
53.9062 1.09361

53.9062 1.0936
54.2969 1.08838

54.2969 1.08837
54.6875 1.08307

54.6875 1.08306
55.0781 1.07774

55.0781 1.07773
55.4688 1.07242

55.4688 1.07241
55.8594 1.06714

55.8594 1.06713
56.25 1.06196

56.25 1.06195
56.6406 1.05689

56.6406 1.05688
57.0312 1.05197

57.0312 1.05197
57.4219 1.04723

57.4219 1.04722
57.8125 1.04268

57.8125 1.04267
58.2031 1.03834

58.2031 1.03833
58.5938 1.03421

58.5938 1.03421
58.9844 1.03032

58.9844 1.03032
59.375 1.02665

59.375 1.02665
59.7656 1.02321

59.7656 1.02322
60.1562 1.02

60.1562 1.02
60.5469 1.01701

60.5469 1.01701
60.9375 1.01422

60.9375 1.01422
61.3281 1.01164

61.3281 1.01164
61.7188 1.00924

61.7188 1.00925
62.1094 1.00703

62.1094 1.00703
62.5 1.00499

62.5 1.00499
62.8906 1.00311

62.8906 1.00311
63.2812 1.00138

63.2812 1.00138
63.6719 0.999793

63.6719 0.999795
64.0625 0.998343

64.0625 0.998345
64.4531 0.997023

64.4531 0.997025
64.8438 0.995829

64.8438 0.99583
65.2344 0.994755

65.2344 0.994755
65.625 0.993798

65.625 0.993799
66.0156 0.992956

66.0156 0.992957
66.4062 0.992228

66.4062 0.992228
66.7969 0.991611

66.7969 0.991611
67.1875 0.991104

67.1875 0.991104
67.5781 0.990707

67.5781 0.990707
67.9688 0.990418

67.9688 0.990418
68.3594 0.990236

68.3594 0.990236
68.75 0.99016

68.75 0.99016
69.1406 0.990188

69.1406 0.990188
69.5312 0.990317

69.5312 0.990318
69.9219 0.990546

69.9219 0.990546
70.3125 0.990869

70.3125 0.99087
70.7031 0.991284

70.7031 0.991663
71.0938 0.991409

71.431 0
71.4686 0.390625

71.4844 0.720439
71.465 0.78125

71.5421 0.390625
71.5111 0.78125

71.0938 1.11093
71.4844 0.873227

71.4844 1.11506
71.6793 0.78125

