6.64062 1.17181
6.28655 1.17188

6.64062 1.17182
7.03125 1.17166

7.03125 1.17166
7.42188 1.17139

7.42188 1.17139
7.8125 1.17103

7.8125 1.17103
8.20312 1.17057

8.20312 1.17057
8.59375 1.17002

8.59375 1.17001
8.98438 1.16938

8.98438 1.16937
9.375 1.16866

9.375 1.16865
9.76562 1.16786

9.76562 1.16786
10.1562 1.167

10.1562 1.167
10.5469 1.16608

10.5469 1.16608
10.9375 1.16511

10.9375 1.16511
11.3281 1.16411

11.3281 1.1641
11.7188 1.16307

11.7188 1.16307
12.1094 1.16201

12.1094 1.16201
12.5 1.16094

12.5 1.16094
12.8906 1.15988

12.8906 1.15988
13.2812 1.15882

13.2812 1.15882
13.6719 1.15779

13.6719 1.15778
14.0625 1.15678

14.0625 1.15678
14.4531 1.15582

14.4531 1.15582
14.8438 1.15491

14.8438 1.1549
15.2344 1.15405

15.2344 1.15405
15.625 1.15326

15.625 1.15326
16.0156 1.15255

16.0156 1.15255
16.4062 1.15192

16.4062 1.15191
16.7969 1.15137

16.7969 1.15137
17.1875 1.15092

17.1875 1.15092
17.5781 1.15056

17.5781 1.15056
17.9688 1.15031

17.9688 1.15031
18.3594 1.15015

18.3594 1.15015
18.75 1.15011

18.75 1.15011
19.1406 1.15016

19.1406 1.15016
19.5312 1.15032

19.5312 1.15032
19.9219 1.15059

19.9219 1.15059
20.3125 1.15095

20.3125 1.15095
20.7031 1.15141

20.7031 1.15141
21.0938 1.15196

21.0938 1.15196
21.4844 1.1526

21.4844 1.1526
21.875 1.15332

21.875 1.15332
22.2656 1.15412

22.2656 1.15412
22.6562 1.15498

22.6562 1.15498
23.0469 1.15589

23.0469 1.1559
23.4375 1.15686

23.4375 1.15686
23.8281 1.15787

23.8281 1.15787
24.2188 1.15891

24.2188 1.15891
24.6094 1.15996

24.6094 1.15996
25 1.16103

25 1.16103
25.3906 1.1621

25.3906 1.1621
25.7812 1.16315

25.7812 1.16316
26.1719 1.16419

26.1719 1.16419
26.5625 1.16519

26.5625 1.1652
26.9531 1.16616

26.9531 1.16616
27.3438 1.16707

27.3438 1.16707
27.7344 1.16793

27.7344 1.16793
28.125 1.16872

28.125 1.16872
28.5156 1.16943

28.5156 1.16943
28.9062 1.17007

28.9062 1.17007
29.2969 1.17061

29.2969 1.17061
29.6875 1.17107

29.6875 1.17107
30.0781 1.17142

30.0781 1.17142
30.4688 1.17168

30.4688 1.17167
30.8594 1.17184

31.6406 1.17181
31.2867 1.17188

31.6406 1.17182
32.0312 1.17166

32.0312 1.17166
32.4219 1.17139

32.4219 1.17139
32.8125 1.17103

32.8125 1.17103
33.2031 1.17057

33.2031 1.17057
33.5938 1.17002

33.5938 1.17001
33.9844 1.16938

33.9844 1.16937
34.375 1.16865

34.375 1.16865
34.7656 1.16786

34.7656 1.16785
35.1562 1.16699

35.1562 1.16699
35.5469 1.16606

35.5469 1.16606
35.9375 1.16508

35.9375 1.16508
36.3281 1.16406

36.3281 1.16406
36.7188 1.16299

36.7188 1.16299
37.1094 1.1619

37.1094 1.1619
37.5 1.16078

37.5 1.16078
37.8906 1.15965

37.8906 1.15965
38.2812 1.1585

38.2812 1.1585
38.6719 1.15734

38.6719 1.15734
39.0625 1.15618

39.0625 1.15618
39.4531 1.15501

39.4531 1.15501
39.8438 1.15382

39.8438 1.15382
40.2344 1.15262

40.2344 1.15263
40.625 1.1514

40.625 1.15141
41.0156 1.15015

41.0156 1.15016
41.4062 1.14886

41.4062 1.14886
41.7969 1.1475

41.7969 1.14751
42.1875 1.14607

42.1875 1.14608
42.5781 1.14455

42.5781 1.14455
42.9688 1.14291

42.9688 1.14292
43.3594 1.14113

43.3594 1.14114
43.75 1.1392

43.75 1.13921
44.1406 1.13709

44.1406 1.13709
44.5312 1.13478

44.5312 1.13478
44.9219 1.13225

44.9219 1.13225
45.3125 1.12949

45.3125 1.12949
45.7031 1.12648

45.7031 1.12649
46.0938 1.12323

46.0938 1.12323
46.4844 1.11973

46.4844 1.11972
46.875 1.11597

46.875 1.11597
47.2656 1.11198

47.2656 1.11198
47.6562 1.10777

47.6562 1.10776
48.0469 1.10335

48.0469 1.10335
48.4375 1.09876

48.4375 1.09875
48.8281 1.09403

48.8281 1.09402
49.2188 1.08919

49.2188 1.08918
49.6094 1.08428

49.6094 1.08427
50 1.07934

50 1.07933
50.3906 1.07441

50.3906 1.0744
50.7812 1.06953

50.7812 1.06953
51.1719 1.06475

51.1719 1.06474
51.5625 1.06009

51.5625 1.06009
51.9531 1.0556

51.9531 1.05559
52.3438 1.05129

52.3438 1.05128
52.7344 1.04719

52.7344 1.04719
53.125 1.04332

53.125 1.04332
53.5156 1.0397

53.5156 1.0397
53.9062 1.03632

53.9062 1.03632
54.2969 1.03319

54.2969 1.03319
54.6875 1.0303

54.6875 1.0303
55.0781 1.02765

55.0781 1.02765
55.4688 1.02522

55.4688 1.02522
55.8594 1.023

55.8594 1.023
56.25 1.02097

56.25 1.02097
56.6406 1.0191

56.6406 1.01911
57.0312 1.01739

57.0312 1.0174
57.4219 1.01581

57.4219 1.01581
57.8125 1.01433

57.8125 1.01434
58.2031 1.01295

58.2031 1.01295
58.5938 1.01164

58.5938 1.01164
58.9844 1.01039

58.9844 1.01039
59.375 1.00918

59.375 1.00918
59.7656 1.00801

59.7656 1.00801
60.1562 1.00686

60.1562 1.00686
60.5469 1.00573

60.5469 1.00573
60.9375 1.00462

60.9375 1.00462
61.3281 1.00352

61.3281 1.00352
61.7188 1.00243

61.7188 1.00243
62.1094 1.00135

62.1094 1.00135
62.5 1.00029

62.5 1.00029
62.8906 0.999255

62.8906 0.999254
63.2812 0.998241

63.2812 0.99824
63.6719 0.997258

63.6719 0.997256
64.0625 0.996311

64.0625 0.99631
64.4531 0.995409

64.4531 0.995407
64.8438 0.994557

64.8438 0.994555
65.2344 0.993762

65.2344 1.03247
65.625 0.954319

65.7822 0
65.8201 0.390625

65.916 0.390625
65.8378 0.78125

65.625 1.15322
66.0156 0.799871

66.0156 0.857203
66.0454 0.78125

