6.64062 1.17181
6.28604 1.17188

6.64062 1.17182
7.03125 1.17166

7.03125 1.17166
7.42188 1.17139

7.42188 1.17139
7.8125 1.17103

7.8125 1.17103
8.20312 1.17057

8.20312 1.17057
8.59375 1.17002

8.59375 1.17001
8.98438 1.16938

8.98438 1.16937
9.375 1.16866

9.375 1.16865
9.76562 1.16786

9.76562 1.16786
10.1562 1.167

10.1562 1.167
10.5469 1.16608

10.5469 1.16608
10.9375 1.16511

10.9375 1.16511
11.3281 1.16411

11.3281 1.1641
11.7188 1.16307

11.7188 1.16307
12.1094 1.16201

12.1094 1.16201
12.5 1.16094

12.5 1.16094
12.8906 1.15988

12.8906 1.15988
13.2812 1.15882

13.2812 1.15882
13.6719 1.15779

13.6719 1.15778
14.0625 1.15678

14.0625 1.15678
14.4531 1.15582

14.4531 1.15582
14.8438 1.15491

14.8438 1.1549
15.2344 1.15405

15.2344 1.15405
15.625 1.15326

15.625 1.15326
16.0156 1.15255

16.0156 1.15255
16.4062 1.15191

16.4062 1.15191
16.7969 1.15137

16.7969 1.15137
17.1875 1.15092

17.1875 1.15092
17.5781 1.15056

17.5781 1.15056
17.9688 1.15031

17.9688 1.15031
18.3594 1.15015

18.3594 1.15015
18.75 1.1501

18.75 1.1501
19.1406 1.15016

19.1406 1.15016
19.5312 1.15032

19.5312 1.15032
19.9219 1.15059

19.9219 1.15059
20.3125 1.15095

20.3125 1.15095
20.7031 1.15141

20.7031 1.15141
21.0938 1.15196

21.0938 1.15196
21.4844 1.1526

21.4844 1.1526
21.875 1.15332

21.875 1.15332
22.2656 1.15411

22.2656 1.15412
22.6562 1.15497

22.6562 1.15498
23.0469 1.15589

23.0469 1.1559
23.4375 1.15686

23.4375 1.15686
23.8281 1.15787

23.8281 1.15787
24.2188 1.1589

24.2188 1.15891
24.6094 1.15996

24.6094 1.15996
25 1.16103

25 1.16103
25.3906 1.1621

25.3906 1.1621
25.7812 1.16315

25.7812 1.16315
26.1719 1.16419

26.1719 1.16419
26.5625 1.16519

26.5625 1.16519
26.9531 1.16616

26.9531 1.16616
27.3438 1.16707

27.3438 1.16707
27.7344 1.16793

27.7344 1.16793
28.125 1.16872

28.125 1.16872
28.5156 1.16943

28.5156 1.16943
28.9062 1.17006

28.9062 1.17007
29.2969 1.17061

29.2969 1.17061
29.6875 1.17106

29.6875 1.17106
30.0781 1.17142

30.0781 1.17142
30.4688 1.17167

30.4688 1.17167
30.8594 1.17183

31.6406 1.17181
31.2861 1.17188

31.6406 1.17182
32.0312 1.17166

32.0312 1.17166
32.4219 1.17139

32.4219 1.17139
32.8125 1.17103

32.8125 1.17103
33.2031 1.17057

33.2031 1.17057
33.5938 1.17002

33.5938 1.17001
33.9844 1.16938

33.9844 1.16937
34.375 1.16865

34.375 1.16865
34.7656 1.16786

34.7656 1.16786
35.1562 1.167

35.1562 1.167
35.5469 1.16608

35.5469 1.16608
35.9375 1.16511

35.9375 1.16511
36.3281 1.16411

36.3281 1.1641
36.7188 1.16307

36.7188 1.16307
37.1094 1.16201

37.1094 1.16201
37.5 1.16094

37.5 1.16094
37.8906 1.15988

37.8906 1.15988
38.2812 1.15882

38.2812 1.15882
38.6719 1.15779

38.6719 1.15778
39.0625 1.15678

39.0625 1.15678
39.4531 1.15582

39.4531 1.15582
39.8438 1.15491

39.8438 1.1549
40.2344 1.15405

40.2344 1.15405
40.625 1.15326

40.625 1.15326
41.0156 1.15255

41.0156 1.15255
41.4062 1.15192

41.4062 1.15191
41.7969 1.15137

41.7969 1.15137
42.1875 1.15092

42.1875 1.15092
42.5781 1.15056

42.5781 1.15056
42.9688 1.15031

42.9688 1.15031
43.3594 1.15015

43.3594 1.15015
43.75 1.15011

43.75 1.15011
44.1406 1.15016

44.1406 1.15016
44.5312 1.15032

44.5312 1.15032
44.9219 1.15059

44.9219 1.15059
45.3125 1.15095

45.3125 1.15095
45.7031 1.15141

45.7031 1.15141
46.0938 1.15196

46.0938 1.15196
46.4844 1.1526

46.4844 1.1526
46.875 1.15332

46.875 1.15332
47.2656 1.15412

47.2656 1.15412
47.6562 1.15498

47.6562 1.15498
48.0469 1.15589

48.0469 1.1559
48.4375 1.15686

48.4375 1.15686
48.8281 1.15787

48.8281 1.15787
49.2188 1.15891

49.2188 1.15891
49.6094 1.15996

49.6094 1.15997
50 1.16103

50 1.16103
50.3906 1.1621

50.3906 1.1621
50.7812 1.16315

50.7812 1.16316
51.1719 1.16419

51.1719 1.16419
51.5625 1.16519

51.5625 1.1652
51.9531 1.16616

51.9531 1.16616
52.3438 1.16707

52.3438 1.16707
52.7344 1.16793

52.7344 1.16793
53.125 1.16871

53.125 1.16872
53.5156 1.16943

53.5156 1.16943
53.9062 1.17006

53.9062 1.17006
54.2969 1.1706

54.2969 1.1706
54.6875 1.17105

54.6875 1.17105
55.0781 1.1714

55.0781 1.1714
55.4688 1.17165

55.4688 1.17165
55.8594 1.17179

55.8594 1.17179
56.25 1.17182

56.25 1.17182
56.6406 1.17174

56.6406 1.17174
57.0312 1.17155

57.0312 1.17155
57.4219 1.17125

57.4219 1.17125
57.8125 1.17084

57.8125 1.17084
58.2031 1.17032

58.2031 1.17032
58.5938 1.16969

58.5938 1.16969
58.9844 1.16895

58.9844 1.16895
59.375 1.16811

59.375 1.16811
59.7656 1.16716

59.7656 1.16716
60.1562 1.16611

60.1562 1.16611
60.5469 1.16496

60.5469 1.16496
60.9375 1.16372

60.9375 1.16372
61.3281 1.16237

61.3281 1.16237
61.7188 1.16093

61.7188 1.16093
62.1094 1.1594

62.1094 1.1594
62.5 1.15776

62.5 1.15777
62.8906 1.15603

62.8906 1.15603
63.2812 1.1542

63.2812 1.1542
63.6719 1.15227

63.6719 1.15227
64.0625 1.15024

64.0625 1.15024
64.4531 1.14809

64.4531 1.14809
64.8438 1.14584

64.8438 1.14584
65.2344 1.14347

65.2344 1.14347
65.625 1.14099

65.625 1.14099
66.0156 1.13838

66.0156 1.13838
66.4062 1.13565

66.4062 1.13566
66.7969 1.1328

66.7969 1.1328
67.1875 1.12982

67.1875 1.12982
67.5781 1.12672

67.5781 1.12672
67.9688 1.12349

67.9688 1.12349
68.3594 1.12014

68.3594 1.12014
68.75 1.11668

68.75 1.11668
69.1406 1.1131

69.1406 1.1131
69.5312 1.10943

69.5312 1.10942
69.9219 1.10566

69.9219 1.10565
70.3125 1.10181

70.3125 1.1018
70.7031 1.09789

70.7031 1.09789
71.0938 1.09393

71.0938 1.09392
71.4844 1.08992

71.4844 1.08992
71.875 1.0859

71.875 1.0859
72.2656 1.08188

72.2656 1.08188
72.6562 1.07788

72.6562 1.07788
73.0469 1.07392

73.0469 1.07392
73.4375 1.07001

73.4375 1.07001
73.8281 1.06618

73.8281 1.06618
74.2188 1.06244

74.2188 1.06244
74.6094 1.05881

74.6094 1.05881
75 1.0553

75 1.0553
75.3906 1.05192

75.3906 1.05192
75.7812 1.04869

75.7812 1.04868
76.1719 1.0456

76.1719 1.0456
76.5625 1.04268

76.5625 1.04268
76.9531 1.03991

76.9531 1.03991
77.3438 1.03731

77.3438 1.03731
77.7344 1.03487

77.7344 1.03487
78.125 1.03258

78.125 1.03258
78.5156 1.03044

78.5156 1.03044
78.9062 1.02844

78.9062 1.02844
79.2969 1.02658

79.2969 1.02658
79.6875 1.02484

79.6875 1.02484
80.0781 1.02321

80.0781 1.02321
80.4688 1.02168

80.4688 1.02168
80.8594 1.02024

80.8594 1.02024
81.25 1.01887

81.25 1.01888
81.6406 1.01757

81.6406 1.01757
82.0312 1.01632

82.0312 1.01632
82.4219 1.01511

82.4219 1.01511
82.8125 1.01393

82.8125 1.01394
83.2031 1.01278

83.2031 1.01278
83.5938 1.01164

83.5938 1.01164
83.9844 1.01052

83.9844 1.01052
84.375 1.00939

84.375 1.00939
84.7656 1.00827

84.7656 1.00827
85.1562 1.00715

85.1562 1.00715
85.5469 1.00603

85.5469 1.00603
85.9375 1.00491

85.9375 1.00491
86.3281 1.0038

86.3281 1.0038
86.7188 1.00269

86.7188 1.00269
87.1094 1.00159

87.1094 1.00159
87.5 1.0005

87.5 1.0005
87.8906 0.999436

87.8906 0.999435
88.2812 0.998397

88.2812 0.998395
88.6719 0.997389

88.6719 0.997388
89.0625 0.996422

89.0625 0.99642
89.4531 0.9955

89.4531 0.995498
89.8438 0.994631

89.8438 0.994629
90.2344 0.993821

90.2344 0.99382
90.625 0.993078

90.625 0.993076
91.0156 0.992406

91.0156 0.992405
91.4062 0.991812

91.4062 0.991811
91.7969 0.9913

91.7969 0.991299
92.1875 0.990875

92.1875 0.990874
92.5781 0.99054

92.5781 0.99054
92.9688 0.990299

92.9688 0.990298
93.3594 0.990153

93.3594 0.990152
93.75 0.990103

93.75 0.990103
94.1406 0.99015

94.1406 0.99015
94.5312 0.990293

94.5312 0.990293
94.9219 0.990531

94.9219 0.990532
95.3125 0.990861

95.7515 0
95.7893 0.390625

95.8735 0.390625
95.8185 0.78125

95.3125 1.07087
95.7031 0.911269

95.7031 1.14061
96.0031 0.78125

