6.64062 1.17181
6.28625 1.17188

6.64062 1.17182
7.03125 1.17166

7.03125 1.17166
7.42188 1.17139

7.42188 1.17139
7.8125 1.17103

7.8125 1.17103
8.20312 1.17057

8.20312 1.17057
8.59375 1.17002

8.59375 1.17001
8.98438 1.16938

8.98438 1.16937
9.375 1.16866

9.375 1.16865
9.76562 1.16786

9.76562 1.16786
10.1562 1.167

10.1562 1.167
10.5469 1.16608

10.5469 1.16608
10.9375 1.16511

10.9375 1.16511
11.3281 1.16411

11.3281 1.1641
11.7188 1.16307

11.7188 1.16307
12.1094 1.16201

12.1094 1.16201
12.5 1.16094

12.5 1.16094
12.8906 1.15988

12.8906 1.15988
13.2812 1.15882

13.2812 1.15882
13.6719 1.15779

13.6719 1.15778
14.0625 1.15678

14.0625 1.15678
14.4531 1.15582

14.4531 1.15582
14.8438 1.15491

14.8438 1.1549
15.2344 1.15405

15.2344 1.15405
15.625 1.15326

15.625 1.15326
16.0156 1.15255

16.0156 1.15255
16.4062 1.15192

16.4062 1.15191
16.7969 1.15137

16.7969 1.15137
17.1875 1.15092

17.1875 1.15092
17.5781 1.15056

17.5781 1.15056
17.9688 1.15031

17.9688 1.15031
18.3594 1.15015

18.3594 1.15015
18.75 1.15011

18.75 1.15011
19.1406 1.15016

19.1406 1.15016
19.5312 1.15032

19.5312 1.15032
19.9219 1.15059

19.9219 1.15059
20.3125 1.15095

20.3125 1.15095
20.7031 1.15141

20.7031 1.15141
21.0938 1.15196

21.0938 1.15196
21.4844 1.1526

21.4844 1.1526
21.875 1.15332

21.875 1.15332
22.2656 1.15411

22.2656 1.15412
22.6562 1.15498

22.6562 1.15498
23.0469 1.15589

23.0469 1.1559
23.4375 1.15686

23.4375 1.15686
23.8281 1.15787

23.8281 1.15787
24.2188 1.1589

24.2188 1.15891
24.6094 1.15996

24.6094 1.15996
25 1.16103

25 1.16103
25.3906 1.1621

25.3906 1.1621
25.7812 1.16315

25.7812 1.16315
26.1719 1.16419

26.1719 1.16419
26.5625 1.16519

26.5625 1.16519
26.9531 1.16616

26.9531 1.16616
27.3438 1.16707

27.3438 1.16707
27.7344 1.16793

27.7344 1.16793
28.125 1.16872

28.125 1.16872
28.5156 1.16943

28.5156 1.16943
28.9062 1.17006

28.9062 1.17007
29.2969 1.17061

29.2969 1.17061
29.6875 1.17106

29.6875 1.17106
30.0781 1.17142

30.0781 1.17142
30.4688 1.17168

30.4688 1.17167
30.8594 1.17183

31.6406 1.17181
31.2861 1.17188

31.6406 1.17182
32.0312 1.17166

32.0312 1.17166
32.4219 1.17139

32.4219 1.17139
32.8125 1.17103

32.8125 1.17103
33.2031 1.17057

33.2031 1.17057
33.5938 1.17002

33.5938 1.17001
33.9844 1.16938

33.9844 1.16937
34.375 1.16866

34.375 1.16865
34.7656 1.16786

34.7656 1.16786
35.1562 1.167

35.1562 1.167
35.5469 1.16608

35.5469 1.16608
35.9375 1.16511

35.9375 1.16511
36.3281 1.16411

36.3281 1.1641
36.7188 1.16307

36.7188 1.16307
37.1094 1.16201

37.1094 1.16201
37.5 1.16095

37.5 1.16094
37.8906 1.15988

37.8906 1.15988
38.2812 1.15882

38.2812 1.15882
38.6719 1.15778

38.6719 1.15778
39.0625 1.15678

39.0625 1.15678
39.4531 1.15581

39.4531 1.15581
39.8438 1.15489

39.8438 1.15489
40.2344 1.15403

40.2344 1.15402
40.625 1.15322

40.625 1.15322
41.0156 1.15249

41.0156 1.15249
41.4062 1.15183

41.4062 1.15183
41.7969 1.15125

41.7969 1.15125
42.1875 1.15075

42.1875 1.15075
42.5781 1.15033

42.5781 1.15033
42.9688 1.14998

42.9688 1.14998
43.3594 1.14972

43.3594 1.14972
43.75 1.14952

43.75 1.14952
44.1406 1.14938

44.1406 1.14939
44.5312 1.1493

44.5312 1.14931
44.9219 1.14926

44.9219 1.14926
45.3125 1.14924

45.3125 1.14925
45.7031 1.14923

45.7031 1.14924
46.0938 1.14921

46.0938 1.14921
46.4844 1.14914

46.4844 1.14915
46.875 1.14902

46.875 1.14903
47.2656 1.14881

47.2656 1.14882
47.6562 1.14848

47.6562 1.14849
48.0469 1.14801

48.0469 1.14802
48.4375 1.14736

48.4375 1.14737
48.8281 1.14651

48.8281 1.14652
49.2188 1.14542

49.2188 1.14543
49.6094 1.14407

49.6094 1.14408
50 1.14244

50 1.14245
50.3906 1.1405

50.3906 1.14051
50.7812 1.13825

50.7812 1.13825
51.1719 1.13565

51.1719 1.13565
51.5625 1.13272

51.5625 1.13271
51.9531 1.12944

51.9531 1.12944
52.3438 1.12582

52.3438 1.12582
52.7344 1.12188

52.7344 1.12188
53.125 1.11763

53.125 1.11763
53.5156 1.1131

53.5156 1.11309
53.9062 1.1083

53.9062 1.1083
54.2969 1.10329

54.2969 1.10328
54.6875 1.09808

54.6875 1.09807
55.0781 1.09273

55.0781 1.09272
55.4688 1.08728

55.4688 1.08726
55.8594 1.08176

55.8594 1.08175
56.25 1.07622

56.25 1.07621
56.6406 1.0707

56.6406 1.07069
57.0312 1.06524

57.0312 1.06523
57.4219 1.05988

57.4219 1.05988
57.8125 1.05466

57.8125 1.05465
58.2031 1.04959

58.2031 1.04958
58.5938 1.04471

58.5938 1.0447
58.9844 1.04003

58.9844 1.04003
59.375 1.03557

59.375 1.03557
59.7656 1.03135

59.7656 1.03135
60.1562 1.02736

60.1562 1.02736
60.5469 1.02362

60.5469 1.02362
60.9375 1.02012

60.9375 1.02012
61.3281 1.01686

61.3281 1.01686
61.7188 1.01383

61.7188 1.01384
62.1094 1.01104

62.1094 1.01104
62.5 1.00846

62.5 1.00846
62.8906 1.00609

62.8906 1.00609
63.2812 1.00392

63.2812 1.00393
63.6719 1.00195

63.6719 1.00195
64.0625 1.00016

64.0625 1.00016
64.4531 0.998535

64.4531 0.998537
64.8438 0.99708

64.8438 0.997082
65.2344 0.995783

65.2344 0.995785
65.625 0.994636

65.625 0.994638
66.0156 0.993634

66.0156 0.993635
66.4062 0.992771

66.4062 0.992772
66.7969 0.992043

66.7969 0.992044
67.1875 0.991444

67.1875 0.991445
67.5781 0.990972

67.5781 0.990973
67.9688 0.990623

67.9688 0.990624
68.3594 0.990393

68.3594 0.990394
68.75 0.990278

68.75 0.990279
69.1406 0.990276

69.1406 0.990277
69.5312 0.990382

69.5312 0.990383
69.9219 0.990593

69.9219 0.990594
70.3125 0.990903

70.3125 0.990904
70.7031 0.991308

70.7031 0.991309
71.0938 0.991802

71.0938 0.991803
71.4844 0.992379

71.4844 0.992381
71.875 0.993033

71.875 0.993035
72.2656 0.993757

72.2656 1.04479
72.6562 0.943514

72.7834 0
72.8204 0.390625

72.9115 0.390625
72.8401 0.78125

72.6562 1.15395
73.035 0.78125

