6.64062 1.17181
6.28619 1.17188

6.64062 1.17182
7.03125 1.17166

7.03125 1.17166
7.42188 1.17139

7.42188 1.17139
7.8125 1.17103

7.8125 1.17103
8.20312 1.17057

8.20312 1.17057
8.59375 1.17002

8.59375 1.17001
8.98438 1.16938

8.98438 1.16937
9.375 1.16866

9.375 1.16865
9.76562 1.16786

9.76562 1.16786
10.1562 1.167

10.1562 1.167
10.5469 1.16608

10.5469 1.16608
10.9375 1.16511

10.9375 1.16511
11.3281 1.16411

11.3281 1.1641
11.7188 1.16307

11.7188 1.16307
12.1094 1.16201

12.1094 1.16201
12.5 1.16094

12.5 1.16094
12.8906 1.15988

12.8906 1.15988
13.2812 1.15882

13.2812 1.15882
13.6719 1.15779

13.6719 1.15778
14.0625 1.15678

14.0625 1.15678
14.4531 1.15582

14.4531 1.15582
14.8438 1.15491

14.8438 1.1549
15.2344 1.15405

15.2344 1.15405
15.625 1.15326

15.625 1.15326
16.0156 1.15255

16.0156 1.15255
16.4062 1.15192

16.4062 1.15191
16.7969 1.15137

16.7969 1.15137
17.1875 1.15092

17.1875 1.15092
17.5781 1.15056

17.5781 1.15056
17.9688 1.15031

17.9688 1.15031
18.3594 1.15015

18.3594 1.15015
18.75 1.15011

18.75 1.15011
19.1406 1.15016

19.1406 1.15016
19.5312 1.15032

19.5312 1.15032
19.9219 1.15059

19.9219 1.15059
20.3125 1.15095

20.3125 1.15095
20.7031 1.15141

20.7031 1.15141
21.0938 1.15196

21.0938 1.15196
21.4844 1.1526

21.4844 1.1526
21.875 1.15332

21.875 1.15332
22.2656 1.15412

22.2656 1.15412
22.6562 1.15498

22.6562 1.15498
23.0469 1.15589

23.0469 1.1559
23.4375 1.15686

23.4375 1.15686
23.8281 1.15787

23.8281 1.15787
24.2188 1.1589

24.2188 1.15891
24.6094 1.15996

24.6094 1.15996
25 1.16103

25 1.16103
25.3906 1.1621

25.3906 1.1621
25.7812 1.16315

25.7812 1.16315
26.1719 1.16419

26.1719 1.16419
26.5625 1.16519

26.5625 1.16519
26.9531 1.16616

26.9531 1.16616
27.3438 1.16707

27.3438 1.16707
27.7344 1.16793

27.7344 1.16793
28.125 1.16872

28.125 1.16872
28.5156 1.16943

28.5156 1.16943
28.9062 1.17006

28.9062 1.17007
29.2969 1.17061

29.2969 1.17061
29.6875 1.17106

29.6875 1.17106
30.0781 1.17142

30.0781 1.17142
30.4688 1.17168

30.4688 1.17167
30.8594 1.17183

31.6406 1.17181
31.2858 1.17188

31.6406 1.17182
32.0312 1.17166

32.0312 1.17166
32.4219 1.17139

32.4219 1.17139
32.8125 1.17103

32.8125 1.17103
33.2031 1.17057

33.2031 1.17057
33.5938 1.17002

33.5938 1.17001
33.9844 1.16938

33.9844 1.16937
34.375 1.16866

34.375 1.16865
34.7656 1.16786

34.7656 1.16786
35.1562 1.167

35.1562 1.167
35.5469 1.16608

35.5469 1.16608
35.9375 1.16511

35.9375 1.16511
36.3281 1.16411

36.3281 1.1641
36.7188 1.16307

36.7188 1.16307
37.1094 1.16201

37.1094 1.16201
37.5 1.16094

37.5 1.16094
37.8906 1.15988

37.8906 1.15988
38.2812 1.15882

38.2812 1.15882
38.6719 1.15779

38.6719 1.15778
39.0625 1.15678

39.0625 1.15678
39.4531 1.15582

39.4531 1.15582
39.8438 1.15491

39.8438 1.1549
40.2344 1.15405

40.2344 1.15405
40.625 1.15326

40.625 1.15326
41.0156 1.15255

41.0156 1.15255
41.4062 1.15191

41.4062 1.15191
41.7969 1.15137

41.7969 1.15137
42.1875 1.15091

42.1875 1.15091
42.5781 1.15055

42.5781 1.15055
42.9688 1.15029

42.9688 1.15029
43.3594 1.15013

43.3594 1.15013
43.75 1.15007

43.75 1.15007
44.1406 1.15011

44.1406 1.15011
44.5312 1.15025

44.5312 1.15025
44.9219 1.15049

44.9219 1.15049
45.3125 1.15081

45.3125 1.15081
45.7031 1.15122

45.7031 1.15122
46.0938 1.1517

46.0938 1.1517
46.4844 1.15225

46.4844 1.15225
46.875 1.15285

46.875 1.15285
47.2656 1.15349

47.2656 1.1535
47.6562 1.15416

47.6562 1.15417
48.0469 1.15484

48.0469 1.15484
48.4375 1.1555

48.4375 1.15551
48.8281 1.15613

48.8281 1.15614
49.2188 1.15671

49.2188 1.15672
49.6094 1.15721

49.6094 1.15721
50 1.1576

50 1.1576
50.3906 1.15785

50.3906 1.15786
50.7812 1.15795

50.7812 1.15796
51.1719 1.15786

51.1719 1.15786
51.5625 1.15754

51.5625 1.15755
51.9531 1.15698

51.9531 1.15699
52.3438 1.15614

52.3438 1.15615
52.7344 1.15501

52.7344 1.15501
53.125 1.15354

53.125 1.15355
53.5156 1.15173

53.5156 1.15174
53.9062 1.14956

53.9062 1.14956
54.2969 1.14701

54.2969 1.14701
54.6875 1.14408

54.6875 1.14408
55.0781 1.14076

55.0781 1.14076
55.4688 1.13706

55.4688 1.13706
55.8594 1.13298

55.8594 1.13298
56.25 1.12855

56.25 1.12854
56.6406 1.12377

56.6406 1.12377
57.0312 1.11869

57.0312 1.11868
57.4219 1.11332

57.4219 1.11331
57.8125 1.10771

57.8125 1.1077
58.2031 1.10189

58.2031 1.10188
58.5938 1.09592

58.5938 1.0959
58.9844 1.08982

58.9844 1.08981
59.375 1.08365

59.375 1.08364
59.7656 1.07746

59.7656 1.07745
60.1562 1.07129

60.1562 1.07128
60.5469 1.06518

60.5469 1.06517
60.9375 1.05918

60.9375 1.05917
61.3281 1.05333

61.3281 1.05332
61.7188 1.04766

61.7188 1.04765
62.1094 1.04221

62.1094 1.0422
62.5 1.03699

62.5 1.03699
62.8906 1.03204

62.8906 1.03204
63.2812 1.02737

63.2812 1.02737
63.6719 1.023

63.6719 1.02299
64.0625 1.01893

64.0625 1.01893
64.4531 1.01517

64.4531 1.01517
64.8438 1.01173

64.8438 1.01173
65.2344 1.0086

65.2344 1.0086
65.625 1.00577

65.625 1.00577
66.0156 1.00325

66.0156 1.00325
66.4062 1.00102

66.4062 1.00102
66.7969 0.999073

66.7969 0.999076
67.1875 0.997397

67.1875 0.9974
67.5781 0.995978

67.5781 0.995982
67.9688 0.994804

67.9688 0.994808
68.3594 0.993862

68.3594 0.993865
68.75 0.993137

68.75 0.99314
69.1406 0.992614

69.1406 0.992618
69.5312 0.992281

69.5312 0.992285
69.9219 0.992123

69.9219 0.992127
70.3125 0.992127

70.3125 0.99213
70.7031 0.992279

70.7031 0.992283
71.0938 0.992566

71.0938 0.99257
71.4844 0.992976

71.4844 0.992979
71.875 0.993495

71.875 0.993498
72.2656 0.994111

72.2656 0.994114
72.6562 0.994811

72.6562 0.994814
73.0469 0.995585

73.0469 0.995588
73.4375 0.996419

73.4375 0.996422
73.8281 0.997303

73.8281 0.997306
74.2188 0.998224

74.2188 0.998227
74.6094 0.999172

74.6094 0.999175
75 1.00014

75 1.00014
75.3906 1.0011

75.3906 1.00111
75.7812 1.00207

75.7812 1.00207
76.1719 1.00301

76.1719 1.00301
76.5625 1.00393

76.5625 1.00393
76.9531 1.00482

76.9531 1.00482
77.3438 1.00566

77.8023 0
77.8393 0.390625

77.9183 0.390625
77.8717 0.78125

77.3438 1.07981
77.7344 0.932293

77.7344 1.16415
78.0588 0.78125

