6.64062 1.17181
6.28619 1.17188

6.64062 1.17182
7.03125 1.17166

7.03125 1.17166
7.42188 1.17139

7.42188 1.17139
7.8125 1.17103

7.8125 1.17103
8.20312 1.17057

8.20312 1.17057
8.59375 1.17002

8.59375 1.17001
8.98438 1.16938

8.98438 1.16937
9.375 1.16866

9.375 1.16865
9.76562 1.16786

9.76562 1.16786
10.1562 1.167

10.1562 1.167
10.5469 1.16608

10.5469 1.16608
10.9375 1.16511

10.9375 1.16511
11.3281 1.16411

11.3281 1.1641
11.7188 1.16307

11.7188 1.16307
12.1094 1.16201

12.1094 1.16201
12.5 1.16094

12.5 1.16094
12.8906 1.15988

12.8906 1.15988
13.2812 1.15882

13.2812 1.15882
13.6719 1.15779

13.6719 1.15778
14.0625 1.15678

14.0625 1.15678
14.4531 1.15582

14.4531 1.15582
14.8438 1.15491

14.8438 1.1549
15.2344 1.15405

15.2344 1.15405
15.625 1.15326

15.625 1.15326
16.0156 1.15255

16.0156 1.15255
16.4062 1.15192

16.4062 1.15191
16.7969 1.15137

16.7969 1.15137
17.1875 1.15092

17.1875 1.15092
17.5781 1.15056

17.5781 1.15056
17.9688 1.15031

17.9688 1.15031
18.3594 1.15015

18.3594 1.15015
18.75 1.15011

18.75 1.15011
19.1406 1.15016

19.1406 1.15016
19.5312 1.15032

19.5312 1.15032
19.9219 1.15059

19.9219 1.15059
20.3125 1.15095

20.3125 1.15095
20.7031 1.15141

20.7031 1.15141
21.0938 1.15196

21.0938 1.15196
21.4844 1.1526

21.4844 1.1526
21.875 1.15332

21.875 1.15332
22.2656 1.15412

22.2656 1.15412
22.6562 1.15498

22.6562 1.15498
23.0469 1.15589

23.0469 1.1559
23.4375 1.15686

23.4375 1.15686
23.8281 1.15787

23.8281 1.15787
24.2188 1.1589

24.2188 1.15891
24.6094 1.15996

24.6094 1.15996
25 1.16103

25 1.16103
25.3906 1.1621

25.3906 1.1621
25.7812 1.16315

25.7812 1.16316
26.1719 1.16419

26.1719 1.16419
26.5625 1.16519

26.5625 1.1652
26.9531 1.16616

26.9531 1.16616
27.3438 1.16707

27.3438 1.16707
27.7344 1.16793

27.7344 1.16793
28.125 1.16872

28.125 1.16872
28.5156 1.16943

28.5156 1.16943
28.9062 1.17006

28.9062 1.17007
29.2969 1.17061

29.2969 1.17061
29.6875 1.17106

29.6875 1.17107
30.0781 1.17142

30.0781 1.17142
30.4688 1.17168

30.4688 1.17167
30.8594 1.17183

31.6406 1.17181
31.2871 1.17188

31.6406 1.17182
32.0312 1.17166

32.0312 1.17166
32.4219 1.17139

32.4219 1.17139
32.8125 1.17103

32.8125 1.17103
33.2031 1.17057

33.2031 1.17057
33.5938 1.17002

33.5938 1.17001
33.9844 1.16938

33.9844 1.16937
34.375 1.16866

34.375 1.16865
34.7656 1.16786

34.7656 1.16786
35.1562 1.167

35.1562 1.167
35.5469 1.16608

35.5469 1.16608
35.9375 1.16511

35.9375 1.16511
36.3281 1.16411

36.3281 1.1641
36.7188 1.16307

36.7188 1.16307
37.1094 1.16201

37.1094 1.16201
37.5 1.16095

37.5 1.16094
37.8906 1.15988

37.8906 1.15988
38.2812 1.15882

38.2812 1.15882
38.6719 1.15779

38.6719 1.15779
39.0625 1.15678

39.0625 1.15678
39.4531 1.15582

39.4531 1.15582
39.8438 1.15491

39.8438 1.1549
40.2344 1.15405

40.2344 1.15405
40.625 1.15326

40.625 1.15326
41.0156 1.15255

41.0156 1.15254
41.4062 1.15191

41.4062 1.15191
41.7969 1.15136

41.7969 1.15136
42.1875 1.15091

42.1875 1.1509
42.5781 1.15054

42.5781 1.15054
42.9688 1.15028

42.9688 1.15028
43.3594 1.15011

43.3594 1.15011
43.75 1.15004

43.75 1.15004
44.1406 1.15007

44.1406 1.15008
44.5312 1.1502

44.5312 1.1502
44.9219 1.15041

44.9219 1.15042
45.3125 1.15071

45.3125 1.15072
45.7031 1.15109

45.7031 1.15109
46.0938 1.15153

46.0938 1.15154
46.4844 1.15203

46.4844 1.15204
46.875 1.15257

46.875 1.15258
47.2656 1.15314

47.2656 1.15315
47.6562 1.15372

47.6562 1.15372
48.0469 1.15428

48.0469 1.15429
48.4375 1.15481

48.4375 1.15482
48.8281 1.15529

48.8281 1.15529
49.2188 1.15568

49.2188 1.15568
49.6094 1.15596

49.6094 1.15597
50 1.15611

50 1.15611
50.3906 1.15608

50.3906 1.15609
50.7812 1.15586

50.7812 1.15587
51.1719 1.15542

51.1719 1.15543
51.5625 1.15472

51.5625 1.15473
51.9531 1.15374

51.9531 1.15375
52.3438 1.15245

52.3438 1.15245
52.7344 1.15083

52.7344 1.15083
53.125 1.14886

53.125 1.14886
53.5156 1.14652

53.5156 1.14652
53.9062 1.14381

53.9062 1.14381
54.2969 1.14071

54.2969 1.14071
54.6875 1.13723

54.6875 1.13723
55.0781 1.13338

55.0781 1.13338
55.4688 1.12916

55.4688 1.12916
55.8594 1.1246

55.8594 1.1246
56.25 1.11972

56.25 1.11971
56.6406 1.11455

56.6406 1.11454
57.0312 1.10911

57.0312 1.1091
57.4219 1.10346

57.4219 1.10345
57.8125 1.09763

57.8125 1.09762
58.2031 1.09166

58.2031 1.09165
58.5938 1.08561

58.5938 1.0856
58.9844 1.07951

58.9844 1.0795
59.375 1.07342

59.375 1.07341
59.7656 1.06737

59.7656 1.06736
60.1562 1.06142

60.1562 1.06141
60.5469 1.05559

60.5469 1.05558
60.9375 1.04993

60.9375 1.04992
61.3281 1.04446

61.3281 1.04446
61.7188 1.03922

61.7188 1.03922
62.1094 1.03423

62.1094 1.03423
62.5 1.02951

62.5 1.0295
62.8906 1.02506

62.8906 1.02506
63.2812 1.02091

63.2812 1.02091
63.6719 1.01706

63.6719 1.01706
64.0625 1.0135

64.0625 1.0135
64.4531 1.01025

64.4531 1.01025
64.8438 1.00729

64.8438 1.00729
65.2344 1.00463

65.2344 1.00463
65.625 1.00224

65.625 1.00224
66.0156 1.00013

66.0156 1.00013
66.4062 0.998285

66.4062 0.998288
66.7969 0.996689

66.7969 0.996692
67.1875 0.995333

67.1875 0.995336
67.5781 0.994204

67.5781 0.994207
67.9688 0.99329

67.9688 0.993293
68.3594 0.992578

68.3594 0.992581
68.75 0.992055

68.75 0.992058
69.1406 0.99171

69.1406 0.991713
69.5312 0.99153

69.5312 0.991533
69.9219 0.991505

69.9219 0.991508
70.3125 0.991621

70.3125 0.991624
70.7031 0.991868

70.7031 0.991871
71.0938 0.992235

71.0938 0.992238
71.4844 0.992711

71.4844 0.992714
71.875 0.993285

71.875 0.993288
72.2656 0.993946

72.2656 0.993948
72.6562 0.994683

72.6562 0.994686
73.0469 0.995486

73.0469 0.995488
73.4375 0.996344

73.4375 0.996346
73.8281 0.997246

73.8281 0.997248
74.2188 0.998182

74.2188 0.998184
74.6094 0.999141

74.6094 0.999144
75 1.00011

75 1.00012
75.3906 1.00109

75.3906 1.00109
75.7812 1.00205

75.7812 1.00206
76.1719 1.003

76.1719 1.0077
76.5625 0.999234

76.8524 0
76.8896 0.390625

76.9531 0.53713
76.8931 0.78125

76.9702 0.390625
76.9583 0.78125

76.5625 1.13941
76.9531 0.869331

76.9531 1.09455
77.1067 0.78125

