6.64062 1.17181
6.28646 1.17188

6.64062 1.17182
7.03125 1.17166

7.03125 1.17166
7.42188 1.17139

7.42188 1.17139
7.8125 1.17103

7.8125 1.17103
8.20312 1.17057

8.20312 1.17057
8.59375 1.17002

8.59375 1.17001
8.98438 1.16938

8.98438 1.16937
9.375 1.16866

9.375 1.16865
9.76562 1.16786

9.76562 1.16786
10.1562 1.167

10.1562 1.167
10.5469 1.16608

10.5469 1.16608
10.9375 1.16511

10.9375 1.16511
11.3281 1.16411

11.3281 1.1641
11.7188 1.16307

11.7188 1.16307
12.1094 1.16201

12.1094 1.16201
12.5 1.16094

12.5 1.16094
12.8906 1.15988

12.8906 1.15988
13.2812 1.15882

13.2812 1.15882
13.6719 1.15779

13.6719 1.15778
14.0625 1.15678

14.0625 1.15678
14.4531 1.15582

14.4531 1.15582
14.8438 1.15491

14.8438 1.1549
15.2344 1.15405

15.2344 1.15405
15.625 1.15326

15.625 1.15326
16.0156 1.15255

16.0156 1.15255
16.4062 1.15192

16.4062 1.15191
16.7969 1.15137

16.7969 1.15137
17.1875 1.15092

17.1875 1.15092
17.5781 1.15056

17.5781 1.15056
17.9688 1.15031

17.9688 1.15031
18.3594 1.15015

18.3594 1.15015
18.75 1.15011

18.75 1.15011
19.1406 1.15016

19.1406 1.15016
19.5312 1.15032

19.5312 1.15032
19.9219 1.15059

19.9219 1.15059
20.3125 1.15095

20.3125 1.15095
20.7031 1.15141

20.7031 1.15141
21.0938 1.15196

21.0938 1.15196
21.4844 1.1526

21.4844 1.1526
21.875 1.15332

21.875 1.15332
22.2656 1.15411

22.2656 1.15412
22.6562 1.15498

22.6562 1.15498
23.0469 1.15589

23.0469 1.1559
23.4375 1.15686

23.4375 1.15686
23.8281 1.15787

23.8281 1.15787
24.2188 1.1589

24.2188 1.15891
24.6094 1.15996

24.6094 1.15996
25 1.16103

25 1.16103
25.3906 1.1621

25.3906 1.1621
25.7812 1.16315

25.7812 1.16316
26.1719 1.16419

26.1719 1.16419
26.5625 1.16519

26.5625 1.1652
26.9531 1.16616

26.9531 1.16616
27.3438 1.16707

27.3438 1.16708
27.7344 1.16793

27.7344 1.16793
28.125 1.16872

28.125 1.16872
28.5156 1.16943

28.5156 1.16944
28.9062 1.17007

28.9062 1.17007
29.2969 1.17061

29.2969 1.17061
29.6875 1.17107

29.6875 1.17107
30.0781 1.17142

30.0781 1.17142
30.4688 1.17168

30.4688 1.17168
30.8594 1.17183

30.8594 1.17184
31.1767 1.17188

31.6406 1.17182
31.2659 1.17188

31.6406 1.17182
32.0312 1.17165

32.0312 1.17165
32.4219 1.17139

32.4219 1.17139
32.8125 1.17101

32.8125 1.17101
33.2031 1.17054

33.2031 1.17054
33.5938 1.16997

33.5938 1.16997
33.9844 1.16931

33.9844 1.1693
34.375 1.16855

34.375 1.16855
34.7656 1.1677

34.7656 1.1677
35.1562 1.16677

35.1562 1.16677
35.5469 1.16576

35.5469 1.16576
35.9375 1.16466

35.9375 1.16466
36.3281 1.16348

36.3281 1.16348
36.7188 1.16221

36.7188 1.16222
37.1094 1.16086

37.1094 1.16086
37.5 1.15942

37.5 1.15942
37.8906 1.15787

37.8906 1.15788
38.2812 1.15622

38.2812 1.15622
38.6719 1.15444

38.6719 1.15445
39.0625 1.15253

39.0625 1.15253
39.4531 1.15047

39.4531 1.15047
39.8438 1.14824

39.8438 1.14824
40.2344 1.14582

40.2344 1.14582
40.625 1.1432

40.625 1.14321
41.0156 1.14036

41.0156 1.14037
41.4062 1.13729

41.4062 1.13729
41.7969 1.13397

41.7969 1.13397
42.1875 1.13039

42.1875 1.13039
42.5781 1.12655

42.5781 1.12655
42.9688 1.12245

42.9688 1.12245
43.3594 1.11809

43.3594 1.11809
43.75 1.11349

43.75 1.11348
44.1406 1.10866

44.1406 1.10865
44.5312 1.10363

44.5312 1.10362
44.9219 1.09843

44.9219 1.09842
45.3125 1.09309

45.3125 1.09308
45.7031 1.08766

45.7031 1.08765
46.0938 1.08218

46.0938 1.08217
46.4844 1.0767

46.4844 1.07668
46.875 1.07125

46.875 1.07124
47.2656 1.0659

47.2656 1.06589
47.6562 1.0607

47.6562 1.06068
48.0469 1.05567

48.0469 1.05566
48.4375 1.05086

48.4375 1.05086
48.8281 1.04632

48.8281 1.04631
49.2188 1.04206

49.2188 1.04205
49.6094 1.03811

49.6094 1.0381
50 1.03448

50 1.03448
50.3906 1.03118

50.3906 1.03118
50.7812 1.02822

50.7812 1.02823
51.1719 1.02559

51.1719 1.0256
51.5625 1.02328

51.5625 1.02328
51.9531 1.02127

51.9531 1.02127
52.3438 1.01953

52.3438 1.01954
52.7344 1.01806

52.7344 1.01807
53.125 1.01681

53.125 1.01682
53.5156 1.01577

53.5156 1.01578
53.9062 1.01489

53.9062 1.0149
54.2969 1.01416

54.2969 1.01417
54.6875 1.01354

54.6875 1.01355
55.0781 1.01301

55.0781 1.01301
55.4688 1.01253

55.4688 1.01254
55.8594 1.01209

55.8594 1.0121
56.25 1.01167

56.25 1.01168
56.6406 1.01125

56.6406 1.01125
57.0312 1.01081

57.0312 1.01081
57.4219 1.01034

57.4219 1.01034
57.8125 1.00983

57.8125 1.00983
58.2031 1.00927

58.2031 1.00927
58.5938 1.00866

58.5938 1.00866
58.9844 1.008

58.9844 1.008
59.375 1.00728

59.375 1.00728
59.7656 1.00652

59.7656 1.00652
60.1562 1.0057

60.1562 1.0057
60.5469 1.00484

60.5469 1.00484
60.9375 1.00394

61.6527 0
61.6902 0.390625

61.7188 0.670059
61.6889 0.78125

60.9375 1.005
61.3281 1.00195

61.3281 1.12759
61.7188 0.877466

61.761 0.390625
61.7403 0.78125

61.7188 1.12193
61.9038 0.78125

