6.64062 1.17181
6.28597 1.17188

6.64062 1.17182
7.03125 1.17166

7.03125 1.17166
7.42188 1.17139

7.42188 1.17139
7.8125 1.17103

7.8125 1.17103
8.20312 1.17057

8.20312 1.17057
8.59375 1.17002

8.59375 1.17001
8.98438 1.16938

8.98438 1.16937
9.375 1.16865

9.375 1.16865
9.76562 1.16786

9.76562 1.16786
10.1562 1.167

10.1562 1.167
10.5469 1.16608

10.5469 1.16608
10.9375 1.16511

10.9375 1.16511
11.3281 1.16411

11.3281 1.1641
11.7188 1.16307

11.7188 1.16307
12.1094 1.16201

12.1094 1.16201
12.5 1.16094

12.5 1.16094
12.8906 1.15988

12.8906 1.15987
13.2812 1.15882

13.2812 1.15882
13.6719 1.15779

13.6719 1.15778
14.0625 1.15678

14.0625 1.15678
14.4531 1.15582

14.4531 1.15582
14.8438 1.15491

14.8438 1.1549
15.2344 1.15405

15.2344 1.15405
15.625 1.15326

15.625 1.15326
16.0156 1.15255

16.0156 1.15255
16.4062 1.15191

16.4062 1.15191
16.7969 1.15137

16.7969 1.15137
17.1875 1.15092

17.1875 1.15092
17.5781 1.15056

17.5781 1.15056
17.9688 1.15031

17.9688 1.1503
18.3594 1.15015

18.3594 1.15015
18.75 1.1501

18.75 1.1501
19.1406 1.15016

19.1406 1.15016
19.5312 1.15032

19.5312 1.15032
19.9219 1.15058

19.9219 1.15059
20.3125 1.15095

20.3125 1.15095
20.7031 1.15141

20.7031 1.15141
21.0938 1.15196

21.0938 1.15196
21.4844 1.1526

21.4844 1.1526
21.875 1.15332

21.875 1.15332
22.2656 1.15411

22.2656 1.15412
22.6562 1.15497

22.6562 1.15498
23.0469 1.15589

23.0469 1.15589
23.4375 1.15686

23.4375 1.15686
23.8281 1.15787

23.8281 1.15787
24.2188 1.1589

24.2188 1.15891
24.6094 1.15996

24.6094 1.15996
25 1.16103

25 1.16103
25.3906 1.1621

25.3906 1.1621
25.7812 1.16315

25.7812 1.16315
26.1719 1.16419

26.1719 1.16419
26.5625 1.16519

26.5625 1.16519
26.9531 1.16616

26.9531 1.16616
27.3438 1.16707

27.3438 1.16707
27.7344 1.16793

27.7344 1.16793
28.125 1.16872

28.125 1.16872
28.5156 1.16943

28.5156 1.16943
28.9062 1.17006

28.9062 1.17006
29.2969 1.17061

29.2969 1.17061
29.6875 1.17106

29.6875 1.17106
30.0781 1.17142

30.0781 1.17142
30.4688 1.17167

30.4688 1.17167
30.8594 1.17183

31.6406 1.17181
31.2856 1.17188

31.6406 1.17182
32.0312 1.17166

32.0312 1.17166
32.4219 1.17139

32.4219 1.17139
32.8125 1.17103

32.8125 1.17103
33.2031 1.17057

33.2031 1.17057
33.5938 1.17002

33.5938 1.17001
33.9844 1.16938

33.9844 1.16937
34.375 1.16865

34.375 1.16865
34.7656 1.16786

34.7656 1.16786
35.1562 1.167

35.1562 1.167
35.5469 1.16608

35.5469 1.16608
35.9375 1.16511

35.9375 1.16511
36.3281 1.16411

36.3281 1.1641
36.7188 1.16307

36.7188 1.16307
37.1094 1.16201

37.1094 1.16201
37.5 1.16094

37.5 1.16094
37.8906 1.15988

37.8906 1.15987
38.2812 1.15882

38.2812 1.15882
38.6719 1.15779

38.6719 1.15778
39.0625 1.15678

39.0625 1.15678
39.4531 1.15582

39.4531 1.15582
39.8438 1.15491

39.8438 1.1549
40.2344 1.15405

40.2344 1.15405
40.625 1.15326

40.625 1.15326
41.0156 1.15255

41.0156 1.15255
41.4062 1.15192

41.4062 1.15191
41.7969 1.15137

41.7969 1.15137
42.1875 1.15092

42.1875 1.15092
42.5781 1.15056

42.5781 1.15056
42.9688 1.15031

42.9688 1.15031
43.3594 1.15015

43.3594 1.15015
43.75 1.15011

43.75 1.15011
44.1406 1.15016

44.1406 1.15016
44.5312 1.15032

44.5312 1.15032
44.9219 1.15059

44.9219 1.15059
45.3125 1.15095

45.3125 1.15095
45.7031 1.15141

45.7031 1.15141
46.0938 1.15196

46.0938 1.15196
46.4844 1.1526

46.4844 1.1526
46.875 1.15332

46.875 1.15332
47.2656 1.15412

47.2656 1.15412
47.6562 1.15498

47.6562 1.15498
48.0469 1.15589

48.0469 1.1559
48.4375 1.15686

48.4375 1.15686
48.8281 1.15787

48.8281 1.15787
49.2188 1.1589

49.2188 1.15891
49.6094 1.15996

49.6094 1.15996
50 1.16103

50 1.16103
50.3906 1.1621

50.3906 1.1621
50.7812 1.16315

50.7812 1.16316
51.1719 1.16419

51.1719 1.16419
51.5625 1.16519

51.5625 1.1652
51.9531 1.16616

51.9531 1.16616
52.3438 1.16707

52.3438 1.16707
52.7344 1.16793

52.7344 1.16793
53.125 1.16872

53.125 1.16872
53.5156 1.16943

53.5156 1.16943
53.9062 1.17006

53.9062 1.17006
54.2969 1.17061

54.2969 1.17061
54.6875 1.17106

54.6875 1.17106
55.0781 1.17141

55.0781 1.17141
55.4688 1.17166

55.4688 1.17166
55.8594 1.17181

55.8594 1.17181
56.25 1.17185

56.25 1.17185
56.6406 1.17178

56.6406 1.17178
57.0312 1.1716

57.0312 1.1716
57.4219 1.17131

57.4219 1.17131
57.8125 1.17092

57.8125 1.17092
58.2031 1.17042

58.2031 1.17042
58.5938 1.16982

58.5938 1.16982
58.9844 1.16912

58.9844 1.16912
59.375 1.16832

59.375 1.16832
59.7656 1.16743

59.7656 1.16743
60.1562 1.16644

60.1562 1.16644
60.5469 1.16537

60.5469 1.16537
60.9375 1.16422

60.9375 1.16422
61.3281 1.16298

61.3281 1.16298
61.7188 1.16167

61.7188 1.16167
62.1094 1.16027

62.1094 1.16027
62.5 1.15881

62.5 1.15881
62.8906 1.15727

62.8906 1.15727
63.2812 1.15565

63.2812 1.15565
63.6719 1.15396

63.6719 1.15396
64.0625 1.15218

64.0625 1.15219
64.4531 1.15033

64.4531 1.15034
64.8438 1.1484

64.8438 1.1484
65.2344 1.14638

65.2344 1.14638
65.625 1.14427

65.625 1.14427
66.0156 1.14207

66.0156 1.14207
66.4062 1.13976

66.4062 1.13976
66.7969 1.13735

66.7969 1.13735
67.1875 1.13483

67.1875 1.13483
67.5781 1.1322

67.5781 1.1322
67.9688 1.12945

67.9688 1.12945
68.3594 1.12659

68.3594 1.12659
68.75 1.1236

68.75 1.1236
69.1406 1.1205

69.1406 1.1205
69.5312 1.11729

69.5312 1.11729
69.9219 1.11396

69.9219 1.11396
70.3125 1.11053

70.3125 1.11052
70.7031 1.107

70.7031 1.10699
71.0938 1.10337

71.0938 1.10337
71.4844 1.09968

71.4844 1.09967
71.875 1.09591

71.875 1.09591
72.2656 1.0921

72.2656 1.09209
72.6562 1.08824

72.6562 1.08824
73.0469 1.08437

73.0469 1.08437
73.4375 1.0805

73.4375 1.0805
73.8281 1.07665

73.8281 1.07664
74.2188 1.07282

74.2188 1.07282
74.6094 1.06905

74.6094 1.06904
75 1.06534

75 1.06534
75.3906 1.06172

75.3906 1.06171
75.7812 1.05819

75.7812 1.05819
76.1719 1.05477

76.1719 1.05477
76.5625 1.05147

76.5625 1.05147
76.9531 1.0483

76.9531 1.0483
77.3438 1.04527

77.3438 1.04527
77.7344 1.04237

77.7344 1.04237
78.125 1.03962

78.125 1.03962
78.5156 1.03701

78.5156 1.03701
78.9062 1.03454

78.9062 1.03454
79.2969 1.0322

79.2969 1.03221
79.6875 1.03

79.6875 1.03
80.0781 1.02792

80.0781 1.02792
80.4688 1.02596

80.4688 1.02596
80.8594 1.0241

80.8594 1.0241
81.25 1.02234

81.25 1.02234
81.6406 1.02067

81.6406 1.02067
82.0312 1.01907

82.0312 1.01907
82.4219 1.01754

82.4219 1.01754
82.8125 1.01607

82.8125 1.01607
83.2031 1.01464

83.2031 1.01464
83.5938 1.01326

83.5938 1.01326
83.9844 1.01191

83.9844 1.01191
84.375 1.01059

84.375 1.0106
84.7656 1.0093

84.7656 1.0093
85.1562 1.00803

85.1562 1.00803
85.5469 1.00677

85.5469 1.00677
85.9375 1.00554

85.9375 1.00553
86.3281 1.00432

86.3281 1.00432
86.7188 1.00312

86.7188 1.00312
87.1094 1.00194

87.1094 1.00194
87.5 1.00079

87.5 1.00079
87.8906 0.999676

87.8906 0.999674
88.2812 0.998591

88.2812 0.99859
88.6719 0.997546

88.6719 0.997545
89.0625 0.996548

89.0625 0.996546
89.4531 0.9956

89.4531 0.995599
89.8438 0.994711

89.8438 0.994709
90.2344 0.993884

90.2344 0.993883
90.625 0.993127

90.625 0.993126
91.0156 0.992444

91.0156 0.992443
91.4062 0.991841

91.4062 0.99184
91.7969 0.991323

91.7969 0.991322
92.1875 0.990892

92.1875 0.990891
92.5781 0.990553

92.5781 0.990553
92.9688 0.990308

92.9688 0.990308
93.3594 0.99016

93.3594 0.990159
93.75 0.990108

93.75 0.990108
94.1406 0.990153

94.1406 0.990154
94.5312 0.990296

94.5312 0.990296
94.9219 0.990533

94.9219 0.990533
95.3125 0.990862

95.3125 0.990863
95.7031 0.991281

95.7031 0.991282
96.0938 0.991785

96.8571 0
96.875 0.185244

96.0938 0.991786
96.4844 0.992369

96.4844 1.09813
96.875 0.887271

96.875 0.185782
96.8948 0.390625

96.9707 0.390625
96.9322 0.78125

96.875 1.12879
97.1072 0.78125

