6.64062 1.17181
6.2863 1.17188

6.64062 1.17182
7.03125 1.17166

7.03125 1.17166
7.42188 1.17139

7.42188 1.17139
7.8125 1.17103

7.8125 1.17103
8.20312 1.17057

8.20312 1.17057
8.59375 1.17002

8.59375 1.17001
8.98438 1.16938

8.98438 1.16937
9.375 1.16866

9.375 1.16865
9.76562 1.16786

9.76562 1.16786
10.1562 1.167

10.1562 1.167
10.5469 1.16608

10.5469 1.16608
10.9375 1.16511

10.9375 1.16511
11.3281 1.16411

11.3281 1.1641
11.7188 1.16307

11.7188 1.16307
12.1094 1.16201

12.1094 1.16201
12.5 1.16094

12.5 1.16094
12.8906 1.15988

12.8906 1.15988
13.2812 1.15882

13.2812 1.15882
13.6719 1.15779

13.6719 1.15778
14.0625 1.15678

14.0625 1.15678
14.4531 1.15582

14.4531 1.15582
14.8438 1.15491

14.8438 1.1549
15.2344 1.15405

15.2344 1.15405
15.625 1.15326

15.625 1.15326
16.0156 1.15255

16.0156 1.15255
16.4062 1.15192

16.4062 1.15191
16.7969 1.15137

16.7969 1.15137
17.1875 1.15092

17.1875 1.15092
17.5781 1.15056

17.5781 1.15056
17.9688 1.15031

17.9688 1.15031
18.3594 1.15015

18.3594 1.15015
18.75 1.15011

18.75 1.15011
19.1406 1.15016

19.1406 1.15016
19.5312 1.15032

19.5312 1.15032
19.9219 1.15059

19.9219 1.15059
20.3125 1.15095

20.3125 1.15095
20.7031 1.15141

20.7031 1.15141
21.0938 1.15196

21.0938 1.15196
21.4844 1.1526

21.4844 1.1526
21.875 1.15332

21.875 1.15332
22.2656 1.15411

22.2656 1.15412
22.6562 1.15497

22.6562 1.15498
23.0469 1.15589

23.0469 1.1559
23.4375 1.15686

23.4375 1.15686
23.8281 1.15787

23.8281 1.15787
24.2188 1.1589

24.2188 1.15891
24.6094 1.15996

24.6094 1.15996
25 1.16103

25 1.16103
25.3906 1.1621

25.3906 1.1621
25.7812 1.16315

25.7812 1.16316
26.1719 1.16419

26.1719 1.16419
26.5625 1.16519

26.5625 1.1652
26.9531 1.16616

26.9531 1.16616
27.3438 1.16707

27.3438 1.16707
27.7344 1.16793

27.7344 1.16793
28.125 1.16872

28.125 1.16872
28.5156 1.16943

28.5156 1.16943
28.9062 1.17007

28.9062 1.17007
29.2969 1.17061

29.2969 1.17061
29.6875 1.17107

29.6875 1.17107
30.0781 1.17142

30.0781 1.17142
30.4688 1.17168

30.4688 1.17168
30.8594 1.17184

31.6406 1.17181
31.2867 1.17188

31.6406 1.17182
32.0312 1.17166

32.0312 1.17166
32.4219 1.17139

32.4219 1.17139
32.8125 1.17103

32.8125 1.17103
33.2031 1.17056

33.2031 1.17056
33.5938 1.17

33.5938 1.17
33.9844 1.16935

33.9844 1.16935
34.375 1.16862

34.375 1.16861
34.7656 1.1678

34.7656 1.1678
35.1562 1.1669

35.1562 1.1669
35.5469 1.16594

35.5469 1.16594
35.9375 1.16491

35.9375 1.16491
36.3281 1.16381

36.3281 1.16381
36.7188 1.16266

36.7188 1.16266
37.1094 1.16145

37.1094 1.16145
37.5 1.16018

37.5 1.16018
37.8906 1.15884

37.8906 1.15884
38.2812 1.15745

38.2812 1.15745
38.6719 1.15598

38.6719 1.15598
39.0625 1.15443

39.0625 1.15444
39.4531 1.1528

39.4531 1.1528
39.8438 1.15106

39.8438 1.15106
40.2344 1.14921

40.2344 1.14921
40.625 1.14722

40.625 1.14722
41.0156 1.14507

41.0156 1.14508
41.4062 1.14276

41.4062 1.14277
41.7969 1.14026

41.7969 1.14027
42.1875 1.13756

42.1875 1.13756
42.5781 1.13463

42.5781 1.13463
42.9688 1.13146

42.9688 1.13147
43.3594 1.12806

43.3594 1.12806
43.75 1.1244

43.75 1.1244
44.1406 1.12049

44.1406 1.12049
44.5312 1.11634

44.5312 1.11634
44.9219 1.11196

44.9219 1.11195
45.3125 1.10736

45.3125 1.10735
45.7031 1.10257

45.7031 1.10256
46.0938 1.09761

46.0938 1.0976
46.4844 1.09252

46.4844 1.09251
46.875 1.08734

46.875 1.08733
47.2656 1.08212

47.2656 1.08211
47.6562 1.07689

47.6562 1.07687
48.0469 1.07169

48.0469 1.07168
48.4375 1.06659

48.4375 1.06658
48.8281 1.06161

48.8281 1.0616
49.2188 1.05679

49.2188 1.05679
49.6094 1.05219

49.6094 1.05218
50 1.04782

50 1.04781
50.3906 1.04371

50.3906 1.0437
50.7812 1.03988

50.7812 1.03988
51.1719 1.03635

51.1719 1.03635
51.5625 1.03312

51.5625 1.03312
51.9531 1.03019

51.9531 1.03019
52.3438 1.02755

52.3438 1.02756
52.7344 1.0252

52.7344 1.02521
53.125 1.02312

53.125 1.02313
53.5156 1.02129

53.5156 1.0213
53.9062 1.01969

53.9062 1.01969
54.2969 1.01828

54.2969 1.01829
54.6875 1.01706

54.6875 1.01706
55.0781 1.01598

55.0781 1.01598
55.4688 1.01502

55.4688 1.01502
55.8594 1.01416

55.8594 1.01416
56.25 1.01337

56.25 1.01337
56.6406 1.01263

56.6406 1.01263
57.0312 1.01192

57.0312 1.01192
57.4219 1.01122

57.4219 1.01122
57.8125 1.01052

57.8125 1.01053
58.2031 1.00981

58.2031 1.00982
58.5938 1.00908

58.5938 1.00908
58.9844 1.00832

58.9844 1.00832
59.375 1.00753

59.375 1.00753
59.7656 1.0067

59.7656 1.00669
60.1562 1.00583

60.1562 1.00583
60.5469 1.00493

60.5469 1.00493
60.9375 1.004

60.9375 1.004
61.3281 1.00305

61.3281 1.00305
61.7188 1.00208

61.7188 1.00208
62.1094 1.0011

62.1094 1.00109
62.5 1.00011

63.0017 0
63.0389 0.390625

63.1261 0.390625
63.0633 0.78125

62.5 1.05702
62.8906 0.942208

62.8906 1.15895
63.2553 0.78125

