6.64062 1.17181
6.28643 1.17188

6.64062 1.17182
7.03125 1.17166

7.03125 1.17166
7.42188 1.17139

7.42188 1.17139
7.8125 1.17103

7.8125 1.17103
8.20312 1.17057

8.20312 1.17057
8.59375 1.17002

8.59375 1.17001
8.98438 1.16938

8.98438 1.16937
9.375 1.16866

9.375 1.16865
9.76562 1.16786

9.76562 1.16786
10.1562 1.167

10.1562 1.167
10.5469 1.16608

10.5469 1.16608
10.9375 1.16511

10.9375 1.16511
11.3281 1.16411

11.3281 1.1641
11.7188 1.16307

11.7188 1.16307
12.1094 1.16201

12.1094 1.16201
12.5 1.16094

12.5 1.16094
12.8906 1.15988

12.8906 1.15988
13.2812 1.15882

13.2812 1.15882
13.6719 1.15779

13.6719 1.15778
14.0625 1.15678

14.0625 1.15678
14.4531 1.15582

14.4531 1.15582
14.8438 1.15491

14.8438 1.1549
15.2344 1.15405

15.2344 1.15405
15.625 1.15326

15.625 1.15326
16.0156 1.15255

16.0156 1.15255
16.4062 1.15192

16.4062 1.15191
16.7969 1.15137

16.7969 1.15137
17.1875 1.15092

17.1875 1.15092
17.5781 1.15056

17.5781 1.15056
17.9688 1.15031

17.9688 1.15031
18.3594 1.15015

18.3594 1.15015
18.75 1.15011

18.75 1.15011
19.1406 1.15016

19.1406 1.15016
19.5312 1.15032

19.5312 1.15032
19.9219 1.15059

19.9219 1.15059
20.3125 1.15095

20.3125 1.15095
20.7031 1.15141

20.7031 1.15141
21.0938 1.15196

21.0938 1.15196
21.4844 1.1526

21.4844 1.1526
21.875 1.15332

21.875 1.15332
22.2656 1.15412

22.2656 1.15412
22.6562 1.15498

22.6562 1.15498
23.0469 1.15589

23.0469 1.1559
23.4375 1.15686

23.4375 1.15686
23.8281 1.15787

23.8281 1.15787
24.2188 1.15891

24.2188 1.15891
24.6094 1.15996

24.6094 1.15996
25 1.16103

25 1.16103
25.3906 1.1621

25.3906 1.1621
25.7812 1.16315

25.7812 1.16316
26.1719 1.16419

26.1719 1.16419
26.5625 1.16519

26.5625 1.1652
26.9531 1.16616

26.9531 1.16616
27.3438 1.16707

27.3438 1.16707
27.7344 1.16793

27.7344 1.16793
28.125 1.16872

28.125 1.16872
28.5156 1.16943

28.5156 1.16943
28.9062 1.17007

28.9062 1.17007
29.2969 1.17061

29.2969 1.17061
29.6875 1.17106

29.6875 1.17107
30.0781 1.17142

30.0781 1.17142
30.4688 1.17168

30.4688 1.17167
30.8594 1.17184

31.6406 1.17181
31.2863 1.17188

31.6406 1.17182
32.0312 1.17166

32.0312 1.17166
32.4219 1.17139

32.4219 1.17139
32.8125 1.17103

32.8125 1.17103
33.2031 1.17057

33.2031 1.17057
33.5938 1.17002

33.5938 1.17002
33.9844 1.16938

33.9844 1.16938
34.375 1.16866

34.375 1.16865
34.7656 1.16786

34.7656 1.16786
35.1562 1.167

35.1562 1.167
35.5469 1.16608

35.5469 1.16608
35.9375 1.16512

35.9375 1.16511
36.3281 1.16411

36.3281 1.16411
36.7188 1.16307

36.7188 1.16307
37.1094 1.16201

37.1094 1.16201
37.5 1.16094

37.5 1.16094
37.8906 1.15987

37.8906 1.15987
38.2812 1.15881

38.2812 1.15881
38.6719 1.15777

38.6719 1.15777
39.0625 1.15675

39.0625 1.15675
39.4531 1.15577

39.4531 1.15577
39.8438 1.15484

39.8438 1.15483
40.2344 1.15395

40.2344 1.15395
40.625 1.15312

40.625 1.15312
41.0156 1.15234

41.0156 1.15234
41.4062 1.15163

41.4062 1.15163
41.7969 1.15098

41.7969 1.15098
42.1875 1.15039

42.1875 1.15039
42.5781 1.14985

42.5781 1.14986
42.9688 1.14937

42.9688 1.14937
43.3594 1.14893

43.3594 1.14893
43.75 1.14852

43.75 1.14852
44.1406 1.14812

44.1406 1.14813
44.5312 1.14773

44.5312 1.14773
44.9219 1.14731

44.9219 1.14732
45.3125 1.14686

45.3125 1.14686
45.7031 1.14634

45.7031 1.14634
46.0938 1.14573

46.0938 1.14573
46.4844 1.145

46.4844 1.145
46.875 1.14412

46.875 1.14413
47.2656 1.14307

47.2656 1.14308
47.6562 1.14182

47.6562 1.14183
48.0469 1.14034

48.0469 1.14035
48.4375 1.13861

48.4375 1.13862
48.8281 1.13661

48.8281 1.13662
49.2188 1.13432

49.2188 1.13432
49.6094 1.13173

49.6094 1.13173
50 1.12882

50 1.12882
50.3906 1.12561

50.3906 1.12561
50.7812 1.12209

50.7812 1.12208
51.1719 1.11826

51.1719 1.11826
51.5625 1.11416

51.5625 1.11416
51.9531 1.1098

51.9531 1.10979
52.3438 1.1052

52.3438 1.1052
52.7344 1.10041

52.7344 1.1004
53.125 1.09544

53.125 1.09544
53.5156 1.09036

53.5156 1.09035
53.9062 1.08518

53.9062 1.08517
54.2969 1.07996

54.2969 1.07995
54.6875 1.07473

54.6875 1.07472
55.0781 1.06954

55.0781 1.06953
55.4688 1.06442

55.4688 1.06441
55.8594 1.05941

55.8594 1.0594
56.25 1.05453

56.25 1.05452
56.6406 1.04981

56.6406 1.04981
57.0312 1.04528

57.0312 1.04528
57.4219 1.04095

57.4219 1.04095
57.8125 1.03683

57.8125 1.03683
58.2031 1.03294

58.2031 1.03294
58.5938 1.02926

58.5938 1.02927
58.9844 1.02582

58.9844 1.02582
59.375 1.02259

59.375 1.02259
59.7656 1.01957

59.7656 1.01957
60.1562 1.01676

60.1562 1.01676
60.5469 1.01414

60.5469 1.01414
60.9375 1.01171

60.9375 1.01171
61.3281 1.00945

61.3281 1.00946
61.7188 1.00736

61.7188 1.00736
62.1094 1.00542

62.1094 1.00542
62.5 1.00362

62.5 1.00362
62.8906 1.00195

62.8906 1.00195
63.2812 1.00041

63.2812 1.00041
63.6719 0.998987

63.6719 0.998989
64.0625 0.997679

64.0625 0.99768
64.4531 0.996481

64.4531 0.996481
64.8438 0.995389

64.8438 0.995389
65.2344 0.994401

65.2344 0.994401
65.625 0.993516

65.625 0.993516
66.0156 0.992734

66.0156 0.992734
66.4062 0.992053

66.4062 0.992053
66.7969 0.991476

66.7969 0.991476
67.1875 0.991

67.1875 0.991
67.5781 0.990628

67.5781 0.990628
67.9688 0.990359

67.9688 0.990359
68.3594 0.990193

68.3594 0.990193
68.75 0.990128

68.75 0.990129
69.1406 0.990165

69.1406 0.990166
69.5312 0.990302

69.5312 0.990302
69.9219 0.990535

69.9219 0.990536
70.3125 0.990862

70.6784 0
70.7031 0.256054

70.7031 0.256415
70.7161 0.390625

70.7918 0.390625
70.7534 0.78125

70.3125 1.09915
70.7031 0.882997

70.7031 1.12401
70.9272 0.78125

