6.64062 1.17181
6.28642 1.17188

6.64062 1.17182
7.03125 1.17166

7.03125 1.17166
7.42188 1.17139

7.42188 1.17139
7.8125 1.17103

7.8125 1.17103
8.20312 1.17057

8.20312 1.17057
8.59375 1.17002

8.59375 1.17001
8.98438 1.16938

8.98438 1.16937
9.375 1.16866

9.375 1.16865
9.76562 1.16786

9.76562 1.16786
10.1562 1.167

10.1562 1.167
10.5469 1.16608

10.5469 1.16608
10.9375 1.16511

10.9375 1.16511
11.3281 1.16411

11.3281 1.1641
11.7188 1.16307

11.7188 1.16307
12.1094 1.16201

12.1094 1.16201
12.5 1.16094

12.5 1.16094
12.8906 1.15988

12.8906 1.15988
13.2812 1.15882

13.2812 1.15882
13.6719 1.15779

13.6719 1.15778
14.0625 1.15678

14.0625 1.15678
14.4531 1.15582

14.4531 1.15582
14.8438 1.15491

14.8438 1.1549
15.2344 1.15405

15.2344 1.15405
15.625 1.15326

15.625 1.15326
16.0156 1.15255

16.0156 1.15255
16.4062 1.15192

16.4062 1.15191
16.7969 1.15137

16.7969 1.15137
17.1875 1.15092

17.1875 1.15092
17.5781 1.15056

17.5781 1.15056
17.9688 1.15031

17.9688 1.15031
18.3594 1.15015

18.3594 1.15015
18.75 1.15011

18.75 1.15011
19.1406 1.15016

19.1406 1.15016
19.5312 1.15032

19.5312 1.15032
19.9219 1.15059

19.9219 1.15059
20.3125 1.15095

20.3125 1.15095
20.7031 1.15141

20.7031 1.15141
21.0938 1.15196

21.0938 1.15196
21.4844 1.1526

21.4844 1.1526
21.875 1.15332

21.875 1.15332
22.2656 1.15412

22.2656 1.15412
22.6562 1.15498

22.6562 1.15498
23.0469 1.15589

23.0469 1.1559
23.4375 1.15686

23.4375 1.15686
23.8281 1.15787

23.8281 1.15787
24.2188 1.1589

24.2188 1.15891
24.6094 1.15996

24.6094 1.15996
25 1.16103

25 1.16103
25.3906 1.1621

25.3906 1.1621
25.7812 1.16315

25.7812 1.16316
26.1719 1.16419

26.1719 1.16419
26.5625 1.16519

26.5625 1.1652
26.9531 1.16616

26.9531 1.16616
27.3438 1.16707

27.3438 1.16707
27.7344 1.16793

27.7344 1.16793
28.125 1.16872

28.125 1.16872
28.5156 1.16943

28.5156 1.16943
28.9062 1.17007

28.9062 1.17007
29.2969 1.17061

29.2969 1.17061
29.6875 1.17107

29.6875 1.17107
30.0781 1.17142

30.0781 1.17142
30.4688 1.17168

30.4688 1.17167
30.8594 1.17184

31.6406 1.17181
31.2865 1.17188

31.6406 1.17182
32.0312 1.17166

32.0312 1.17166
32.4219 1.17139

32.4219 1.17139
32.8125 1.17103

32.8125 1.17103
33.2031 1.17057

33.2031 1.17057
33.5938 1.17002

33.5938 1.17001
33.9844 1.16937

33.9844 1.16937
34.375 1.16865

34.375 1.16865
34.7656 1.16785

34.7656 1.16785
35.1562 1.16698

35.1562 1.16698
35.5469 1.16605

35.5469 1.16605
35.9375 1.16506

35.9375 1.16506
36.3281 1.16403

36.3281 1.16403
36.7188 1.16295

36.7188 1.16295
37.1094 1.16184

37.1094 1.16184
37.5 1.1607

37.5 1.1607
37.8906 1.15954

37.8906 1.15954
38.2812 1.15836

38.2812 1.15836
38.6719 1.15715

38.6719 1.15715
39.0625 1.15593

39.0625 1.15593
39.4531 1.15468

39.4531 1.15468
39.8438 1.1534

39.8438 1.15341
40.2344 1.1521

40.2344 1.1521
40.625 1.15074

40.625 1.15075
41.0156 1.14933

41.0156 1.14934
41.4062 1.14785

41.4062 1.14786
41.7969 1.14628

41.7969 1.14629
42.1875 1.14461

42.1875 1.14461
42.5781 1.14281

42.5781 1.14281
42.9688 1.14086

42.9688 1.14087
43.3594 1.13875

43.3594 1.13875
43.75 1.13644

43.75 1.13645
44.1406 1.13394

44.1406 1.13394
44.5312 1.13121

44.5312 1.13121
44.9219 1.12824

44.9219 1.12824
45.3125 1.12503

45.3125 1.12503
45.7031 1.12157

45.7031 1.12157
46.0938 1.11787

46.0938 1.11787
46.4844 1.11392

46.4844 1.11392
46.875 1.10975

46.875 1.10975
47.2656 1.10537

47.2656 1.10536
47.6562 1.1008

47.6562 1.10079
48.0469 1.09608

48.0469 1.09607
48.4375 1.09124

48.4375 1.09123
48.8281 1.08631

48.8281 1.0863
49.2188 1.08133

49.2188 1.08132
49.6094 1.07636

49.6094 1.07635
50 1.07142

50 1.07141
50.3906 1.06656

50.3906 1.06655
50.7812 1.06182

50.7812 1.06181
51.1719 1.05723

51.1719 1.05722
51.5625 1.05283

51.5625 1.05282
51.9531 1.04864

51.9531 1.04863
52.3438 1.04467

52.3438 1.04467
52.7344 1.04096

52.7344 1.04096
53.125 1.0375

53.125 1.0375
53.5156 1.0343

53.5156 1.03431
53.9062 1.03136

53.9062 1.03137
54.2969 1.02867

54.2969 1.02868
54.6875 1.02622

54.6875 1.02623
55.0781 1.02399

55.0781 1.024
55.4688 1.02197

55.4688 1.02198
55.8594 1.02014

55.8594 1.02014
56.25 1.01847

56.25 1.01847
56.6406 1.01694

56.6406 1.01694
57.0312 1.01553

57.0312 1.01553
57.4219 1.01422

57.4219 1.01423
57.8125 1.01299

57.8125 1.013
58.2031 1.01183

58.2031 1.01183
58.5938 1.01071

58.5938 1.01071
58.9844 1.00962

58.9844 1.00962
59.375 1.00856

59.375 1.00856
59.7656 1.0075

59.7656 1.00751
60.1562 1.00646

60.1562 1.00646
60.5469 1.00541

60.5469 1.00541
60.9375 1.00437

60.9375 1.00437
61.3281 1.00332

61.3281 1.00332
61.7188 1.00228

61.7188 1.00228
62.1094 1.00124

62.1094 1.00124
62.5 1.00021

62.5 1.00021
62.8906 0.999193

62.8906 0.999191
63.2812 0.998196

63.2812 0.998194
63.6719 0.997225

63.6719 0.997224
64.0625 0.996289

64.0625 0.996287
64.4531 0.995394

64.4531 1.0054
64.8438 0.984539

65.1019 0
65.1396 0.390625

65.2344 0.431377
65.145 0.78125

65.2344 0.617754
65.241 0.390625

64.8438 1.13441
65.2344 0.853896

65.2344 1.04745
65.3559 0.78125

