6.64062 1.17181
6.2863 1.17188

6.64062 1.17182
7.03125 1.17166

7.03125 1.17166
7.42188 1.17139

7.42188 1.17139
7.8125 1.17103

7.8125 1.17103
8.20312 1.17057

8.20312 1.17057
8.59375 1.17002

8.59375 1.17001
8.98438 1.16938

8.98438 1.16937
9.375 1.16866

9.375 1.16865
9.76562 1.16786

9.76562 1.16786
10.1562 1.167

10.1562 1.167
10.5469 1.16608

10.5469 1.16608
10.9375 1.16511

10.9375 1.16511
11.3281 1.16411

11.3281 1.1641
11.7188 1.16307

11.7188 1.16307
12.1094 1.16201

12.1094 1.16201
12.5 1.16094

12.5 1.16094
12.8906 1.15988

12.8906 1.15988
13.2812 1.15882

13.2812 1.15882
13.6719 1.15779

13.6719 1.15778
14.0625 1.15678

14.0625 1.15678
14.4531 1.15582

14.4531 1.15582
14.8438 1.15491

14.8438 1.1549
15.2344 1.15405

15.2344 1.15405
15.625 1.15326

15.625 1.15326
16.0156 1.15255

16.0156 1.15255
16.4062 1.15192

16.4062 1.15191
16.7969 1.15137

16.7969 1.15137
17.1875 1.15092

17.1875 1.15092
17.5781 1.15056

17.5781 1.15056
17.9688 1.15031

17.9688 1.15031
18.3594 1.15015

18.3594 1.15015
18.75 1.15011

18.75 1.15011
19.1406 1.15016

19.1406 1.15016
19.5312 1.15032

19.5312 1.15032
19.9219 1.15059

19.9219 1.15059
20.3125 1.15095

20.3125 1.15095
20.7031 1.15141

20.7031 1.15141
21.0938 1.15196

21.0938 1.15196
21.4844 1.1526

21.4844 1.1526
21.875 1.15332

21.875 1.15332
22.2656 1.15412

22.2656 1.15412
22.6562 1.15498

22.6562 1.15498
23.0469 1.15589

23.0469 1.1559
23.4375 1.15686

23.4375 1.15686
23.8281 1.15787

23.8281 1.15787
24.2188 1.15891

24.2188 1.15891
24.6094 1.15996

24.6094 1.15997
25 1.16103

25 1.16103
25.3906 1.1621

25.3906 1.1621
25.7812 1.16315

25.7812 1.16316
26.1719 1.16419

26.1719 1.16419
26.5625 1.16519

26.5625 1.1652
26.9531 1.16616

26.9531 1.16616
27.3438 1.16707

27.3438 1.16707
27.7344 1.16793

27.7344 1.16793
28.125 1.16872

28.125 1.16872
28.5156 1.16943

28.5156 1.16943
28.9062 1.17007

28.9062 1.17007
29.2969 1.17061

29.2969 1.17061
29.6875 1.17107

29.6875 1.17107
30.0781 1.17142

30.0781 1.17142
30.4688 1.17168

30.4688 1.17167
30.8594 1.17184

31.6406 1.17181
31.2864 1.17188

31.6406 1.17182
32.0312 1.17166

32.0312 1.17166
32.4219 1.17139

32.4219 1.17139
32.8125 1.17103

32.8125 1.17103
33.2031 1.17057

33.2031 1.17057
33.5938 1.17002

33.5938 1.17002
33.9844 1.16938

33.9844 1.16938
34.375 1.16866

34.375 1.16865
34.7656 1.16786

34.7656 1.16786
35.1562 1.167

35.1562 1.167
35.5469 1.16608

35.5469 1.16608
35.9375 1.16511

35.9375 1.16511
36.3281 1.16411

36.3281 1.1641
36.7188 1.16307

36.7188 1.16307
37.1094 1.16201

37.1094 1.16201
37.5 1.16094

37.5 1.16094
37.8906 1.15987

37.8906 1.15986
38.2812 1.1588

38.2812 1.1588
38.6719 1.15775

38.6719 1.15775
39.0625 1.15673

39.0625 1.15673
39.4531 1.15574

39.4531 1.15574
39.8438 1.15479

39.8438 1.15479
40.2344 1.15389

40.2344 1.15389
40.625 1.15303

40.625 1.15303
41.0156 1.15223

41.0156 1.15223
41.4062 1.15149

41.4062 1.15149
41.7969 1.15079

41.7969 1.15079
42.1875 1.15014

42.1875 1.15014
42.5781 1.14954

42.5781 1.14954
42.9688 1.14897

42.9688 1.14897
43.3594 1.14842

43.3594 1.14842
43.75 1.14788

43.75 1.14789
44.1406 1.14734

44.1406 1.14735
44.5312 1.14677

44.5312 1.14678
44.9219 1.14615

44.9219 1.14616
45.3125 1.14547

45.3125 1.14547
45.7031 1.14468

45.7031 1.14469
46.0938 1.14377

46.0938 1.14378
46.4844 1.14272

46.4844 1.14272
46.875 1.14148

46.875 1.14149
47.2656 1.14004

47.2656 1.14005
47.6562 1.13837

47.6562 1.13838
48.0469 1.13646

48.0469 1.13646
48.4375 1.13427

48.4375 1.13427
48.8281 1.1318

48.8281 1.1318
49.2188 1.12903

49.2188 1.12903
49.6094 1.12596

49.6094 1.12596
50 1.1226

50 1.1226
50.3906 1.11894

50.3906 1.11894
50.7812 1.115

50.7812 1.115
51.1719 1.1108

51.1719 1.11079
51.5625 1.10636

51.5625 1.10636
51.9531 1.10172

51.9531 1.10171
52.3438 1.0969

52.3438 1.09689
52.7344 1.09194

52.7344 1.09193
53.125 1.08688

53.125 1.08687
53.5156 1.08177

53.5156 1.08176
53.9062 1.07664

53.9062 1.07663
54.2969 1.07153

54.2969 1.07152
54.6875 1.06648

54.6875 1.06647
55.0781 1.06152

55.0781 1.06151
55.4688 1.05669

55.4688 1.05668
55.8594 1.05202

55.8594 1.05201
56.25 1.04752

56.25 1.04751
56.6406 1.04321

56.6406 1.04321
57.0312 1.03912

57.0312 1.03912
57.4219 1.03524

57.4219 1.03524
57.8125 1.03158

57.8125 1.03158
58.2031 1.02814

58.2031 1.02814
58.5938 1.02492

58.5938 1.02492
58.9844 1.02191

58.9844 1.02191
59.375 1.0191

59.375 1.0191
59.7656 1.01649

59.7656 1.01649
60.1562 1.01405

60.1562 1.01405
60.5469 1.01178

60.5469 1.01178
60.9375 1.00967

60.9375 1.00967
61.3281 1.0077

61.3281 1.0077
61.7188 1.00587

61.7188 1.00587
62.1094 1.00415

62.1094 1.00416
62.5 1.00256

62.5 1.00256
62.8906 1.00107

62.8906 1.00107
63.2812 0.999682

63.2812 0.999683
63.6719 0.998392

63.6719 0.998392
64.0625 0.997195

64.0625 0.997196
64.4531 0.996091

64.4531 0.996091
64.8438 0.995078

64.8438 0.995078
65.2344 0.994155

65.2344 0.994155
65.625 0.993323

65.625 0.993323
66.0156 0.992584

66.0156 0.992584
66.4062 0.991939

66.4062 0.991938
66.7969 0.991388

66.7969 0.991388
67.1875 0.990935

67.1875 0.990935
67.5781 0.99058

67.5781 0.99058
67.9688 0.990324

67.9688 0.990324
68.3594 0.990167

68.3594 0.990167
68.75 0.990111

68.75 0.990111
69.1406 0.990153

69.1406 0.990154
69.5312 0.990294

69.914 0
69.9219 0.0812623

69.9219 0.0820975
69.9517 0.390625

70.0296 0.390625
69.9869 0.78125

69.5312 1.09198
69.9219 0.888845

69.9219 1.1276
70.1631 0.78125

