6.64062 1.17181
6.28604 1.17188

6.64062 1.17182
7.03125 1.17166

7.03125 1.17166
7.42188 1.17139

7.42188 1.17139
7.8125 1.17103

7.8125 1.17103
8.20312 1.17057

8.20312 1.17057
8.59375 1.17002

8.59375 1.17001
8.98438 1.16938

8.98438 1.16937
9.375 1.16866

9.375 1.16865
9.76562 1.16786

9.76562 1.16786
10.1562 1.167

10.1562 1.167
10.5469 1.16608

10.5469 1.16608
10.9375 1.16511

10.9375 1.16511
11.3281 1.16411

11.3281 1.1641
11.7188 1.16307

11.7188 1.16307
12.1094 1.16201

12.1094 1.16201
12.5 1.16094

12.5 1.16094
12.8906 1.15988

12.8906 1.15988
13.2812 1.15882

13.2812 1.15882
13.6719 1.15779

13.6719 1.15778
14.0625 1.15678

14.0625 1.15678
14.4531 1.15582

14.4531 1.15582
14.8438 1.15491

14.8438 1.1549
15.2344 1.15405

15.2344 1.15405
15.625 1.15326

15.625 1.15326
16.0156 1.15255

16.0156 1.15255
16.4062 1.15191

16.4062 1.15191
16.7969 1.15137

16.7969 1.15137
17.1875 1.15092

17.1875 1.15092
17.5781 1.15056

17.5781 1.15056
17.9688 1.15031

17.9688 1.15031
18.3594 1.15015

18.3594 1.15015
18.75 1.1501

18.75 1.1501
19.1406 1.15016

19.1406 1.15016
19.5312 1.15032

19.5312 1.15032
19.9219 1.15059

19.9219 1.15059
20.3125 1.15095

20.3125 1.15095
20.7031 1.15141

20.7031 1.15141
21.0938 1.15196

21.0938 1.15196
21.4844 1.1526

21.4844 1.1526
21.875 1.15332

21.875 1.15332
22.2656 1.15411

22.2656 1.15412
22.6562 1.15497

22.6562 1.15498
23.0469 1.15589

23.0469 1.1559
23.4375 1.15686

23.4375 1.15686
23.8281 1.15787

23.8281 1.15787
24.2188 1.1589

24.2188 1.15891
24.6094 1.15996

24.6094 1.15996
25 1.16103

25 1.16103
25.3906 1.1621

25.3906 1.1621
25.7812 1.16315

25.7812 1.16315
26.1719 1.16419

26.1719 1.16419
26.5625 1.16519

26.5625 1.16519
26.9531 1.16616

26.9531 1.16616
27.3438 1.16707

27.3438 1.16707
27.7344 1.16793

27.7344 1.16793
28.125 1.16872

28.125 1.16872
28.5156 1.16943

28.5156 1.16943
28.9062 1.17006

28.9062 1.17007
29.2969 1.17061

29.2969 1.17061
29.6875 1.17106

29.6875 1.17106
30.0781 1.17142

30.0781 1.17142
30.4688 1.17167

30.4688 1.17167
30.8594 1.17183

31.6406 1.17181
31.2861 1.17188

31.6406 1.17182
32.0312 1.17166

32.0312 1.17166
32.4219 1.17139

32.4219 1.17139
32.8125 1.17103

32.8125 1.17103
33.2031 1.17057

33.2031 1.17057
33.5938 1.17002

33.5938 1.17001
33.9844 1.16938

33.9844 1.16937
34.375 1.16865

34.375 1.16865
34.7656 1.16786

34.7656 1.16786
35.1562 1.167

35.1562 1.167
35.5469 1.16608

35.5469 1.16608
35.9375 1.16511

35.9375 1.16511
36.3281 1.16411

36.3281 1.1641
36.7188 1.16307

36.7188 1.16307
37.1094 1.16201

37.1094 1.16201
37.5 1.16094

37.5 1.16094
37.8906 1.15988

37.8906 1.15988
38.2812 1.15882

38.2812 1.15882
38.6719 1.15779

38.6719 1.15778
39.0625 1.15678

39.0625 1.15678
39.4531 1.15582

39.4531 1.15582
39.8438 1.15491

39.8438 1.1549
40.2344 1.15405

40.2344 1.15405
40.625 1.15326

40.625 1.15326
41.0156 1.15255

41.0156 1.15255
41.4062 1.15192

41.4062 1.15191
41.7969 1.15137

41.7969 1.15137
42.1875 1.15092

42.1875 1.15092
42.5781 1.15056

42.5781 1.15056
42.9688 1.15031

42.9688 1.15031
43.3594 1.15015

43.3594 1.15015
43.75 1.15011

43.75 1.15011
44.1406 1.15016

44.1406 1.15016
44.5312 1.15032

44.5312 1.15032
44.9219 1.15059

44.9219 1.15059
45.3125 1.15095

45.3125 1.15095
45.7031 1.15141

45.7031 1.15141
46.0938 1.15196

46.0938 1.15196
46.4844 1.1526

46.4844 1.1526
46.875 1.15332

46.875 1.15332
47.2656 1.15412

47.2656 1.15412
47.6562 1.15498

47.6562 1.15498
48.0469 1.15589

48.0469 1.1559
48.4375 1.15686

48.4375 1.15686
48.8281 1.15787

48.8281 1.15787
49.2188 1.15891

49.2188 1.15891
49.6094 1.15996

49.6094 1.15996
50 1.16103

50 1.16103
50.3906 1.1621

50.3906 1.1621
50.7812 1.16315

50.7812 1.16316
51.1719 1.16419

51.1719 1.16419
51.5625 1.16519

51.5625 1.1652
51.9531 1.16616

51.9531 1.16616
52.3438 1.16707

52.3438 1.16707
52.7344 1.16793

52.7344 1.16793
53.125 1.16872

53.125 1.16872
53.5156 1.16943

53.5156 1.16943
53.9062 1.17006

53.9062 1.17006
54.2969 1.1706

54.2969 1.1706
54.6875 1.17105

54.6875 1.17105
55.0781 1.1714

55.0781 1.1714
55.4688 1.17165

55.4688 1.17165
55.8594 1.1718

55.8594 1.1718
56.25 1.17183

56.25 1.17183
56.6406 1.17176

56.6406 1.17176
57.0312 1.17157

57.0312 1.17157
57.4219 1.17128

57.4219 1.17128
57.8125 1.17087

57.8125 1.17087
58.2031 1.17036

58.2031 1.17036
58.5938 1.16974

58.5938 1.16974
58.9844 1.16902

58.9844 1.16902
59.375 1.16819

59.375 1.16819
59.7656 1.16727

59.7656 1.16727
60.1562 1.16624

60.1562 1.16624
60.5469 1.16512

60.5469 1.16512
60.9375 1.16391

60.9375 1.16391
61.3281 1.16261

61.3281 1.16261
61.7188 1.16122

61.7188 1.16122
62.1094 1.15974

62.1094 1.15974
62.5 1.15817

62.5 1.15817
62.8906 1.15651

62.8906 1.15651
63.2812 1.15476

63.2812 1.15476
63.6719 1.15291

63.6719 1.15292
64.0625 1.15098

64.0625 1.15098
64.4531 1.14894

64.4531 1.14894
64.8438 1.14681

64.8438 1.14681
65.2344 1.14457

65.2344 1.14457
65.625 1.14222

65.625 1.14222
66.0156 1.13976

66.0156 1.13976
66.4062 1.13718

66.4062 1.13718
66.7969 1.13449

66.7969 1.13449
67.1875 1.13167

67.1875 1.13167
67.5781 1.12873

67.5781 1.12873
67.9688 1.12568

67.9688 1.12568
68.3594 1.1225

68.3594 1.12249
68.75 1.1192

68.75 1.1192
69.1406 1.11578

69.1406 1.11578
69.5312 1.11226

69.5312 1.11226
69.9219 1.10864

69.9219 1.10864
70.3125 1.10493

70.3125 1.10493
70.7031 1.10114

70.7031 1.10114
71.0938 1.09728

71.0938 1.09728
71.4844 1.09337

71.4844 1.09337
71.875 1.08943

71.875 1.08943
72.2656 1.08547

72.2656 1.08546
72.6562 1.08151

72.6562 1.0815
73.0469 1.07756

73.0469 1.07756
73.4375 1.07365

73.4375 1.07365
73.8281 1.0698

73.8281 1.06979
74.2188 1.06601

74.2188 1.06601
74.6094 1.06232

74.6094 1.06232
75 1.05873

75 1.05872
75.3906 1.05525

75.3906 1.05525
75.7812 1.0519

75.7812 1.0519
76.1719 1.04869

76.1719 1.04869
76.5625 1.04563

76.5625 1.04563
76.9531 1.04272

76.9531 1.04272
77.3438 1.03996

77.3438 1.03996
77.7344 1.03735

77.7344 1.03736
78.125 1.0349

78.125 1.0349
78.5156 1.0326

78.5156 1.0326
78.9062 1.03044

78.9062 1.03044
79.2969 1.02841

79.2969 1.02841
79.6875 1.02651

79.6875 1.02652
80.0781 1.02473

80.0781 1.02473
80.4688 1.02306

80.4688 1.02306
80.8594 1.02148

80.8594 1.02148
81.25 1.01998

81.25 1.01998
81.6406 1.01855

81.6406 1.01856
82.0312 1.01719

82.0312 1.01719
82.4219 1.01587

82.4219 1.01588
82.8125 1.0146

82.8125 1.0146
83.2031 1.01336

83.2031 1.01336
83.5938 1.01214

83.5938 1.01215
83.9844 1.01095

83.9844 1.01095
84.375 1.00976

84.375 1.00976
84.7656 1.00859

84.7656 1.00859
85.1562 1.00742

85.1562 1.00742
85.5469 1.00626

85.5469 1.00626
85.9375 1.0051

85.9375 1.0051
86.3281 1.00395

86.3281 1.00395
86.7188 1.00282

86.7188 1.00282
87.1094 1.00169

87.1094 1.00169
87.5 1.00059

87.5 1.00059
87.8906 0.999506

87.8906 0.999505
88.2812 0.998453

88.2812 0.998452
88.6719 0.997435

88.6719 0.997433
89.0625 0.996458

89.0625 0.996456
89.4531 0.995528

89.4531 0.995527
89.8438 0.994653

89.8438 0.994652
90.2344 0.993839

90.2344 0.993838
90.625 0.993092

90.625 0.99309
91.0156 0.992417

91.0156 0.992415
91.4062 0.99182

91.4062 0.991819
91.7969 0.991306

91.7969 0.991305
92.1875 0.99088

92.1875 0.990879
92.5781 0.990544

92.5781 0.990543
92.9688 0.990301

92.9688 0.990301
93.3594 0.990154

93.3594 0.990154
93.75 0.990104

93.75 0.990104
94.1406 0.990151

94.1406 0.990151
94.5312 0.990294

94.5312 0.990294
94.9219 0.990531

94.9219 0.990532
95.3125 0.990861

95.3125 0.990862
95.7031 0.991281

95.7031 1.07425
96.0938 0.908819

96.1345 0
96.1723 0.390625

96.2555 0.390625
96.2026 0.78125

96.0938 1.14003
96.3862 0.78125

