6.64062 1.17181
6.28602 1.17188

6.64062 1.17182
7.03125 1.17166

7.03125 1.17166
7.42188 1.17139

7.42188 1.17139
7.8125 1.17103

7.8125 1.17103
8.20312 1.17057

8.20312 1.17057
8.59375 1.17002

8.59375 1.17001
8.98438 1.16938

8.98438 1.16937
9.375 1.16866

9.375 1.16865
9.76562 1.16786

9.76562 1.16786
10.1562 1.167

10.1562 1.167
10.5469 1.16608

10.5469 1.16608
10.9375 1.16511

10.9375 1.16511
11.3281 1.16411

11.3281 1.1641
11.7188 1.16307

11.7188 1.16307
12.1094 1.16201

12.1094 1.16201
12.5 1.16094

12.5 1.16094
12.8906 1.15988

12.8906 1.15988
13.2812 1.15882

13.2812 1.15882
13.6719 1.15779

13.6719 1.15778
14.0625 1.15678

14.0625 1.15678
14.4531 1.15582

14.4531 1.15582
14.8438 1.15491

14.8438 1.1549
15.2344 1.15405

15.2344 1.15405
15.625 1.15326

15.625 1.15326
16.0156 1.15255

16.0156 1.15255
16.4062 1.15192

16.4062 1.15191
16.7969 1.15137

16.7969 1.15137
17.1875 1.15092

17.1875 1.15092
17.5781 1.15056

17.5781 1.15056
17.9688 1.15031

17.9688 1.15031
18.3594 1.15015

18.3594 1.15015
18.75 1.1501

18.75 1.1501
19.1406 1.15016

19.1406 1.15016
19.5312 1.15032

19.5312 1.15032
19.9219 1.15059

19.9219 1.15059
20.3125 1.15095

20.3125 1.15095
20.7031 1.15141

20.7031 1.15141
21.0938 1.15196

21.0938 1.15196
21.4844 1.1526

21.4844 1.1526
21.875 1.15332

21.875 1.15332
22.2656 1.15411

22.2656 1.15412
22.6562 1.15497

22.6562 1.15498
23.0469 1.15589

23.0469 1.1559
23.4375 1.15686

23.4375 1.15686
23.8281 1.15787

23.8281 1.15787
24.2188 1.1589

24.2188 1.15891
24.6094 1.15996

24.6094 1.15996
25 1.16103

25 1.16103
25.3906 1.1621

25.3906 1.1621
25.7812 1.16315

25.7812 1.16315
26.1719 1.16419

26.1719 1.16419
26.5625 1.16519

26.5625 1.16519
26.9531 1.16616

26.9531 1.16616
27.3438 1.16707

27.3438 1.16707
27.7344 1.16793

27.7344 1.16793
28.125 1.16872

28.125 1.16872
28.5156 1.16943

28.5156 1.16943
28.9062 1.17006

28.9062 1.17007
29.2969 1.17061

29.2969 1.17061
29.6875 1.17106

29.6875 1.17106
30.0781 1.17142

30.0781 1.17142
30.4688 1.17168

30.4688 1.17167
30.8594 1.17183

31.6406 1.17181
31.2859 1.17188

31.6406 1.17182
32.0312 1.17166

32.0312 1.17166
32.4219 1.17139

32.4219 1.17139
32.8125 1.17103

32.8125 1.17103
33.2031 1.17057

33.2031 1.17057
33.5938 1.17002

33.5938 1.17001
33.9844 1.16938

33.9844 1.16937
34.375 1.16866

34.375 1.16865
34.7656 1.16786

34.7656 1.16786
35.1562 1.167

35.1562 1.167
35.5469 1.16608

35.5469 1.16608
35.9375 1.16511

35.9375 1.16511
36.3281 1.16411

36.3281 1.1641
36.7188 1.16307

36.7188 1.16307
37.1094 1.16201

37.1094 1.16201
37.5 1.16094

37.5 1.16094
37.8906 1.15988

37.8906 1.15988
38.2812 1.15882

38.2812 1.15882
38.6719 1.15779

38.6719 1.15778
39.0625 1.15678

39.0625 1.15678
39.4531 1.15582

39.4531 1.15582
39.8438 1.15491

39.8438 1.1549
40.2344 1.15405

40.2344 1.15405
40.625 1.15326

40.625 1.15326
41.0156 1.15255

41.0156 1.15255
41.4062 1.15192

41.4062 1.15191
41.7969 1.15137

41.7969 1.15137
42.1875 1.15092

42.1875 1.15092
42.5781 1.15056

42.5781 1.15056
42.9688 1.15031

42.9688 1.15031
43.3594 1.15015

43.3594 1.15015
43.75 1.15011

43.75 1.15011
44.1406 1.15016

44.1406 1.15016
44.5312 1.15032

44.5312 1.15032
44.9219 1.15059

44.9219 1.15059
45.3125 1.15095

45.3125 1.15095
45.7031 1.15141

45.7031 1.15141
46.0938 1.15196

46.0938 1.15196
46.4844 1.15259

46.4844 1.1526
46.875 1.15331

46.875 1.15331
47.2656 1.1541

47.2656 1.1541
47.6562 1.15495

47.6562 1.15495
48.0469 1.15586

48.0469 1.15586
48.4375 1.15681

48.4375 1.15681
48.8281 1.15779

48.8281 1.1578
49.2188 1.1588

49.2188 1.1588
49.6094 1.15982

49.6094 1.15982
50 1.16083

50 1.16084
50.3906 1.16183

50.3906 1.16184
50.7812 1.1628

50.7812 1.16281
51.1719 1.16373

51.1719 1.16373
51.5625 1.16459

51.5625 1.16459
51.9531 1.16537

51.9531 1.16538
52.3438 1.16606

52.3438 1.16606
52.7344 1.16664

52.7344 1.16664
53.125 1.16708

53.125 1.16709
53.5156 1.16738

53.5156 1.16738
53.9062 1.1675

53.9062 1.16751
54.2969 1.16744

54.2969 1.16744
54.6875 1.16716

54.6875 1.16717
55.0781 1.16666

55.0781 1.16667
55.4688 1.16591

55.4688 1.16592
55.8594 1.16489

55.8594 1.1649
56.25 1.16359

56.25 1.16359
56.6406 1.16199

56.6406 1.16199
57.0312 1.16006

57.0312 1.16007
57.4219 1.15782

57.4219 1.15782
57.8125 1.15523

57.8125 1.15523
58.2031 1.1523

58.2031 1.1523
58.5938 1.14902

58.5938 1.14902
58.9844 1.14539

58.9844 1.14539
59.375 1.14142

59.375 1.14142
59.7656 1.13712

59.7656 1.13712
60.1562 1.1325

60.1562 1.1325
60.5469 1.12759

60.5469 1.12758
60.9375 1.12239

60.9375 1.12239
61.3281 1.11695

61.3281 1.11694
61.7188 1.11129

61.7188 1.11128
62.1094 1.10545

62.1094 1.10544
62.5 1.09946

62.5 1.09945
62.8906 1.09336

62.8906 1.09335
63.2812 1.0872

63.2812 1.08719
63.6719 1.08102

63.6719 1.08101
64.0625 1.07487

64.0625 1.07486
64.4531 1.06877

64.4531 1.06876
64.8438 1.06279

64.8438 1.06278
65.2344 1.05695

65.2344 1.05694
65.625 1.05129

65.625 1.05128
66.0156 1.04585

66.0156 1.04584
66.4062 1.04066

66.4062 1.04065
66.7969 1.03574

66.7969 1.03574
67.1875 1.03112

67.1875 1.03112
67.5781 1.02682

67.5781 1.02681
67.9688 1.02284

67.9688 1.02284
68.3594 1.0192

68.3594 1.0192
68.75 1.01591

68.75 1.01591
69.1406 1.01296

69.1406 1.01297
69.5312 1.01036

69.5312 1.01036
69.9219 1.00809

69.9219 1.00809
70.3125 1.00615

70.3125 1.00615
70.7031 1.00452

70.7031 1.00452
71.0938 1.00319

71.0938 1.00319
71.4844 1.00214

71.4844 1.00214
71.875 1.00135

71.875 1.00136
72.2656 1.00081

72.2656 1.00081
72.6562 1.00049

72.6562 1.00049
73.0469 1.00036

73.0469 1.00037
73.4375 1.00042

73.4375 1.00042
73.8281 1.00063

73.8281 1.00063
74.2188 1.00097

74.2188 1.00098
74.6094 1.00143

74.6094 1.00143
75 1.00198

75 1.00198
75.3906 1.00259

75.3906 1.0026
75.7812 1.00326

75.7812 1.00327
76.1719 1.00397

76.1719 1.00397
76.5625 1.00469

76.5625 1.00469
76.9531 1.00541

76.9531 1.00542
77.3438 1.00612

77.3438 1.00612
77.7344 1.0068

77.7344 1.00681
78.125 1.00745

78.125 1.00745
78.5156 1.00804

78.5156 1.00804
78.9062 1.00857

78.9062 1.00857
79.2969 1.00904

79.2969 1.00904
79.6875 1.00942

79.6875 1.00943
80.0781 1.00973

80.0781 1.00973
80.4688 1.00995

80.4688 1.00995
80.8594 1.01008

80.8594 1.01008
81.25 1.01012

81.25 1.01012
81.6406 1.01007

81.6406 1.01007
82.0312 1.00992

82.0312 1.00992
82.4219 1.00968

82.4219 1.00967
82.8125 1.00934

82.8125 1.00934
83.2031 1.00892

83.2031 1.00892
83.5938 1.00842

84.083 0
84.1201 0.390625

84.2017 0.390625
84.1499 0.78125

83.5938 1.07042
83.9844 0.94583

83.9844 1.17023
84.3407 0.78125

