6.64062 1.17181
6.28653 1.17188

6.64062 1.17182
7.03125 1.17166

7.03125 1.17166
7.42188 1.17139

7.42188 1.17139
7.8125 1.17103

7.8125 1.17103
8.20312 1.17057

8.20312 1.17057
8.59375 1.17002

8.59375 1.17001
8.98438 1.16938

8.98438 1.16937
9.375 1.16865

9.375 1.16865
9.76562 1.16786

9.76562 1.16786
10.1562 1.167

10.1562 1.167
10.5469 1.16608

10.5469 1.16608
10.9375 1.16511

10.9375 1.16511
11.3281 1.16411

11.3281 1.1641
11.7188 1.16307

11.7188 1.16307
12.1094 1.16201

12.1094 1.16201
12.5 1.16094

12.5 1.16094
12.8906 1.15988

12.8906 1.15988
13.2812 1.15882

13.2812 1.15882
13.6719 1.15779

13.6719 1.15778
14.0625 1.15678

14.0625 1.15678
14.4531 1.15582

14.4531 1.15582
14.8438 1.15491

14.8438 1.1549
15.2344 1.15405

15.2344 1.15405
15.625 1.15326

15.625 1.15326
16.0156 1.15255

16.0156 1.15255
16.4062 1.15192

16.4062 1.15191
16.7969 1.15137

16.7969 1.15137
17.1875 1.15092

17.1875 1.15092
17.5781 1.15056

17.5781 1.15056
17.9688 1.15031

17.9688 1.15031
18.3594 1.15015

18.3594 1.15015
18.75 1.1501

18.75 1.1501
19.1406 1.15016

19.1406 1.15016
19.5312 1.15032

19.5312 1.15032
19.9219 1.15059

19.9219 1.15059
20.3125 1.15095

20.3125 1.15095
20.7031 1.15141

20.7031 1.15141
21.0938 1.15196

21.0938 1.15196
21.4844 1.1526

21.4844 1.1526
21.875 1.15332

21.875 1.15332
22.2656 1.15412

22.2656 1.15412
22.6562 1.15498

22.6562 1.15498
23.0469 1.15589

23.0469 1.1559
23.4375 1.15686

23.4375 1.15686
23.8281 1.15787

23.8281 1.15787
24.2188 1.15891

24.2188 1.15891
24.6094 1.15996

24.6094 1.15997
25 1.16103

25 1.16103
25.3906 1.1621

25.3906 1.1621
25.7812 1.16315

25.7812 1.16316
26.1719 1.16419

26.1719 1.16419
26.5625 1.1652

26.5625 1.1652
26.9531 1.16616

26.9531 1.16616
27.3438 1.16707

27.3438 1.16708
27.7344 1.16793

27.7344 1.16793
28.125 1.16872

28.125 1.16872
28.5156 1.16943

28.5156 1.16944
28.9062 1.17007

28.9062 1.17007
29.2969 1.17061

29.2969 1.17061
29.6875 1.17106

29.6875 1.17106
30.0781 1.17141

30.0781 1.17141
30.4688 1.17166

30.4688 1.17166
30.8594 1.1718

30.8594 1.1718
31.25 1.17184

31.25 1.17184
31.6406 1.17176

31.6406 1.17176
32.0312 1.17156

32.0312 1.17156
32.4219 1.17125

32.4219 1.17125
32.8125 1.17081

32.8125 1.17081
33.2031 1.17026

33.2031 1.17026
33.5938 1.16957

33.5938 1.16957
33.9844 1.16875

33.9844 1.16875
34.375 1.1678

34.375 1.1678
34.7656 1.16669

34.7656 1.16669
35.1562 1.16543

35.1562 1.16543
35.5469 1.164

35.5469 1.164
35.9375 1.16239

35.9375 1.16239
36.3281 1.16058

36.3281 1.16058
36.7188 1.15855

36.7188 1.15856
37.1094 1.15629

37.1094 1.1563
37.5 1.15378

37.5 1.15379
37.8906 1.151

37.8906 1.151
38.2812 1.14793

38.2812 1.14793
38.6719 1.14455

38.6719 1.14455
39.0625 1.14086

39.0625 1.14086
39.4531 1.13684

39.4531 1.13684
39.8438 1.1325

39.8438 1.1325
40.2344 1.12783

40.2344 1.12782
40.625 1.12284

40.625 1.12283
41.0156 1.11755

41.0156 1.11755
41.4062 1.11199

41.4062 1.11199
41.7969 1.10619

41.7969 1.10618
42.1875 1.10018

42.1875 1.10017
42.5781 1.09402

42.5781 1.094
42.9688 1.08774

42.9688 1.08773
43.3594 1.08142

43.3594 1.0814
43.75 1.0751

43.75 1.07508
44.1406 1.06884

44.1406 1.06882
44.5312 1.0627

44.5312 1.06269
44.9219 1.05675

44.9219 1.05674
45.3125 1.05103

45.3125 1.05102
45.7031 1.04559

45.7031 1.04558
46.0938 1.04048

46.0938 1.04047
46.4844 1.03572

46.4844 1.03572
46.875 1.03136

46.875 1.03135
47.2656 1.02739

47.2656 1.02739
47.6562 1.02385

47.6562 1.02385
48.0469 1.02072

48.0469 1.02072
48.4375 1.01801

48.4375 1.01801
48.8281 1.0157

48.8281 1.0157
49.2188 1.01377

49.2188 1.01377
49.6094 1.01219

49.6094 1.0122
50 1.01095

50 1.01096
50.3906 1.01001

50.3906 1.01002
50.7812 1.00933

50.7812 1.00934
51.1719 1.00888

51.1719 1.00889
51.5625 1.00863

51.5625 1.00864
51.9531 1.00854

51.9531 1.00855
52.3438 1.00857

52.3438 1.00858
52.7344 1.0087

52.7344 1.00871
53.125 1.0089

53.125 1.00891
53.5156 1.00914

53.5156 1.00914
53.9062 1.00939

53.9062 1.00939
54.2969 1.00963

54.2969 1.00964
54.6875 1.00985

54.6875 1.00986
55.0781 1.01003

55.0781 1.01004
55.4688 1.01016

55.4688 1.01016
55.8594 1.01022

55.8594 1.01022
56.25 1.01021

56.25 1.01021
56.6406 1.01012

56.6406 1.01012
57.0312 1.00995

57.0312 1.00995
57.4219 1.00969

57.4219 1.00969
57.8125 1.00935

58.1812 0
58.2031 0.231148

58.2031 0.231592
58.2182 0.390625

58.2866 0.390625
58.2613 0.78125

57.8125 1.11899
58.2031 0.899275

58.2031 1.1486
58.4342 0.78125

