6.64062 1.17181
6.286 1.17188

6.64062 1.17182
7.03125 1.17166

7.03125 1.17166
7.42188 1.17139

7.42188 1.17139
7.8125 1.17103

7.8125 1.17103
8.20312 1.17057

8.20312 1.17057
8.59375 1.17002

8.59375 1.17001
8.98438 1.16938

8.98438 1.16937
9.375 1.16866

9.375 1.16865
9.76562 1.16786

9.76562 1.16786
10.1562 1.167

10.1562 1.167
10.5469 1.16608

10.5469 1.16608
10.9375 1.16511

10.9375 1.16511
11.3281 1.16411

11.3281 1.1641
11.7188 1.16307

11.7188 1.16307
12.1094 1.16201

12.1094 1.16201
12.5 1.16094

12.5 1.16094
12.8906 1.15988

12.8906 1.15988
13.2812 1.15882

13.2812 1.15882
13.6719 1.15779

13.6719 1.15778
14.0625 1.15678

14.0625 1.15678
14.4531 1.15582

14.4531 1.15582
14.8438 1.15491

14.8438 1.1549
15.2344 1.15405

15.2344 1.15405
15.625 1.15326

15.625 1.15326
16.0156 1.15255

16.0156 1.15255
16.4062 1.15191

16.4062 1.15191
16.7969 1.15137

16.7969 1.15137
17.1875 1.15092

17.1875 1.15092
17.5781 1.15056

17.5781 1.15056
17.9688 1.15031

17.9688 1.15031
18.3594 1.15015

18.3594 1.15015
18.75 1.1501

18.75 1.1501
19.1406 1.15016

19.1406 1.15016
19.5312 1.15032

19.5312 1.15032
19.9219 1.15059

19.9219 1.15059
20.3125 1.15095

20.3125 1.15095
20.7031 1.15141

20.7031 1.15141
21.0938 1.15196

21.0938 1.15196
21.4844 1.1526

21.4844 1.1526
21.875 1.15332

21.875 1.15332
22.2656 1.15411

22.2656 1.15412
22.6562 1.15497

22.6562 1.15498
23.0469 1.15589

23.0469 1.1559
23.4375 1.15686

23.4375 1.15686
23.8281 1.15787

23.8281 1.15787
24.2188 1.1589

24.2188 1.15891
24.6094 1.15996

24.6094 1.15996
25 1.16103

25 1.16103
25.3906 1.1621

25.3906 1.1621
25.7812 1.16315

25.7812 1.16315
26.1719 1.16419

26.1719 1.16419
26.5625 1.16519

26.5625 1.16519
26.9531 1.16616

26.9531 1.16616
27.3438 1.16707

27.3438 1.16707
27.7344 1.16793

27.7344 1.16793
28.125 1.16872

28.125 1.16872
28.5156 1.16943

28.5156 1.16943
28.9062 1.17006

28.9062 1.17007
29.2969 1.17061

29.2969 1.17061
29.6875 1.17106

29.6875 1.17106
30.0781 1.17142

30.0781 1.17142
30.4688 1.17167

30.4688 1.17167
30.8594 1.17183

31.6406 1.17181
31.2854 1.17188

31.6406 1.17182
32.0312 1.17166

32.0312 1.17166
32.4219 1.17139

32.4219 1.17139
32.8125 1.17103

32.8125 1.17103
33.2031 1.17057

33.2031 1.17057
33.5938 1.17002

33.5938 1.17001
33.9844 1.16938

33.9844 1.16937
34.375 1.16865

34.375 1.16865
34.7656 1.16786

34.7656 1.16786
35.1562 1.167

35.1562 1.167
35.5469 1.16608

35.5469 1.16608
35.9375 1.16511

35.9375 1.16511
36.3281 1.16411

36.3281 1.1641
36.7188 1.16307

36.7188 1.16307
37.1094 1.16201

37.1094 1.16201
37.5 1.16094

37.5 1.16094
37.8906 1.15988

37.8906 1.15988
38.2812 1.15882

38.2812 1.15882
38.6719 1.15779

38.6719 1.15778
39.0625 1.15678

39.0625 1.15678
39.4531 1.15582

39.4531 1.15582
39.8438 1.15491

39.8438 1.1549
40.2344 1.15405

40.2344 1.15405
40.625 1.15326

40.625 1.15326
41.0156 1.15255

41.0156 1.15255
41.4062 1.15192

41.4062 1.15191
41.7969 1.15137

41.7969 1.15137
42.1875 1.15092

42.1875 1.15092
42.5781 1.15056

42.5781 1.15056
42.9688 1.15031

42.9688 1.15031
43.3594 1.15015

43.3594 1.15015
43.75 1.15011

43.75 1.15011
44.1406 1.15016

44.1406 1.15016
44.5312 1.15032

44.5312 1.15032
44.9219 1.15059

44.9219 1.15059
45.3125 1.15095

45.3125 1.15095
45.7031 1.15141

45.7031 1.15141
46.0938 1.15196

46.0938 1.15196
46.4844 1.1526

46.4844 1.1526
46.875 1.15332

46.875 1.15332
47.2656 1.15412

47.2656 1.15412
47.6562 1.15498

47.6562 1.15498
48.0469 1.15589

48.0469 1.1559
48.4375 1.15686

48.4375 1.15686
48.8281 1.15787

48.8281 1.15787
49.2188 1.15891

49.2188 1.15891
49.6094 1.15996

49.6094 1.15997
50 1.16103

50 1.16103
50.3906 1.1621

50.3906 1.1621
50.7812 1.16315

50.7812 1.16316
51.1719 1.16419

51.1719 1.16419
51.5625 1.16519

51.5625 1.1652
51.9531 1.16616

51.9531 1.16616
52.3438 1.16707

52.3438 1.16707
52.7344 1.16793

52.7344 1.16793
53.125 1.16871

53.125 1.16871
53.5156 1.16943

53.5156 1.16943
53.9062 1.17006

53.9062 1.17006
54.2969 1.1706

54.2969 1.1706
54.6875 1.17104

54.6875 1.17104
55.0781 1.17139

55.0781 1.17139
55.4688 1.17164

55.4688 1.17164
55.8594 1.17177

55.8594 1.17177
56.25 1.1718

56.25 1.1718
56.6406 1.17171

56.6406 1.17171
57.0312 1.17152

57.0312 1.17152
57.4219 1.17121

57.4219 1.17121
57.8125 1.17078

57.8125 1.17078
58.2031 1.17024

58.2031 1.17024
58.5938 1.16959

58.5938 1.16959
58.9844 1.16883

58.9844 1.16883
59.375 1.16796

59.375 1.16796
59.7656 1.16698

59.7656 1.16698
60.1562 1.16588

60.1562 1.16588
60.5469 1.16469

60.5469 1.16469
60.9375 1.16338

60.9375 1.16338
61.3281 1.16197

61.3281 1.16197
61.7188 1.16045

61.7188 1.16045
62.1094 1.15882

62.1094 1.15882
62.5 1.15709

62.5 1.15709
62.8906 1.15524

62.8906 1.15524
63.2812 1.15328

63.2812 1.15328
63.6719 1.15121

63.6719 1.15121
64.0625 1.14902

64.0625 1.14902
64.4531 1.1467

64.4531 1.1467
64.8438 1.14426

64.8438 1.14426
65.2344 1.1417

65.2344 1.1417
65.625 1.139

65.625 1.139
66.0156 1.13618

66.0156 1.13618
66.4062 1.13322

66.4062 1.13322
66.7969 1.13013

66.7969 1.13013
67.1875 1.1269

67.1875 1.1269
67.5781 1.12355

67.5781 1.12355
67.9688 1.12008

67.9688 1.12008
68.3594 1.11649

68.3594 1.11648
68.75 1.11278

68.75 1.11278
69.1406 1.10898

69.1406 1.10897
69.5312 1.10508

69.5312 1.10508
69.9219 1.10111

69.9219 1.10111
70.3125 1.09708

70.3125 1.09707
70.7031 1.093

70.7031 1.09299
71.0938 1.08889

71.0938 1.08888
71.4844 1.08477

71.4844 1.08477
71.875 1.08067

71.875 1.08066
72.2656 1.07659

72.2656 1.07658
72.6562 1.07256

72.6562 1.07255
73.0469 1.0686

73.0469 1.06859
73.4375 1.06472

73.4375 1.06472
73.8281 1.06095

73.8281 1.06095
74.2188 1.0573

74.2188 1.0573
74.6094 1.05379

74.6094 1.05379
75 1.05042

75 1.05042
75.3906 1.04721

75.3906 1.0472
75.7812 1.04416

75.7812 1.04415
76.1719 1.04127

76.1719 1.04127
76.5625 1.03856

76.5625 1.03856
76.9531 1.03603

76.9531 1.03603
77.3438 1.03366

77.3438 1.03366
77.7344 1.03145

77.7344 1.03145
78.125 1.02941

78.125 1.02941
78.5156 1.02751

78.5156 1.02751
78.9062 1.02575

78.9062 1.02575
79.2969 1.02412

79.2969 1.02412
79.6875 1.0226

79.6875 1.02261
80.0781 1.02119

80.0781 1.02119
80.4688 1.01987

80.4688 1.01987
80.8594 1.01862

80.8594 1.01862
81.25 1.01743

81.25 1.01743
81.6406 1.0163

81.6406 1.0163
82.0312 1.0152

82.0312 1.0152
82.4219 1.01413

82.4219 1.01414
82.8125 1.01308

82.8125 1.01309
83.2031 1.01205

83.2031 1.01205
83.5938 1.01101

83.5938 1.01101
83.9844 1.00997

83.9844 1.00998
84.375 1.00893

84.375 1.00893
84.7656 1.00788

84.7656 1.00788
85.1562 1.00683

85.1562 1.00683
85.5469 1.00576

85.5469 1.00576
85.9375 1.00469

85.9375 1.00469
86.3281 1.00361

86.3281 1.00361
86.7188 1.00253

86.7188 1.00253
87.1094 1.00146

87.1094 1.00146
87.5 1.0004

87.5 1.0004
87.8906 0.999354

87.8906 0.999352
88.2812 0.99833

88.2812 0.998329
88.6719 0.997337

88.6719 0.997335
89.0625 0.99638

89.0625 0.996378
89.4531 0.995467

89.4531 0.995465
89.8438 0.994605

89.8438 0.994603
90.2344 0.993801

90.2344 0.9938
90.625 0.993062

90.625 0.993061
91.0156 0.992394

91.0156 0.992393
91.4062 0.991803

91.4062 0.991802
91.7969 0.991293

91.7969 0.991292
92.1875 0.99087

92.1875 0.990869
92.5781 0.990537

92.5781 0.990536
92.9688 0.990296

92.9688 0.990296
93.3594 0.990151

93.3594 0.99015
93.75 0.990101

93.75 0.990102
94.1406 0.990149

94.1406 0.990149
94.5312 0.990292

95.1877 0
95.2256 0.390625

95.3125 0.469584
95.228 0.78125

94.5312 0.998719
94.9219 0.982105

94.9219 1.12846
95.3125 0.852936

95.3125 0.663082
95.3231 0.390625

95.3125 1.05506
95.4411 0.78125

