6.64062 1.17181
6.28624 1.17188

6.64062 1.17182
7.03125 1.17166

7.03125 1.17166
7.42188 1.17139

7.42188 1.17139
7.8125 1.17103

7.8125 1.17103
8.20312 1.17057

8.20312 1.17057
8.59375 1.17002

8.59375 1.17001
8.98438 1.16938

8.98438 1.16937
9.375 1.16866

9.375 1.16865
9.76562 1.16786

9.76562 1.16786
10.1562 1.167

10.1562 1.167
10.5469 1.16608

10.5469 1.16608
10.9375 1.16511

10.9375 1.16511
11.3281 1.16411

11.3281 1.1641
11.7188 1.16307

11.7188 1.16307
12.1094 1.16201

12.1094 1.16201
12.5 1.16094

12.5 1.16094
12.8906 1.15988

12.8906 1.15988
13.2812 1.15882

13.2812 1.15882
13.6719 1.15779

13.6719 1.15778
14.0625 1.15678

14.0625 1.15678
14.4531 1.15582

14.4531 1.15582
14.8438 1.15491

14.8438 1.1549
15.2344 1.15405

15.2344 1.15405
15.625 1.15326

15.625 1.15326
16.0156 1.15255

16.0156 1.15255
16.4062 1.15192

16.4062 1.15191
16.7969 1.15137

16.7969 1.15137
17.1875 1.15092

17.1875 1.15092
17.5781 1.15056

17.5781 1.15056
17.9688 1.15031

17.9688 1.15031
18.3594 1.15015

18.3594 1.15015
18.75 1.15011

18.75 1.15011
19.1406 1.15016

19.1406 1.15016
19.5312 1.15032

19.5312 1.15032
19.9219 1.15059

19.9219 1.15059
20.3125 1.15095

20.3125 1.15095
20.7031 1.15141

20.7031 1.15141
21.0938 1.15196

21.0938 1.15196
21.4844 1.1526

21.4844 1.1526
21.875 1.15332

21.875 1.15332
22.2656 1.15411

22.2656 1.15412
22.6562 1.15498

22.6562 1.15498
23.0469 1.15589

23.0469 1.1559
23.4375 1.15686

23.4375 1.15686
23.8281 1.15787

23.8281 1.15787
24.2188 1.1589

24.2188 1.15891
24.6094 1.15996

24.6094 1.15996
25 1.16103

25 1.16103
25.3906 1.1621

25.3906 1.1621
25.7812 1.16315

25.7812 1.16315
26.1719 1.16419

26.1719 1.16419
26.5625 1.16519

26.5625 1.16519
26.9531 1.16616

26.9531 1.16616
27.3438 1.16707

27.3438 1.16707
27.7344 1.16793

27.7344 1.16793
28.125 1.16872

28.125 1.16872
28.5156 1.16943

28.5156 1.16943
28.9062 1.17006

28.9062 1.17007
29.2969 1.17061

29.2969 1.17061
29.6875 1.17106

29.6875 1.17106
30.0781 1.17142

30.0781 1.17142
30.4688 1.17168

30.4688 1.17167
30.8594 1.17183

31.6406 1.17181
31.286 1.17188

31.6406 1.17182
32.0312 1.17166

32.0312 1.17166
32.4219 1.17139

32.4219 1.17139
32.8125 1.17103

32.8125 1.17103
33.2031 1.17057

33.2031 1.17057
33.5938 1.17002

33.5938 1.17001
33.9844 1.16938

33.9844 1.16937
34.375 1.16866

34.375 1.16865
34.7656 1.16786

34.7656 1.16786
35.1562 1.167

35.1562 1.167
35.5469 1.16608

35.5469 1.16608
35.9375 1.16511

35.9375 1.16511
36.3281 1.16411

36.3281 1.1641
36.7188 1.16307

36.7188 1.16307
37.1094 1.16201

37.1094 1.16201
37.5 1.16095

37.5 1.16094
37.8906 1.15988

37.8906 1.15988
38.2812 1.15882

38.2812 1.15882
38.6719 1.15778

38.6719 1.15778
39.0625 1.15678

39.0625 1.15678
39.4531 1.15581

39.4531 1.15581
39.8438 1.15489

39.8438 1.15489
40.2344 1.15403

40.2344 1.15402
40.625 1.15322

40.625 1.15322
41.0156 1.15249

41.0156 1.15249
41.4062 1.15183

41.4062 1.15183
41.7969 1.15125

41.7969 1.15125
42.1875 1.15075

42.1875 1.15075
42.5781 1.15033

42.5781 1.15033
42.9688 1.14999

42.9688 1.14999
43.3594 1.14972

43.3594 1.14972
43.75 1.14953

43.75 1.14953
44.1406 1.14939

44.1406 1.1494
44.5312 1.14931

44.5312 1.14932
44.9219 1.14927

44.9219 1.14928
45.3125 1.14926

45.3125 1.14927
45.7031 1.14925

45.7031 1.14926
46.0938 1.14923

46.0938 1.14924
46.4844 1.14918

46.4844 1.14919
46.875 1.14906

46.875 1.14907
47.2656 1.14886

47.2656 1.14887
47.6562 1.14854

47.6562 1.14855
48.0469 1.14808

48.0469 1.14809
48.4375 1.14744

48.4375 1.14745
48.8281 1.1466

48.8281 1.14661
49.2188 1.14553

49.2188 1.14553
49.6094 1.14419

49.6094 1.1442
50 1.14257

50 1.14258
50.3906 1.14065

50.3906 1.14066
50.7812 1.13841

50.7812 1.13841
51.1719 1.13583

51.1719 1.13583
51.5625 1.13291

51.5625 1.13291
51.9531 1.12964

51.9531 1.12964
52.3438 1.12604

52.3438 1.12604
52.7344 1.12212

52.7344 1.12211
53.125 1.11788

53.125 1.11787
53.5156 1.11335

53.5156 1.11334
53.9062 1.10857

53.9062 1.10856
54.2969 1.10356

54.2969 1.10355
54.6875 1.09836

54.6875 1.09835
55.0781 1.09301

55.0781 1.093
55.4688 1.08755

55.4688 1.08754
55.8594 1.08203

55.8594 1.08202
56.25 1.07649

56.25 1.07648
56.6406 1.07097

56.6406 1.07096
57.0312 1.0655

57.0312 1.06549
57.4219 1.06013

57.4219 1.06013
57.8125 1.0549

57.8125 1.05489
58.2031 1.04982

58.2031 1.04981
58.5938 1.04492

58.5938 1.04492
58.9844 1.04023

58.9844 1.04023
59.375 1.03576

59.375 1.03576
59.7656 1.03152

59.7656 1.03152
60.1562 1.02752

60.1562 1.02752
60.5469 1.02376

60.5469 1.02376
60.9375 1.02025

60.9375 1.02025
61.3281 1.01697

61.3281 1.01698
61.7188 1.01394

61.7188 1.01394
62.1094 1.01113

62.1094 1.01113
62.5 1.00854

62.5 1.00854
62.8906 1.00616

62.8906 1.00616
63.2812 1.00398

63.2812 1.00399
63.6719 1.002

63.6719 1.002
64.0625 1.0002

64.0625 1.0002
64.4531 0.998572

64.4531 0.998574
64.8438 0.997111

64.8438 0.997113
65.2344 0.995808

65.2344 0.99581
65.625 0.994657

65.625 0.994658
66.0156 0.993651

66.0156 0.993652
66.4062 0.992785

66.4062 0.992786
66.7969 0.992054

66.7969 0.992055
67.1875 0.991453

67.1875 0.991454
67.5781 0.990979

67.5781 0.99098
67.9688 0.990628

67.9688 0.990629
68.3594 0.990397

68.3594 0.990398
68.75 0.990282

68.75 0.990283
69.1406 0.990279

69.1406 0.99028
69.5312 0.990384

69.5312 0.990385
69.9219 0.990594

69.9219 0.990595
70.3125 0.990904

70.3125 0.990905
70.7031 0.991308

70.7031 0.99131
71.0938 0.991802

71.0938 0.991804
71.4844 0.992379

71.4844 0.992381
71.875 0.993033

71.875 0.993035
72.2656 0.993757

72.2656 1.03516
72.6562 0.953142

72.807 0
72.8445 0.390625

72.9386 0.390625
72.863 0.78125

72.6562 1.15591
73.0469 0.794982

73.0469 0.841699
73.0702 0.78125

