6.64062 1.17181
6.28614 1.17188

6.64062 1.17182
7.03125 1.17166

7.03125 1.17166
7.42188 1.17139

7.42188 1.17139
7.8125 1.17103

7.8125 1.17103
8.20312 1.17057

8.20312 1.17057
8.59375 1.17002

8.59375 1.17001
8.98438 1.16938

8.98438 1.16937
9.375 1.16866

9.375 1.16865
9.76562 1.16786

9.76562 1.16786
10.1562 1.167

10.1562 1.167
10.5469 1.16608

10.5469 1.16608
10.9375 1.16511

10.9375 1.16511
11.3281 1.16411

11.3281 1.1641
11.7188 1.16307

11.7188 1.16307
12.1094 1.16201

12.1094 1.16201
12.5 1.16094

12.5 1.16094
12.8906 1.15988

12.8906 1.15988
13.2812 1.15882

13.2812 1.15882
13.6719 1.15779

13.6719 1.15778
14.0625 1.15678

14.0625 1.15678
14.4531 1.15582

14.4531 1.15582
14.8438 1.15491

14.8438 1.1549
15.2344 1.15405

15.2344 1.15405
15.625 1.15326

15.625 1.15326
16.0156 1.15255

16.0156 1.15255
16.4062 1.15192

16.4062 1.15191
16.7969 1.15137

16.7969 1.15137
17.1875 1.15092

17.1875 1.15092
17.5781 1.15056

17.5781 1.15056
17.9688 1.15031

17.9688 1.15031
18.3594 1.15015

18.3594 1.15015
18.75 1.15011

18.75 1.15011
19.1406 1.15016

19.1406 1.15016
19.5312 1.15032

19.5312 1.15032
19.9219 1.15059

19.9219 1.15059
20.3125 1.15095

20.3125 1.15095
20.7031 1.15141

20.7031 1.15141
21.0938 1.15196

21.0938 1.15196
21.4844 1.1526

21.4844 1.1526
21.875 1.15332

21.875 1.15332
22.2656 1.15412

22.2656 1.15412
22.6562 1.15498

22.6562 1.15498
23.0469 1.15589

23.0469 1.1559
23.4375 1.15686

23.4375 1.15686
23.8281 1.15787

23.8281 1.15787
24.2188 1.1589

24.2188 1.15891
24.6094 1.15996

24.6094 1.15996
25 1.16103

25 1.16103
25.3906 1.1621

25.3906 1.1621
25.7812 1.16315

25.7812 1.16315
26.1719 1.16419

26.1719 1.16419
26.5625 1.16519

26.5625 1.16519
26.9531 1.16616

26.9531 1.16616
27.3438 1.16707

27.3438 1.16707
27.7344 1.16793

27.7344 1.16793
28.125 1.16872

28.125 1.16872
28.5156 1.16943

28.5156 1.16943
28.9062 1.17006

28.9062 1.17007
29.2969 1.17061

29.2969 1.17061
29.6875 1.17106

29.6875 1.17106
30.0781 1.17142

30.0781 1.17142
30.4688 1.17168

30.4688 1.17167
30.8594 1.17183

31.6406 1.17181
31.286 1.17188

31.6406 1.17182
32.0312 1.17166

32.0312 1.17166
32.4219 1.17139

32.4219 1.17139
32.8125 1.17103

32.8125 1.17103
33.2031 1.17057

33.2031 1.17057
33.5938 1.17002

33.5938 1.17001
33.9844 1.16938

33.9844 1.16937
34.375 1.16866

34.375 1.16865
34.7656 1.16786

34.7656 1.16786
35.1562 1.167

35.1562 1.167
35.5469 1.16608

35.5469 1.16608
35.9375 1.16511

35.9375 1.16511
36.3281 1.16411

36.3281 1.1641
36.7188 1.16307

36.7188 1.16307
37.1094 1.16201

37.1094 1.16201
37.5 1.16094

37.5 1.16094
37.8906 1.15988

37.8906 1.15988
38.2812 1.15882

38.2812 1.15882
38.6719 1.15779

38.6719 1.15778
39.0625 1.15678

39.0625 1.15678
39.4531 1.15582

39.4531 1.15582
39.8438 1.15491

39.8438 1.1549
40.2344 1.15405

40.2344 1.15405
40.625 1.15326

40.625 1.15326
41.0156 1.15255

41.0156 1.15255
41.4062 1.15192

41.4062 1.15191
41.7969 1.15137

41.7969 1.15137
42.1875 1.15092

42.1875 1.15092
42.5781 1.15056

42.5781 1.15056
42.9688 1.1503

42.9688 1.1503
43.3594 1.15015

43.3594 1.15015
43.75 1.15009

43.75 1.15009
44.1406 1.15014

44.1406 1.15014
44.5312 1.1503

44.5312 1.1503
44.9219 1.15055

44.9219 1.15055
45.3125 1.15089

45.3125 1.15089
45.7031 1.15133

45.7031 1.15133
46.0938 1.15185

46.0938 1.15185
46.4844 1.15245

46.4844 1.15245
46.875 1.15311

46.875 1.15311
47.2656 1.15383

47.2656 1.15383
47.6562 1.15459

47.6562 1.15459
48.0469 1.15538

48.0469 1.15538
48.4375 1.15619

48.4375 1.15619
48.8281 1.15699

48.8281 1.15699
49.2188 1.15777

49.2188 1.15777
49.6094 1.15851

49.6094 1.15851
50 1.15918

50 1.15919
50.3906 1.15977

50.3906 1.15977
50.7812 1.16024

50.7812 1.16025
51.1719 1.16058

51.1719 1.16058
51.5625 1.16075

51.5625 1.16075
51.9531 1.16072

51.9531 1.16073
52.3438 1.16048

52.3438 1.16049
52.7344 1.15999

52.7344 1.16
53.125 1.15923

53.125 1.15923
53.5156 1.15817

53.5156 1.15817
53.9062 1.15678

53.9062 1.15679
54.2969 1.15505

54.2969 1.15506
54.6875 1.15297

54.6875 1.15297
55.0781 1.15051

55.0781 1.15051
55.4688 1.14767

55.4688 1.14767
55.8594 1.14444

55.8594 1.14444
56.25 1.14083

56.25 1.14082
56.6406 1.13683

56.6406 1.13683
57.0312 1.13247

57.0312 1.13247
57.4219 1.12777

57.4219 1.12776
57.8125 1.12273

57.8125 1.12273
58.2031 1.1174

58.2031 1.11739
58.5938 1.11181

58.5938 1.1118
58.9844 1.10599

58.9844 1.10598
59.375 1.09999

59.375 1.09998
59.7656 1.09385

59.7656 1.09384
60.1562 1.08761

60.1562 1.0876
60.5469 1.08132

60.5469 1.08131
60.9375 1.07504

60.9375 1.07502
61.3281 1.06879

61.3281 1.06878
61.7188 1.06264

61.7188 1.06263
62.1094 1.05661

62.1094 1.0566
62.5 1.05075

62.5 1.05075
62.8906 1.0451

62.8906 1.04509
63.2812 1.03968

63.2812 1.03968
63.6719 1.03453

63.6719 1.03452
64.0625 1.02965

64.0625 1.02965
64.4531 1.02508

64.4531 1.02508
64.8438 1.02082

64.8438 1.02082
65.2344 1.01689

65.2344 1.01689
65.625 1.01329

65.625 1.01329
66.0156 1.01001

66.0156 1.01001
66.4062 1.00707

66.4062 1.00707
66.7969 1.00445

66.7969 1.00445
67.1875 1.00214

67.1875 1.00214
67.5781 1.00013

67.5781 1.00014
67.9688 0.998424

67.9688 0.998428
68.3594 0.996994

68.3594 0.996997
68.75 0.995828

68.75 0.995832
69.1406 0.994912

69.1406 0.994916
69.5312 0.994229

69.5312 0.994233
69.9219 0.993764

69.9219 0.993768
70.3125 0.993499

70.3125 0.993503
70.7031 0.993419

70.7031 0.993423
71.0938 0.993506

71.0938 0.99351
71.4844 0.993745

71.4844 0.993749
71.875 0.994119

71.875 0.994123
72.2656 0.994614

72.2656 0.994618
72.6562 0.995214

72.6562 0.995218
73.0469 0.995905

73.0469 0.995908
73.4375 0.996671

73.4375 0.996674
73.8281 0.997499

73.8281 0.997502
74.2188 0.998376

74.2188 0.998379
74.6094 0.999288

74.6094 0.999291
75 1.00022

75 1.00023
75.3906 1.00117

75.3906 1.00117
75.7812 1.00211

75.7812 1.00212
76.1719 1.00305

76.1719 1.00305
76.5625 1.00396

76.5625 1.00396
76.9531 1.00483

76.9531 1.00484
77.3438 1.00567

77.3438 1.00567
77.7344 1.00645

77.7344 1.00645
78.125 1.00717

78.125 1.00718
78.5156 1.00783

78.5156 1.00783
78.9062 1.00841

79.3259 0
79.363 0.390625

79.4368 0.390625
79.4007 0.78125

78.9062 1.09791
79.2969 0.919427

79.2969 1.16117
79.582 0.78125

