6.64062 1.17181
6.28624 1.17188

6.64062 1.17182
7.03125 1.17166

7.03125 1.17166
7.42188 1.17139

7.42188 1.17139
7.8125 1.17103

7.8125 1.17103
8.20312 1.17057

8.20312 1.17057
8.59375 1.17002

8.59375 1.17001
8.98438 1.16938

8.98438 1.16937
9.375 1.16866

9.375 1.16865
9.76562 1.16786

9.76562 1.16786
10.1562 1.167

10.1562 1.167
10.5469 1.16608

10.5469 1.16608
10.9375 1.16511

10.9375 1.16511
11.3281 1.16411

11.3281 1.1641
11.7188 1.16307

11.7188 1.16307
12.1094 1.16201

12.1094 1.16201
12.5 1.16094

12.5 1.16094
12.8906 1.15988

12.8906 1.15988
13.2812 1.15882

13.2812 1.15882
13.6719 1.15779

13.6719 1.15778
14.0625 1.15678

14.0625 1.15678
14.4531 1.15582

14.4531 1.15582
14.8438 1.15491

14.8438 1.1549
15.2344 1.15405

15.2344 1.15405
15.625 1.15326

15.625 1.15326
16.0156 1.15255

16.0156 1.15255
16.4062 1.15192

16.4062 1.15191
16.7969 1.15137

16.7969 1.15137
17.1875 1.15092

17.1875 1.15092
17.5781 1.15056

17.5781 1.15056
17.9688 1.15031

17.9688 1.15031
18.3594 1.15015

18.3594 1.15015
18.75 1.15011

18.75 1.15011
19.1406 1.15016

19.1406 1.15016
19.5312 1.15032

19.5312 1.15032
19.9219 1.15059

19.9219 1.15059
20.3125 1.15095

20.3125 1.15095
20.7031 1.15141

20.7031 1.15141
21.0938 1.15196

21.0938 1.15196
21.4844 1.1526

21.4844 1.1526
21.875 1.15332

21.875 1.15332
22.2656 1.15411

22.2656 1.15412
22.6562 1.15498

22.6562 1.15498
23.0469 1.15589

23.0469 1.1559
23.4375 1.15686

23.4375 1.15686
23.8281 1.15787

23.8281 1.15787
24.2188 1.1589

24.2188 1.15891
24.6094 1.15996

24.6094 1.15996
25 1.16103

25 1.16103
25.3906 1.1621

25.3906 1.1621
25.7812 1.16315

25.7812 1.16315
26.1719 1.16419

26.1719 1.16419
26.5625 1.16519

26.5625 1.16519
26.9531 1.16616

26.9531 1.16616
27.3438 1.16707

27.3438 1.16707
27.7344 1.16793

27.7344 1.16793
28.125 1.16872

28.125 1.16872
28.5156 1.16943

28.5156 1.16943
28.9062 1.17006

28.9062 1.17007
29.2969 1.17061

29.2969 1.17061
29.6875 1.17106

29.6875 1.17106
30.0781 1.17142

30.0781 1.17142
30.4688 1.17168

30.4688 1.17167
30.8594 1.17183

31.6406 1.17181
31.2857 1.17188

31.6406 1.17182
32.0312 1.17166

32.0312 1.17166
32.4219 1.17139

32.4219 1.17139
32.8125 1.17103

32.8125 1.17103
33.2031 1.17057

33.2031 1.17057
33.5938 1.17002

33.5938 1.17001
33.9844 1.16938

33.9844 1.16937
34.375 1.16865

34.375 1.16865
34.7656 1.16786

34.7656 1.16786
35.1562 1.167

35.1562 1.167
35.5469 1.16608

35.5469 1.16608
35.9375 1.16511

35.9375 1.16511
36.3281 1.16411

36.3281 1.1641
36.7188 1.16307

36.7188 1.16307
37.1094 1.16201

37.1094 1.16201
37.5 1.16094

37.5 1.16094
37.8906 1.15988

37.8906 1.15988
38.2812 1.15882

38.2812 1.15882
38.6719 1.15779

38.6719 1.15778
39.0625 1.15678

39.0625 1.15678
39.4531 1.15582

39.4531 1.15582
39.8438 1.15491

39.8438 1.1549
40.2344 1.15405

40.2344 1.15405
40.625 1.15326

40.625 1.15326
41.0156 1.15255

41.0156 1.15255
41.4062 1.15192

41.4062 1.15191
41.7969 1.15137

41.7969 1.15137
42.1875 1.15092

42.1875 1.15092
42.5781 1.15056

42.5781 1.15056
42.9688 1.1503

42.9688 1.1503
43.3594 1.15015

43.3594 1.15015
43.75 1.1501

43.75 1.1501
44.1406 1.15016

44.1406 1.15016
44.5312 1.15031

44.5312 1.15031
44.9219 1.15057

44.9219 1.15057
45.3125 1.15093

45.3125 1.15093
45.7031 1.15138

45.7031 1.15138
46.0938 1.15192

46.0938 1.15192
46.4844 1.15254

46.4844 1.15254
46.875 1.15323

46.875 1.15324
47.2656 1.15399

47.2656 1.154
47.6562 1.15481

47.6562 1.15481
48.0469 1.15567

48.0469 1.15567
48.4375 1.15656

48.4375 1.15656
48.8281 1.15746

48.8281 1.15747
49.2188 1.15837

49.2188 1.15838
49.6094 1.15926

49.6094 1.15927
50 1.16012

50 1.16013
50.3906 1.16093

50.3906 1.16093
50.7812 1.16166

50.7812 1.16167
51.1719 1.1623

51.1719 1.16231
51.5625 1.16283

51.5625 1.16283
51.9531 1.16321

51.9531 1.16321
52.3438 1.16342

52.3438 1.16343
52.7344 1.16345

52.7344 1.16345
53.125 1.16325

53.125 1.16326
53.5156 1.16282

53.5156 1.16282
53.9062 1.16212

53.9062 1.16212
54.2969 1.16113

54.2969 1.16113
54.6875 1.15983

54.6875 1.15983
55.0781 1.15819

55.0781 1.1582
55.4688 1.15621

55.4688 1.15621
55.8594 1.15387

55.8594 1.15387
56.25 1.15115

56.25 1.15115
56.6406 1.14805

56.6406 1.14805
57.0312 1.14458

57.0312 1.14458
57.4219 1.14073

57.4219 1.14072
57.8125 1.13651

57.8125 1.1365
58.2031 1.13193

58.2031 1.13193
58.5938 1.12703

58.5938 1.12702
58.9844 1.12182

58.9844 1.12181
59.375 1.11633

59.375 1.11632
59.7656 1.11059

59.7656 1.11058
60.1562 1.10466

60.1562 1.10464
60.5469 1.09855

60.5469 1.09854
60.9375 1.09233

60.9375 1.09232
61.3281 1.08603

61.3281 1.08602
61.7188 1.0797

61.7188 1.07969
62.1094 1.07339

62.1094 1.07338
62.5 1.06714

62.5 1.06713
62.8906 1.061

62.8906 1.06099
63.2812 1.055

63.2812 1.05499
63.6719 1.04919

63.6719 1.04918
64.0625 1.0436

64.0625 1.04359
64.4531 1.03826

64.4531 1.03825
64.8438 1.03319

64.8438 1.03319
65.2344 1.02843

65.2344 1.02842
65.625 1.02398

65.625 1.02397
66.0156 1.01985

66.0156 1.01985
66.4062 1.01607

66.4062 1.01607
66.7969 1.01263

66.7969 1.01263
67.1875 1.00953

67.1875 1.00953
67.5781 1.00676

67.5781 1.00677
67.9688 1.00434

67.9688 1.00434
68.3594 1.00223

68.3594 1.00223
68.75 1.00044

68.75 1.00044
69.1406 0.998943

69.1406 0.998947
69.5312 0.997732

69.5312 0.997736
69.9219 0.996787

69.9219 0.996792
70.3125 0.996092

70.3125 0.996097
70.7031 0.995627

70.7031 0.995632
71.0938 0.995375

71.0938 0.99538
71.4844 0.995316

71.4844 0.995321
71.875 0.995431

71.875 0.995436
72.2656 0.995702

72.2656 0.995706
72.6562 0.996109

72.6562 0.996114
73.0469 0.996636

73.0469 0.99664
73.4375 0.997264

73.4375 0.997268
73.8281 0.997977

73.8281 0.997981
74.2188 0.998758

74.2188 0.998761
74.6094 0.999591

74.6094 0.999594
75 1.00046

75 1.00046
75.3906 1.00135

75.3906 1.00136
75.7812 1.00226

75.7812 1.00226
76.1719 1.00316

76.1719 1.00316
76.5625 1.00404

76.5625 1.00404
76.9531 1.0049

76.9531 1.0049
77.3438 1.00571

77.3438 1.00572
77.7344 1.00648

77.7344 1.00649
78.125 1.0072

78.125 1.0072
78.5156 1.00785

78.5156 1.00785
78.9062 1.00843

78.9062 1.00843
79.2969 1.00893

79.2969 1.00893
79.6875 1.00934

79.6875 1.00934
80.0781 1.00967

80.0781 1.00967
80.4688 1.00991

80.953 0
80.99 0.390625

81.0699 0.390625
81.021 0.78125

80.4688 1.07418
80.8594 0.945785

81.2114 0.78125
80.86 1.17188

