6.64062 1.17181
6.28624 1.17188

6.64062 1.17182
7.03125 1.17166

7.03125 1.17166
7.42188 1.17139

7.42188 1.17139
7.8125 1.17103

7.8125 1.17103
8.20312 1.17057

8.20312 1.17057
8.59375 1.17002

8.59375 1.17001
8.98438 1.16938

8.98438 1.16937
9.375 1.16866

9.375 1.16865
9.76562 1.16786

9.76562 1.16786
10.1562 1.167

10.1562 1.167
10.5469 1.16608

10.5469 1.16608
10.9375 1.16511

10.9375 1.16511
11.3281 1.16411

11.3281 1.1641
11.7188 1.16307

11.7188 1.16307
12.1094 1.16201

12.1094 1.16201
12.5 1.16094

12.5 1.16094
12.8906 1.15988

12.8906 1.15988
13.2812 1.15882

13.2812 1.15882
13.6719 1.15779

13.6719 1.15778
14.0625 1.15678

14.0625 1.15678
14.4531 1.15582

14.4531 1.15582
14.8438 1.15491

14.8438 1.1549
15.2344 1.15405

15.2344 1.15405
15.625 1.15326

15.625 1.15326
16.0156 1.15255

16.0156 1.15255
16.4062 1.15192

16.4062 1.15191
16.7969 1.15137

16.7969 1.15137
17.1875 1.15092

17.1875 1.15092
17.5781 1.15056

17.5781 1.15056
17.9688 1.15031

17.9688 1.15031
18.3594 1.15015

18.3594 1.15015
18.75 1.15011

18.75 1.15011
19.1406 1.15016

19.1406 1.15016
19.5312 1.15032

19.5312 1.15032
19.9219 1.15059

19.9219 1.15059
20.3125 1.15095

20.3125 1.15095
20.7031 1.15141

20.7031 1.15141
21.0938 1.15196

21.0938 1.15196
21.4844 1.1526

21.4844 1.1526
21.875 1.15332

21.875 1.15332
22.2656 1.15411

22.2656 1.15412
22.6562 1.15497

22.6562 1.15498
23.0469 1.15589

23.0469 1.1559
23.4375 1.15686

23.4375 1.15686
23.8281 1.15787

23.8281 1.15787
24.2188 1.1589

24.2188 1.15891
24.6094 1.15996

24.6094 1.15996
25 1.16103

25 1.16103
25.3906 1.1621

25.3906 1.1621
25.7812 1.16315

25.7812 1.16315
26.1719 1.16419

26.1719 1.16419
26.5625 1.16519

26.5625 1.16519
26.9531 1.16616

26.9531 1.16616
27.3438 1.16707

27.3438 1.16707
27.7344 1.16793

27.7344 1.16793
28.125 1.16872

28.125 1.16872
28.5156 1.16943

28.5156 1.16943
28.9062 1.17006

28.9062 1.17007
29.2969 1.17061

29.2969 1.17061
29.6875 1.17106

29.6875 1.17106
30.0781 1.17142

30.0781 1.17142
30.4688 1.17168

30.4688 1.17167
30.8594 1.17183

31.6406 1.17181
31.2861 1.17188

31.6406 1.17182
32.0312 1.17166

32.0312 1.17166
32.4219 1.17139

32.4219 1.17139
32.8125 1.17103

32.8125 1.17103
33.2031 1.17057

33.2031 1.17057
33.5938 1.17002

33.5938 1.17001
33.9844 1.16938

33.9844 1.16937
34.375 1.16865

34.375 1.16865
34.7656 1.16786

34.7656 1.16786
35.1562 1.167

35.1562 1.167
35.5469 1.16608

35.5469 1.16608
35.9375 1.16511

35.9375 1.16511
36.3281 1.16411

36.3281 1.1641
36.7188 1.16307

36.7188 1.16307
37.1094 1.16201

37.1094 1.16201
37.5 1.16094

37.5 1.16094
37.8906 1.15988

37.8906 1.15988
38.2812 1.15882

38.2812 1.15882
38.6719 1.15779

38.6719 1.15778
39.0625 1.15678

39.0625 1.15678
39.4531 1.15582

39.4531 1.15581
39.8438 1.1549

39.8438 1.1549
40.2344 1.15404

40.2344 1.15404
40.625 1.15324

40.625 1.15324
41.0156 1.15252

41.0156 1.15252
41.4062 1.15187

41.4062 1.15187
41.7969 1.15131

41.7969 1.15131
42.1875 1.15083

42.1875 1.15083
42.5781 1.15043

42.5781 1.15043
42.9688 1.15013

42.9688 1.15013
43.3594 1.1499

43.3594 1.14991
43.75 1.14977

43.75 1.14977
44.1406 1.1497

44.1406 1.14971
44.5312 1.14971

44.5312 1.14971
44.9219 1.14978

44.9219 1.14978
45.3125 1.1499

45.3125 1.1499
45.7031 1.15004

45.7031 1.15005
46.0938 1.15021

46.0938 1.15022
46.4844 1.15037

46.4844 1.15038
46.875 1.15051

46.875 1.15051
47.2656 1.1506

47.2656 1.1506
47.6562 1.15061

47.6562 1.15061
48.0469 1.15052

48.0469 1.15052
48.4375 1.15029

48.4375 1.1503
48.8281 1.14991

48.8281 1.14991
49.2188 1.14933

49.2188 1.14933
49.6094 1.14852

49.6094 1.14853
50 1.14747

50 1.14748
50.3906 1.14614

50.3906 1.14615
50.7812 1.14451

50.7812 1.14451
51.1719 1.14256

51.1719 1.14256
51.5625 1.14027

51.5625 1.14027
51.9531 1.13763

51.9531 1.13763
52.3438 1.13463

52.3438 1.13463
52.7344 1.13128

52.7344 1.13128
53.125 1.12758

53.125 1.12757
53.5156 1.12354

53.5156 1.12353
53.9062 1.11918

53.9062 1.11917
54.2969 1.11452

54.2969 1.11452
54.6875 1.1096

54.6875 1.10959
55.0781 1.10445

55.0781 1.10444
55.4688 1.0991

55.4688 1.09909
55.8594 1.0936

55.8594 1.09359
56.25 1.08799

56.25 1.08798
56.6406 1.08231

56.6406 1.0823
57.0312 1.07661

57.0312 1.0766
57.4219 1.07092

57.4219 1.07091
57.8125 1.0653

57.8125 1.06529
58.2031 1.05977

58.2031 1.05977
58.5938 1.05438

58.5938 1.05437
58.9844 1.04915

58.9844 1.04914
59.375 1.04411

59.375 1.0441
59.7656 1.03928

59.7656 1.03927
60.1562 1.03468

60.1562 1.03467
60.5469 1.03032

60.5469 1.03031
60.9375 1.02621

60.9375 1.02621
61.3281 1.02235

61.3281 1.02235
61.7188 1.01876

61.7188 1.01876
62.1094 1.01541

62.1094 1.01541
62.5 1.01232

62.5 1.01233
62.8906 1.00948

62.8906 1.00948
63.2812 1.00687

63.2812 1.00688
63.6719 1.0045

63.6719 1.0045
64.0625 1.00234

64.0625 1.00235
64.4531 1.0004

64.4531 1.0004
64.8438 0.998657

64.8438 0.998659
65.2344 0.997106

65.2344 0.997108
65.625 0.995739

65.625 0.995741
66.0156 0.994545

66.0156 0.994547
66.4062 0.993519

66.4062 0.993521
66.7969 0.992651

66.7969 0.992653
67.1875 0.991936

67.1875 0.991937
67.5781 0.991366

67.5781 0.991367
67.9688 0.990936

67.9688 0.990937
68.3594 0.990639

68.3594 0.99064
68.75 0.99047

68.75 0.990472
69.1406 0.990424

69.1406 0.990426
69.5312 0.990496

69.5312 0.990497
69.9219 0.990678

69.9219 0.99068
70.3125 0.990967

70.3125 0.990968
70.7031 0.991354

70.7031 0.991356
71.0938 0.991836

71.0938 0.991837
71.4844 0.992403

71.4844 0.992405
71.875 0.99305

71.875 0.993052
72.2656 0.993769

72.2656 0.993771
72.6562 0.994551

72.6562 0.994553
73.0469 0.995389

73.0469 0.995391
73.4375 0.996274

73.8545 0
73.8919 0.390625

73.9708 0.390625
73.9253 0.78125

73.4375 1.0857
73.8281 0.90777

73.8281 1.14423
74.1067 0.78125

