6.64062 1.17181
6.28654 1.17188

6.64062 1.17182
7.03125 1.17166

7.03125 1.17166
7.42188 1.17139

7.42188 1.17139
7.8125 1.17103

7.8125 1.17103
8.20312 1.17057

8.20312 1.17057
8.59375 1.17002

8.59375 1.17001
8.98438 1.16938

8.98438 1.16937
9.375 1.16866

9.375 1.16865
9.76562 1.16786

9.76562 1.16786
10.1562 1.167

10.1562 1.167
10.5469 1.16608

10.5469 1.16608
10.9375 1.16511

10.9375 1.16511
11.3281 1.16411

11.3281 1.1641
11.7188 1.16307

11.7188 1.16307
12.1094 1.16201

12.1094 1.16201
12.5 1.16094

12.5 1.16094
12.8906 1.15988

12.8906 1.15988
13.2812 1.15882

13.2812 1.15882
13.6719 1.15779

13.6719 1.15778
14.0625 1.15678

14.0625 1.15678
14.4531 1.15582

14.4531 1.15582
14.8438 1.15491

14.8438 1.1549
15.2344 1.15405

15.2344 1.15405
15.625 1.15326

15.625 1.15326
16.0156 1.15255

16.0156 1.15255
16.4062 1.15192

16.4062 1.15191
16.7969 1.15137

16.7969 1.15137
17.1875 1.15092

17.1875 1.15092
17.5781 1.15056

17.5781 1.15056
17.9688 1.15031

17.9688 1.15031
18.3594 1.15015

18.3594 1.15015
18.75 1.15011

18.75 1.15011
19.1406 1.15016

19.1406 1.15016
19.5312 1.15032

19.5312 1.15032
19.9219 1.15059

19.9219 1.15059
20.3125 1.15095

20.3125 1.15095
20.7031 1.15141

20.7031 1.15141
21.0938 1.15196

21.0938 1.15196
21.4844 1.1526

21.4844 1.1526
21.875 1.15332

21.875 1.15332
22.2656 1.15412

22.2656 1.15412
22.6562 1.15498

22.6562 1.15498
23.0469 1.15589

23.0469 1.1559
23.4375 1.15686

23.4375 1.15686
23.8281 1.15787

23.8281 1.15787
24.2188 1.15891

24.2188 1.15891
24.6094 1.15996

24.6094 1.15997
25 1.16103

25 1.16103
25.3906 1.1621

25.3906 1.1621
25.7812 1.16315

25.7812 1.16316
26.1719 1.16419

26.1719 1.16419
26.5625 1.16519

26.5625 1.1652
26.9531 1.16616

26.9531 1.16616
27.3438 1.16707

27.3438 1.16708
27.7344 1.16793

27.7344 1.16793
28.125 1.16872

28.125 1.16872
28.5156 1.16943

28.5156 1.16944
28.9062 1.17007

28.9062 1.17007
29.2969 1.17061

29.2969 1.17062
29.6875 1.17107

29.6875 1.17107
30.0781 1.17142

30.0781 1.17143
30.4688 1.17168

30.4688 1.17168
30.8594 1.17184

30.8594 1.17185
31.0722 1.17188

31.6406 1.17182
31.2828 1.17188

31.6406 1.17182
32.0312 1.17166

32.0312 1.17166
32.4219 1.17139

32.4219 1.17139
32.8125 1.17102

32.8125 1.17102
33.2031 1.17056

33.2031 1.17056
33.5938 1.16999

33.5938 1.16999
33.9844 1.16934

33.9844 1.16933
34.375 1.16859

34.375 1.16859
34.7656 1.16776

34.7656 1.16776
35.1562 1.16685

35.1562 1.16685
35.5469 1.16587

35.5469 1.16587
35.9375 1.16481

35.9375 1.16481
36.3281 1.16368

36.3281 1.16368
36.7188 1.16249

36.7188 1.16249
37.1094 1.16122

37.1094 1.16122
37.5 1.15987

37.5 1.15988
37.8906 1.15845

37.8906 1.15846
38.2812 1.15695

38.2812 1.15695
38.6719 1.15535

38.6719 1.15536
39.0625 1.15365

39.0625 1.15366
39.4531 1.15183

39.4531 1.15184
39.8438 1.14988

39.8438 1.14989
40.2344 1.14778

40.2344 1.14779
40.625 1.14552

40.625 1.14552
41.0156 1.14307

41.0156 1.14307
41.4062 1.14041

41.4062 1.14042
41.7969 1.13754

41.7969 1.13755
42.1875 1.13444

42.1875 1.13444
42.5781 1.13109

42.5781 1.13109
42.9688 1.12749

42.9688 1.12749
43.3594 1.12363

43.3594 1.12363
43.75 1.11953

43.75 1.11952
44.1406 1.11517

44.1406 1.11517
44.5312 1.11059

44.5312 1.11058
44.9219 1.10579

44.9219 1.10579
45.3125 1.10082

45.3125 1.10081
45.7031 1.09569

45.7031 1.09568
46.0938 1.09044

46.0938 1.09043
46.4844 1.08512

46.4844 1.08511
46.875 1.07977

46.875 1.07976
47.2656 1.07444

47.2656 1.07443
47.6562 1.06917

47.6562 1.06916
48.0469 1.06401

48.0469 1.064
48.4375 1.059

48.4375 1.05899
48.8281 1.05418

48.8281 1.05417
49.2188 1.04959

49.2188 1.04959
49.6094 1.04526

49.6094 1.04526
50 1.04122

50 1.04121
50.3906 1.03747

50.3906 1.03747
50.7812 1.03404

50.7812 1.03404
51.1719 1.03093

51.1719 1.03093
51.5625 1.02813

51.5625 1.02813
51.9531 1.02563

51.9531 1.02564
52.3438 1.02343

52.3438 1.02344
52.7344 1.02151

52.7344 1.02152
53.125 1.01984

53.125 1.01985
53.5156 1.0184

53.5156 1.01841
53.9062 1.01716

53.9062 1.01717
54.2969 1.0161

54.2969 1.01611
54.6875 1.01518

54.6875 1.01519
55.0781 1.01438

55.0781 1.01439
55.4688 1.01367

55.4688 1.01368
55.8594 1.01303

55.8594 1.01304
56.25 1.01244

56.25 1.01244
56.6406 1.01187

56.6406 1.01187
57.0312 1.0113

57.0312 1.0113
57.4219 1.01073

57.4219 1.01073
57.8125 1.01013

57.8125 1.01013
58.2031 1.0095

58.2031 1.00951
58.5938 1.00884

58.5938 1.00884
58.9844 1.00813

58.9844 1.00813
59.375 1.00738

59.375 1.00738
59.7656 1.00659

59.7656 1.00659
60.1562 1.00575

60.1562 1.00575
60.5469 1.00488

60.5469 1.00487
60.9375 1.00396

60.9375 1.00396
61.3281 1.00302

61.3281 1.00302
61.7188 1.00206

62.3577 0
62.3952 0.390625

62.4963 0.390625
62.4059 0.78125

61.7188 1.01429
62.1094 0.988855

62.1094 1.14386
62.5 0.857317

62.5 0.654133
62.5029 0.78125

62.5 1.03913
62.6132 0.78125

