6.64062 1.17181
6.28629 1.17188

6.64062 1.17182
7.03125 1.17166

7.03125 1.17166
7.42188 1.17139

7.42188 1.17139
7.8125 1.17103

7.8125 1.17103
8.20312 1.17057

8.20312 1.17057
8.59375 1.17002

8.59375 1.17001
8.98438 1.16938

8.98438 1.16937
9.375 1.16866

9.375 1.16865
9.76562 1.16786

9.76562 1.16786
10.1562 1.167

10.1562 1.167
10.5469 1.16608

10.5469 1.16608
10.9375 1.16511

10.9375 1.16511
11.3281 1.16411

11.3281 1.1641
11.7188 1.16307

11.7188 1.16307
12.1094 1.16201

12.1094 1.16201
12.5 1.16094

12.5 1.16094
12.8906 1.15988

12.8906 1.15988
13.2812 1.15882

13.2812 1.15882
13.6719 1.15779

13.6719 1.15778
14.0625 1.15678

14.0625 1.15678
14.4531 1.15582

14.4531 1.15582
14.8438 1.15491

14.8438 1.1549
15.2344 1.15405

15.2344 1.15405
15.625 1.15326

15.625 1.15326
16.0156 1.15255

16.0156 1.15255
16.4062 1.15192

16.4062 1.15191
16.7969 1.15137

16.7969 1.15137
17.1875 1.15092

17.1875 1.15092
17.5781 1.15056

17.5781 1.15056
17.9688 1.15031

17.9688 1.15031
18.3594 1.15015

18.3594 1.15015
18.75 1.15011

18.75 1.15011
19.1406 1.15016

19.1406 1.15016
19.5312 1.15032

19.5312 1.15032
19.9219 1.15059

19.9219 1.15059
20.3125 1.15095

20.3125 1.15095
20.7031 1.15141

20.7031 1.15141
21.0938 1.15196

21.0938 1.15196
21.4844 1.1526

21.4844 1.1526
21.875 1.15332

21.875 1.15332
22.2656 1.15411

22.2656 1.15412
22.6562 1.15498

22.6562 1.15498
23.0469 1.15589

23.0469 1.1559
23.4375 1.15686

23.4375 1.15686
23.8281 1.15787

23.8281 1.15787
24.2188 1.1589

24.2188 1.15891
24.6094 1.15996

24.6094 1.15996
25 1.16103

25 1.16103
25.3906 1.1621

25.3906 1.1621
25.7812 1.16315

25.7812 1.16315
26.1719 1.16419

26.1719 1.16419
26.5625 1.16519

26.5625 1.16519
26.9531 1.16616

26.9531 1.16616
27.3438 1.16707

27.3438 1.16707
27.7344 1.16793

27.7344 1.16793
28.125 1.16872

28.125 1.16872
28.5156 1.16943

28.5156 1.16943
28.9062 1.17006

28.9062 1.17007
29.2969 1.17061

29.2969 1.17061
29.6875 1.17106

29.6875 1.17107
30.0781 1.17142

30.0781 1.17142
30.4688 1.17168

30.4688 1.17167
30.8594 1.17183

31.6406 1.17181
31.2857 1.17188

31.6406 1.17182
32.0312 1.17166

32.0312 1.17166
32.4219 1.17139

32.4219 1.17139
32.8125 1.17103

32.8125 1.17103
33.2031 1.17057

33.2031 1.17057
33.5938 1.17002

33.5938 1.17001
33.9844 1.16938

33.9844 1.16937
34.375 1.16866

34.375 1.16865
34.7656 1.16786

34.7656 1.16786
35.1562 1.167

35.1562 1.167
35.5469 1.16608

35.5469 1.16608
35.9375 1.16511

35.9375 1.16511
36.3281 1.16411

36.3281 1.1641
36.7188 1.16307

36.7188 1.16307
37.1094 1.16201

37.1094 1.16201
37.5 1.16094

37.5 1.16094
37.8906 1.15988

37.8906 1.15987
38.2812 1.15882

38.2812 1.15882
38.6719 1.15778

38.6719 1.15778
39.0625 1.15677

39.0625 1.15677
39.4531 1.1558

39.4531 1.1558
39.8438 1.15488

39.8438 1.15488
40.2344 1.15401

40.2344 1.15401
40.625 1.15321

40.625 1.15321
41.0156 1.15247

41.0156 1.15247
41.4062 1.1518

41.4062 1.1518
41.7969 1.1512

41.7969 1.1512
42.1875 1.15069

42.1875 1.15069
42.5781 1.15024

42.5781 1.15024
42.9688 1.14987

42.9688 1.14987
43.3594 1.14957

43.3594 1.14957
43.75 1.14933

43.75 1.14934
44.1406 1.14915

44.1406 1.14915
44.5312 1.149

44.5312 1.14901
44.9219 1.14889

44.9219 1.14889
45.3125 1.14878

45.3125 1.14878
45.7031 1.14866

45.7031 1.14866
46.0938 1.14851

46.0938 1.14851
46.4844 1.1483

46.4844 1.14831
46.875 1.14801

46.875 1.14802
47.2656 1.14762

47.2656 1.14762
47.6562 1.14708

47.6562 1.14708
48.0469 1.14637

48.0469 1.14638
48.4375 1.14547

48.4375 1.14547
48.8281 1.14434

48.8281 1.14434
49.2188 1.14295

49.2188 1.14296
49.6094 1.1413

49.6094 1.1413
50 1.13934

50 1.13934
50.3906 1.13707

50.3906 1.13707
50.7812 1.13447

50.7812 1.13447
51.1719 1.13154

51.1719 1.13154
51.5625 1.12827

51.5625 1.12827
51.9531 1.12468

51.9531 1.12467
52.3438 1.12076

52.3438 1.12076
52.7344 1.11655

52.7344 1.11654
53.125 1.11205

53.125 1.11205
53.5156 1.10731

53.5156 1.1073
53.9062 1.10235

53.9062 1.10234
54.2969 1.09721

54.2969 1.0972
54.6875 1.09193

54.6875 1.09192
55.0781 1.08654

55.0781 1.08653
55.4688 1.08111

55.4688 1.0811
55.8594 1.07565

55.8594 1.07564
56.25 1.07023

56.25 1.07022
56.6406 1.06486

56.6406 1.06485
57.0312 1.0596

57.0312 1.05959
57.4219 1.05447

57.4219 1.05446
57.8125 1.0495

57.8125 1.0495
58.2031 1.04472

58.2031 1.04471
58.5938 1.04014

58.5938 1.04013
58.9844 1.03578

58.9844 1.03577
59.375 1.03164

59.375 1.03164
59.7656 1.02774

59.7656 1.02774
60.1562 1.02408

60.1562 1.02408
60.5469 1.02065

60.5469 1.02065
60.9375 1.01746

60.9375 1.01746
61.3281 1.01449

61.3281 1.01449
61.7188 1.01174

61.7188 1.01174
62.1094 1.0092

62.1094 1.0092
62.5 1.00686

62.5 1.00686
62.8906 1.0047

62.8906 1.00471
63.2812 1.00273

63.2812 1.00274
63.6719 1.00093

63.6719 1.00094
64.0625 0.999297

64.0625 0.999299
64.4531 0.997815

64.4531 0.997816
64.8438 0.99648

64.8438 0.996481
65.2344 0.995287

65.2344 0.995288
65.625 0.994229

65.625 0.99423
66.0156 0.993302

66.0156 0.993303
66.4062 0.992503

66.4062 0.992504
66.7969 0.991828

66.7969 0.991829
67.1875 0.991274

67.1875 0.991275
67.5781 0.990838

67.5781 0.990839
67.9688 0.990519

67.9688 0.990519
68.3594 0.990312

68.3594 0.990313
68.75 0.990217

68.75 0.990218
69.1406 0.99023

69.1406 0.990231
69.5312 0.990348

69.5312 0.990349
69.9219 0.990567

69.9219 0.990568
70.3125 0.990884

70.3125 0.990886
70.7031 0.991295

70.7031 0.991296
71.0938 0.991793

71.0938 0.991794
71.4844 0.992373

71.4844 0.992387
71.875 0.993018

72.2265 0
72.264 0.390625

72.2656 0.7665
72.2606 0.78125

72.3371 0.390625
72.3039 0.78125

71.875 1.1073
72.2656 0.879486

72.2656 1.12266
72.4752 0.78125

