6.64062 1.17181
6.2863 1.17188

6.64062 1.17182
7.03125 1.17166

7.03125 1.17166
7.42188 1.17139

7.42188 1.17139
7.8125 1.17103

7.8125 1.17103
8.20312 1.17057

8.20312 1.17057
8.59375 1.17002

8.59375 1.17001
8.98438 1.16938

8.98438 1.16937
9.375 1.16866

9.375 1.16865
9.76562 1.16786

9.76562 1.16786
10.1562 1.167

10.1562 1.167
10.5469 1.16608

10.5469 1.16608
10.9375 1.16511

10.9375 1.16511
11.3281 1.16411

11.3281 1.1641
11.7188 1.16307

11.7188 1.16307
12.1094 1.16201

12.1094 1.16201
12.5 1.16094

12.5 1.16094
12.8906 1.15988

12.8906 1.15988
13.2812 1.15882

13.2812 1.15882
13.6719 1.15779

13.6719 1.15778
14.0625 1.15678

14.0625 1.15678
14.4531 1.15582

14.4531 1.15582
14.8438 1.15491

14.8438 1.1549
15.2344 1.15405

15.2344 1.15405
15.625 1.15326

15.625 1.15326
16.0156 1.15255

16.0156 1.15255
16.4062 1.15192

16.4062 1.15191
16.7969 1.15137

16.7969 1.15137
17.1875 1.15092

17.1875 1.15092
17.5781 1.15056

17.5781 1.15056
17.9688 1.15031

17.9688 1.15031
18.3594 1.15015

18.3594 1.15015
18.75 1.15011

18.75 1.15011
19.1406 1.15016

19.1406 1.15016
19.5312 1.15032

19.5312 1.15032
19.9219 1.15059

19.9219 1.15059
20.3125 1.15095

20.3125 1.15095
20.7031 1.15141

20.7031 1.15141
21.0938 1.15196

21.0938 1.15196
21.4844 1.1526

21.4844 1.1526
21.875 1.15332

21.875 1.15332
22.2656 1.15412

22.2656 1.15412
22.6562 1.15498

22.6562 1.15498
23.0469 1.15589

23.0469 1.1559
23.4375 1.15686

23.4375 1.15686
23.8281 1.15787

23.8281 1.15787
24.2188 1.15891

24.2188 1.15891
24.6094 1.15996

24.6094 1.15996
25 1.16103

25 1.16103
25.3906 1.1621

25.3906 1.1621
25.7812 1.16315

25.7812 1.16316
26.1719 1.16419

26.1719 1.16419
26.5625 1.16519

26.5625 1.1652
26.9531 1.16616

26.9531 1.16616
27.3438 1.16707

27.3438 1.16707
27.7344 1.16793

27.7344 1.16793
28.125 1.16872

28.125 1.16872
28.5156 1.16943

28.5156 1.16943
28.9062 1.17007

28.9062 1.17007
29.2969 1.17061

29.2969 1.17061
29.6875 1.17106

29.6875 1.17107
30.0781 1.17142

30.0781 1.17142
30.4688 1.17168

30.4688 1.17167
30.8594 1.17184

31.6406 1.17181
31.2862 1.17188

31.6406 1.17182
32.0312 1.17166

32.0312 1.17166
32.4219 1.17139

32.4219 1.17139
32.8125 1.17103

32.8125 1.17103
33.2031 1.17057

33.2031 1.17057
33.5938 1.17002

33.5938 1.17002
33.9844 1.16938

33.9844 1.16938
34.375 1.16866

34.375 1.16865
34.7656 1.16786

34.7656 1.16786
35.1562 1.167

35.1562 1.167
35.5469 1.16608

35.5469 1.16608
35.9375 1.16512

35.9375 1.16511
36.3281 1.16411

36.3281 1.16411
36.7188 1.16307

36.7188 1.16307
37.1094 1.16201

37.1094 1.16201
37.5 1.16094

37.5 1.16094
37.8906 1.15987

37.8906 1.15987
38.2812 1.15882

38.2812 1.15881
38.6719 1.15777

38.6719 1.15777
39.0625 1.15676

39.0625 1.15676
39.4531 1.15579

39.4531 1.15578
39.8438 1.15486

39.8438 1.15485
40.2344 1.15398

40.2344 1.15397
40.625 1.15315

40.625 1.15315
41.0156 1.15239

41.0156 1.15239
41.4062 1.1517

41.4062 1.1517
41.7969 1.15107

41.7969 1.15107
42.1875 1.15051

42.1875 1.15051
42.5781 1.15001

42.5781 1.15001
42.9688 1.14957

42.9688 1.14957
43.3594 1.14918

43.3594 1.14918
43.75 1.14884

43.75 1.14884
44.1406 1.14852

44.1406 1.14852
44.5312 1.14822

44.5312 1.14822
44.9219 1.14792

44.9219 1.14792
45.3125 1.14759

45.3125 1.14759
45.7031 1.14721

45.7031 1.14722
46.0938 1.14677

46.0938 1.14678
46.4844 1.14623

46.4844 1.14623
46.875 1.14556

46.875 1.14557
47.2656 1.14474

47.2656 1.14475
47.6562 1.14374

47.6562 1.14374
48.0469 1.14253

48.0469 1.14253
48.4375 1.14108

48.4375 1.14108
48.8281 1.13937

48.8281 1.13937
49.2188 1.13738

49.2188 1.13738
49.6094 1.13509

49.6094 1.13509
50 1.13249

50 1.13249
50.3906 1.12958

50.3906 1.12958
50.7812 1.12634

50.7812 1.12634
51.1719 1.12279

51.1719 1.12279
51.5625 1.11894

51.5625 1.11893
51.9531 1.1148

51.9531 1.11479
52.3438 1.11039

52.3438 1.11038
52.7344 1.10575

52.7344 1.10574
53.125 1.1009

53.125 1.10089
53.5156 1.09588

53.5156 1.09587
53.9062 1.09073

53.9062 1.09072
54.2969 1.08549

54.2969 1.08548
54.6875 1.0802

54.6875 1.08019
55.0781 1.0749

55.0781 1.07489
55.4688 1.06964

55.4688 1.06963
55.8594 1.06444

55.8594 1.06444
56.25 1.05936

56.25 1.05935
56.6406 1.0544

56.6406 1.0544
57.0312 1.04961

57.0312 1.04961
57.4219 1.04501

57.4219 1.045
57.8125 1.0406

57.8125 1.0406
58.2031 1.03641

58.2031 1.03641
58.5938 1.03244

58.5938 1.03244
58.9844 1.0287

58.9844 1.0287
59.375 1.02518

59.375 1.02519
59.7656 1.02189

59.7656 1.0219
60.1562 1.01882

60.1562 1.01882
60.5469 1.01596

60.5469 1.01596
60.9375 1.0133

60.9375 1.0133
61.3281 1.01083

61.3281 1.01084
61.7188 1.00855

61.7188 1.00855
62.1094 1.00643

62.1094 1.00644
62.5 1.00448

62.5 1.00448
62.8906 1.00268

62.8906 1.00268
63.2812 1.00101

63.2812 1.00102
63.6719 0.999489

63.6719 0.999491
64.0625 0.998092

64.0625 0.998093
64.4531 0.996817

64.4531 0.996818
64.8438 0.99566

64.8438 0.995661
65.2344 0.994619

65.2344 0.994619
65.625 0.993689

65.625 0.99369
66.0156 0.99287

66.0156 0.99287
66.4062 0.99216

66.4062 0.99216
66.7969 0.991558

66.7969 0.991558
67.1875 0.991063

67.1875 0.991063
67.5781 0.990676

67.5781 0.990676
67.9688 0.990394

67.9688 0.990394
68.3594 0.990218

68.3594 0.990219
68.75 0.990147

68.75 0.990147
69.1406 0.990178

69.1406 0.990179
69.5312 0.990311

69.5312 0.990311
69.9219 0.990541

69.9219 0.990542
70.3125 0.990866

70.3125 0.990867
70.7031 0.991283

70.7031 1.06007
71.0938 0.922996

71.1726 0
71.2101 0.390625

71.2974 0.390625
71.2353 0.78125

71.0938 1.14514
71.4238 0.78125

