6.64062 1.17181
6.28623 1.17188

6.64062 1.17182
7.03125 1.17166

7.03125 1.17166
7.42188 1.17139

7.42188 1.17139
7.8125 1.17103

7.8125 1.17103
8.20312 1.17057

8.20312 1.17057
8.59375 1.17002

8.59375 1.17001
8.98438 1.16938

8.98438 1.16937
9.375 1.16866

9.375 1.16865
9.76562 1.16786

9.76562 1.16786
10.1562 1.167

10.1562 1.167
10.5469 1.16608

10.5469 1.16608
10.9375 1.16511

10.9375 1.16511
11.3281 1.16411

11.3281 1.1641
11.7188 1.16307

11.7188 1.16307
12.1094 1.16201

12.1094 1.16201
12.5 1.16094

12.5 1.16094
12.8906 1.15988

12.8906 1.15988
13.2812 1.15882

13.2812 1.15882
13.6719 1.15779

13.6719 1.15778
14.0625 1.15678

14.0625 1.15678
14.4531 1.15582

14.4531 1.15582
14.8438 1.15491

14.8438 1.1549
15.2344 1.15405

15.2344 1.15405
15.625 1.15326

15.625 1.15326
16.0156 1.15255

16.0156 1.15255
16.4062 1.15192

16.4062 1.15191
16.7969 1.15137

16.7969 1.15137
17.1875 1.15092

17.1875 1.15092
17.5781 1.15056

17.5781 1.15056
17.9688 1.15031

17.9688 1.15031
18.3594 1.15015

18.3594 1.15015
18.75 1.15011

18.75 1.15011
19.1406 1.15016

19.1406 1.15016
19.5312 1.15032

19.5312 1.15032
19.9219 1.15059

19.9219 1.15059
20.3125 1.15095

20.3125 1.15095
20.7031 1.15141

20.7031 1.15141
21.0938 1.15196

21.0938 1.15196
21.4844 1.1526

21.4844 1.1526
21.875 1.15332

21.875 1.15332
22.2656 1.15412

22.2656 1.15412
22.6562 1.15498

22.6562 1.15498
23.0469 1.15589

23.0469 1.1559
23.4375 1.15686

23.4375 1.15686
23.8281 1.15787

23.8281 1.15787
24.2188 1.1589

24.2188 1.15891
24.6094 1.15996

24.6094 1.15996
25 1.16103

25 1.16103
25.3906 1.1621

25.3906 1.1621
25.7812 1.16315

25.7812 1.16316
26.1719 1.16419

26.1719 1.16419
26.5625 1.16519

26.5625 1.1652
26.9531 1.16616

26.9531 1.16616
27.3438 1.16707

27.3438 1.16707
27.7344 1.16793

27.7344 1.16793
28.125 1.16872

28.125 1.16872
28.5156 1.16943

28.5156 1.16943
28.9062 1.17007

28.9062 1.17007
29.2969 1.17061

29.2969 1.17061
29.6875 1.17107

29.6875 1.17107
30.0781 1.17142

30.0781 1.17142
30.4688 1.17168

30.4688 1.17167
30.8594 1.17184

31.6406 1.17181
31.2856 1.17188

31.6406 1.17182
32.0312 1.17166

32.0312 1.17166
32.4219 1.17139

32.4219 1.17139
32.8125 1.17103

32.8125 1.17103
33.2031 1.17057

33.2031 1.17057
33.5938 1.17002

33.5938 1.17001
33.9844 1.16938

33.9844 1.16937
34.375 1.16865

34.375 1.16865
34.7656 1.16786

34.7656 1.16786
35.1562 1.16699

35.1562 1.16699
35.5469 1.16607

35.5469 1.16607
35.9375 1.16509

35.9375 1.16509
36.3281 1.16407

36.3281 1.16407
36.7188 1.16302

36.7188 1.16301
37.1094 1.16193

37.1094 1.16193
37.5 1.16082

37.5 1.16082
37.8906 1.15971

37.8906 1.1597
38.2812 1.15858

38.2812 1.15858
38.6719 1.15745

38.6719 1.15745
39.0625 1.15631

39.0625 1.15631
39.4531 1.15518

39.4531 1.15518
39.8438 1.15405

39.8438 1.15405
40.2344 1.15291

40.2344 1.15292
40.625 1.15177

40.625 1.15177
41.0156 1.15061

41.0156 1.15062
41.4062 1.14943

41.4062 1.14943
41.7969 1.1482

41.7969 1.1482
42.1875 1.14692

42.1875 1.14692
42.5781 1.14556

42.5781 1.14557
42.9688 1.14412

42.9688 1.14412
43.3594 1.14255

43.3594 1.14256
43.75 1.14086

43.75 1.14086
44.1406 1.139

44.1406 1.13901
44.5312 1.13696

44.5312 1.13697
44.9219 1.13473

44.9219 1.13473
45.3125 1.13227

45.3125 1.13227
45.7031 1.12958

45.7031 1.12958
46.0938 1.12664

46.0938 1.12664
46.4844 1.12345

46.4844 1.12345
46.875 1.12

46.875 1.12
47.2656 1.11631

47.2656 1.1163
47.6562 1.11237

47.6562 1.11236
48.0469 1.1082

48.0469 1.10819
48.4375 1.10383

48.4375 1.10382
48.8281 1.09928

48.8281 1.09927
49.2188 1.09458

49.2188 1.09457
49.6094 1.08976

49.6094 1.08975
50 1.08488

50 1.08487
50.3906 1.07995

50.3906 1.07994
50.7812 1.07503

50.7812 1.07502
51.1719 1.07016

51.1719 1.07015
51.5625 1.06537

51.5625 1.06537
51.9531 1.06071

51.9531 1.0607
52.3438 1.05619

52.3438 1.05618
52.7344 1.05186

52.7344 1.05185
53.125 1.04772

53.125 1.04772
53.5156 1.04382

53.5156 1.04381
53.9062 1.04014

53.9062 1.04014
54.2969 1.0367

54.2969 1.0367
54.6875 1.03351

54.6875 1.03351
55.0781 1.03056

55.0781 1.03056
55.4688 1.02783

55.4688 1.02783
55.8594 1.02532

55.8594 1.02533
56.25 1.02302

56.25 1.02302
56.6406 1.0209

56.6406 1.02091
57.0312 1.01895

57.0312 1.01896
57.4219 1.01715

57.4219 1.01716
57.8125 1.01548

57.8125 1.01549
58.2031 1.01392

58.2031 1.01393
58.5938 1.01246

58.5938 1.01246
58.9844 1.01107

58.9844 1.01107
59.375 1.00974

59.375 1.00975
59.7656 1.00847

59.7656 1.00847
60.1562 1.00723

60.1562 1.00724
60.5469 1.00603

60.5469 1.00603
60.9375 1.00486

60.9375 1.00486
61.3281 1.00371

61.3281 1.00371
61.7188 1.00258

61.7188 1.00258
62.1094 1.00147

62.1094 1.00147
62.5 1.00038

62.5 1.00038
62.8906 0.99932

62.8906 0.999319
63.2812 0.998289

63.2812 0.998288
63.6719 0.997293

63.6719 0.997291
64.0625 0.996336

64.0625 0.996335
64.4531 0.995426

64.4531 0.995425
64.8438 0.994569

64.8438 0.994567
65.2344 0.99377

65.2344 0.993768
65.625 0.993036

66.2593 0
66.2971 0.390625

66.4031 0.390625
66.3042 0.78125

65.625 1.00619
66.0156 0.979218

66.0156 1.13426
66.4062 0.849893

66.4062 0.472906
66.4082 0.390625

66.4062 1.0223
66.5136 0.78125

