6.64062 1.17181
6.28613 1.17188

6.64062 1.17182
7.03125 1.17166

7.03125 1.17166
7.42188 1.17139

7.42188 1.17139
7.8125 1.17103

7.8125 1.17103
8.20312 1.17057

8.20312 1.17057
8.59375 1.17002

8.59375 1.17001
8.98438 1.16938

8.98438 1.16937
9.375 1.16866

9.375 1.16865
9.76562 1.16786

9.76562 1.16786
10.1562 1.167

10.1562 1.167
10.5469 1.16608

10.5469 1.16608
10.9375 1.16511

10.9375 1.16511
11.3281 1.16411

11.3281 1.1641
11.7188 1.16307

11.7188 1.16307
12.1094 1.16201

12.1094 1.16201
12.5 1.16094

12.5 1.16094
12.8906 1.15988

12.8906 1.15988
13.2812 1.15882

13.2812 1.15882
13.6719 1.15779

13.6719 1.15778
14.0625 1.15678

14.0625 1.15678
14.4531 1.15582

14.4531 1.15582
14.8438 1.15491

14.8438 1.1549
15.2344 1.15405

15.2344 1.15405
15.625 1.15326

15.625 1.15326
16.0156 1.15255

16.0156 1.15255
16.4062 1.15192

16.4062 1.15191
16.7969 1.15137

16.7969 1.15137
17.1875 1.15092

17.1875 1.15092
17.5781 1.15056

17.5781 1.15056
17.9688 1.15031

17.9688 1.15031
18.3594 1.15015

18.3594 1.15015
18.75 1.15011

18.75 1.15011
19.1406 1.15016

19.1406 1.15016
19.5312 1.15032

19.5312 1.15032
19.9219 1.15059

19.9219 1.15059
20.3125 1.15095

20.3125 1.15095
20.7031 1.15141

20.7031 1.15141
21.0938 1.15196

21.0938 1.15196
21.4844 1.1526

21.4844 1.1526
21.875 1.15332

21.875 1.15332
22.2656 1.15411

22.2656 1.15412
22.6562 1.15498

22.6562 1.15498
23.0469 1.15589

23.0469 1.1559
23.4375 1.15686

23.4375 1.15686
23.8281 1.15787

23.8281 1.15787
24.2188 1.1589

24.2188 1.15891
24.6094 1.15996

24.6094 1.15996
25 1.16103

25 1.16103
25.3906 1.1621

25.3906 1.1621
25.7812 1.16315

25.7812 1.16315
26.1719 1.16419

26.1719 1.16419
26.5625 1.16519

26.5625 1.16519
26.9531 1.16616

26.9531 1.16616
27.3438 1.16707

27.3438 1.16707
27.7344 1.16793

27.7344 1.16793
28.125 1.16872

28.125 1.16872
28.5156 1.16943

28.5156 1.16943
28.9062 1.17006

28.9062 1.17007
29.2969 1.17061

29.2969 1.17061
29.6875 1.17106

29.6875 1.17106
30.0781 1.17142

30.0781 1.17142
30.4688 1.17168

30.4688 1.17167
30.8594 1.17183

31.6406 1.17181
31.2861 1.17188

31.6406 1.17182
32.0312 1.17166

32.0312 1.17166
32.4219 1.17139

32.4219 1.17139
32.8125 1.17103

32.8125 1.17103
33.2031 1.17057

33.2031 1.17057
33.5938 1.17002

33.5938 1.17001
33.9844 1.16938

33.9844 1.16937
34.375 1.16866

34.375 1.16865
34.7656 1.16786

34.7656 1.16786
35.1562 1.167

35.1562 1.167
35.5469 1.16608

35.5469 1.16608
35.9375 1.16511

35.9375 1.16511
36.3281 1.16411

36.3281 1.1641
36.7188 1.16307

36.7188 1.16307
37.1094 1.16201

37.1094 1.16201
37.5 1.16094

37.5 1.16094
37.8906 1.15988

37.8906 1.15988
38.2812 1.15882

38.2812 1.15882
38.6719 1.15779

38.6719 1.15778
39.0625 1.15678

39.0625 1.15678
39.4531 1.15582

39.4531 1.15582
39.8438 1.15491

39.8438 1.1549
40.2344 1.15405

40.2344 1.15405
40.625 1.15326

40.625 1.15326
41.0156 1.15255

41.0156 1.15255
41.4062 1.15192

41.4062 1.15191
41.7969 1.15137

41.7969 1.15137
42.1875 1.15092

42.1875 1.15092
42.5781 1.15056

42.5781 1.15056
42.9688 1.15031

42.9688 1.15031
43.3594 1.15015

43.3594 1.15015
43.75 1.15011

43.75 1.15011
44.1406 1.15016

44.1406 1.15016
44.5312 1.15032

44.5312 1.15032
44.9219 1.15059

44.9219 1.15059
45.3125 1.15095

45.3125 1.15095
45.7031 1.15141

45.7031 1.15141
46.0938 1.15196

46.0938 1.15196
46.4844 1.15259

46.4844 1.15259
46.875 1.15331

46.875 1.15331
47.2656 1.15409

47.2656 1.1541
47.6562 1.15494

47.6562 1.15495
48.0469 1.15585

48.0469 1.15585
48.4375 1.1568

48.4375 1.1568
48.8281 1.15778

48.8281 1.15778
49.2188 1.15878

49.2188 1.15879
49.6094 1.15979

49.6094 1.1598
50 1.1608

50 1.16081
50.3906 1.16179

50.3906 1.1618
50.7812 1.16275

50.7812 1.16275
51.1719 1.16366

51.1719 1.16366
51.5625 1.1645

51.5625 1.16451
51.9531 1.16527

51.9531 1.16527
52.3438 1.16593

52.3438 1.16593
52.7344 1.16647

52.7344 1.16648
53.125 1.16688

53.125 1.16689
53.5156 1.16713

53.5156 1.16714
53.9062 1.16721

53.9062 1.16721
54.2969 1.16709

54.2969 1.16709
54.6875 1.16675

54.6875 1.16675
55.0781 1.16617

55.0781 1.16617
55.4688 1.16533

55.4688 1.16534
55.8594 1.16422

55.8594 1.16423
56.25 1.16282

56.25 1.16282
56.6406 1.1611

56.6406 1.1611
57.0312 1.15906

57.0312 1.15906
57.4219 1.15669

57.4219 1.15669
57.8125 1.15396

57.8125 1.15397
58.2031 1.15089

58.2031 1.15089
58.5938 1.14747

58.5938 1.14747
58.9844 1.1437

58.9844 1.1437
59.375 1.13959

59.375 1.13958
59.7656 1.13514

59.7656 1.13514
60.1562 1.13038

60.1562 1.13038
60.5469 1.12533

60.5469 1.12533
60.9375 1.12001

60.9375 1.12001
61.3281 1.11445

61.3281 1.11445
61.7188 1.10869

61.7188 1.10868
62.1094 1.10276

62.1094 1.10275
62.5 1.09669

62.5 1.09668
62.8906 1.09054

62.8906 1.09053
63.2812 1.08434

63.2812 1.08433
63.6719 1.07815

63.6719 1.07813
64.0625 1.07199

64.0625 1.07198
64.4531 1.06591

64.4531 1.0659
64.8438 1.05996

64.8438 1.05995
65.2344 1.05417

65.2344 1.05416
65.625 1.04858

65.625 1.04858
66.0156 1.04323

66.0156 1.04322
66.4062 1.03813

66.4062 1.03813
66.7969 1.03332

66.7969 1.03332
67.1875 1.02882

67.1875 1.02882
67.5781 1.02464

67.5781 1.02464
67.9688 1.0208

67.9688 1.0208
68.3594 1.0173

68.3594 1.0173
68.75 1.01415

68.75 1.01415
69.1406 1.01134

69.1406 1.01134
69.5312 1.00887

69.5312 1.00887
69.9219 1.00673

69.9219 1.00673
70.3125 1.00492

70.3125 1.00492
70.7031 1.00341

70.7031 1.00342
71.0938 1.0022

71.0938 1.0022
71.4844 1.00126

71.4844 1.00127
71.875 1.00058

71.875 1.00058
72.2656 1.00013

72.2656 1.00013
72.6562 0.999893

72.6562 0.999899
73.0469 0.99985

73.0469 0.999855
73.4375 0.999976

73.4375 0.999981
73.8281 1.00025

73.8281 1.00026
74.2188 1.00065

74.2188 1.00066
74.6094 1.00116

74.6094 1.00116
75 1.00175

75 1.00175
75.3906 1.0024

75.3906 1.00241
75.7812 1.00311

75.7812 1.00311
76.1719 1.00384

76.1719 1.00384
76.5625 1.00458

76.5625 1.00459
76.9531 1.00533

76.9531 1.00533
77.3438 1.00605

77.3438 1.00606
77.7344 1.00675

77.7344 1.00675
78.125 1.0074

78.125 1.00741
78.5156 1.008

78.5156 1.00801
78.9062 1.00854

78.9062 1.00855
79.2969 1.00901

79.2969 1.00902
79.6875 1.00941

79.6875 1.00941
80.0781 1.00972

80.0781 1.00972
80.4688 1.00994

80.4688 1.00994
80.8594 1.01008

80.8594 1.01008
81.25 1.01012

81.25 1.01012
81.6406 1.01006

81.6406 1.01006
82.0312 1.00991

82.0312 1.00991
82.4219 1.00967

82.4219 1.00967
82.8125 1.00934

82.8125 1.00934
83.2031 1.00892

83.2031 1.0314
83.5938 0.985932

83.8037 0
83.8411 0.390625

83.9342 0.390625
83.8602 0.78125

83.5938 1.16313
83.9844 0.847582

83.9844 0.977094
84.0634 0.78125

