6.64062 1.17181
6.28625 1.17188

6.64062 1.17182
7.03125 1.17166

7.03125 1.17166
7.42188 1.17139

7.42188 1.17139
7.8125 1.17103

7.8125 1.17103
8.20312 1.17057

8.20312 1.17057
8.59375 1.17002

8.59375 1.17001
8.98438 1.16938

8.98438 1.16937
9.375 1.16866

9.375 1.16865
9.76562 1.16786

9.76562 1.16786
10.1562 1.167

10.1562 1.167
10.5469 1.16608

10.5469 1.16608
10.9375 1.16511

10.9375 1.16511
11.3281 1.16411

11.3281 1.1641
11.7188 1.16307

11.7188 1.16307
12.1094 1.16201

12.1094 1.16201
12.5 1.16094

12.5 1.16094
12.8906 1.15988

12.8906 1.15988
13.2812 1.15882

13.2812 1.15882
13.6719 1.15779

13.6719 1.15778
14.0625 1.15678

14.0625 1.15678
14.4531 1.15582

14.4531 1.15582
14.8438 1.15491

14.8438 1.1549
15.2344 1.15405

15.2344 1.15405
15.625 1.15326

15.625 1.15326
16.0156 1.15255

16.0156 1.15255
16.4062 1.15192

16.4062 1.15191
16.7969 1.15137

16.7969 1.15137
17.1875 1.15092

17.1875 1.15092
17.5781 1.15056

17.5781 1.15056
17.9688 1.15031

17.9688 1.15031
18.3594 1.15015

18.3594 1.15015
18.75 1.15011

18.75 1.15011
19.1406 1.15016

19.1406 1.15016
19.5312 1.15032

19.5312 1.15032
19.9219 1.15059

19.9219 1.15059
20.3125 1.15095

20.3125 1.15095
20.7031 1.15141

20.7031 1.15141
21.0938 1.15196

21.0938 1.15196
21.4844 1.1526

21.4844 1.1526
21.875 1.15332

21.875 1.15332
22.2656 1.15411

22.2656 1.15412
22.6562 1.15498

22.6562 1.15498
23.0469 1.15589

23.0469 1.1559
23.4375 1.15686

23.4375 1.15686
23.8281 1.15787

23.8281 1.15787
24.2188 1.1589

24.2188 1.15891
24.6094 1.15996

24.6094 1.15996
25 1.16103

25 1.16103
25.3906 1.1621

25.3906 1.1621
25.7812 1.16315

25.7812 1.16315
26.1719 1.16419

26.1719 1.16419
26.5625 1.16519

26.5625 1.1652
26.9531 1.16616

26.9531 1.16616
27.3438 1.16707

27.3438 1.16707
27.7344 1.16793

27.7344 1.16793
28.125 1.16872

28.125 1.16872
28.5156 1.16943

28.5156 1.16943
28.9062 1.17006

28.9062 1.17007
29.2969 1.17061

29.2969 1.17061
29.6875 1.17106

29.6875 1.17107
30.0781 1.17142

30.0781 1.17142
30.4688 1.17168

30.4688 1.17167
30.8594 1.17183

31.6406 1.17181
31.2857 1.17188

31.6406 1.17182
32.0312 1.17166

32.0312 1.17166
32.4219 1.17139

32.4219 1.17139
32.8125 1.17103

32.8125 1.17103
33.2031 1.17057

33.2031 1.17057
33.5938 1.17002

33.5938 1.17001
33.9844 1.16938

33.9844 1.16937
34.375 1.16866

34.375 1.16865
34.7656 1.16786

34.7656 1.16786
35.1562 1.167

35.1562 1.167
35.5469 1.16608

35.5469 1.16608
35.9375 1.16511

35.9375 1.16511
36.3281 1.16411

36.3281 1.1641
36.7188 1.16307

36.7188 1.16307
37.1094 1.16201

37.1094 1.16201
37.5 1.16094

37.5 1.16094
37.8906 1.15988

37.8906 1.15987
38.2812 1.15882

38.2812 1.15882
38.6719 1.15778

38.6719 1.15778
39.0625 1.15677

39.0625 1.15677
39.4531 1.1558

39.4531 1.1558
39.8438 1.15488

39.8438 1.15488
40.2344 1.15401

40.2344 1.15401
40.625 1.1532

40.625 1.1532
41.0156 1.15246

41.0156 1.15246
41.4062 1.15178

41.4062 1.15178
41.7969 1.15119

41.7969 1.15119
42.1875 1.15066

42.1875 1.15066
42.5781 1.15021

42.5781 1.15021
42.9688 1.14983

42.9688 1.14983
43.3594 1.14952

43.3594 1.14952
43.75 1.14926

43.75 1.14927
44.1406 1.14906

44.1406 1.14906
44.5312 1.14889

44.5312 1.1489
44.9219 1.14875

44.9219 1.14875
45.3125 1.14861

45.3125 1.14861
45.7031 1.14845

45.7031 1.14846
46.0938 1.14826

46.0938 1.14826
46.4844 1.148

46.4844 1.14801
46.875 1.14765

46.875 1.14766
47.2656 1.14719

47.2656 1.14719
47.6562 1.14658

47.6562 1.14658
48.0469 1.14579

48.0469 1.1458
48.4375 1.1448

48.4375 1.14481
48.8281 1.14358

48.8281 1.14358
49.2188 1.1421

49.2188 1.1421
49.6094 1.14033

49.6094 1.14034
50 1.13827

50 1.13827
50.3906 1.13589

50.3906 1.13589
50.7812 1.13318

50.7812 1.13318
51.1719 1.13014

51.1719 1.13014
51.5625 1.12678

51.5625 1.12677
51.9531 1.12308

51.9531 1.12308
52.3438 1.11908

52.3438 1.11907
52.7344 1.11478

52.7344 1.11477
53.125 1.11022

53.125 1.11021
53.5156 1.10541

53.5156 1.10541
53.9062 1.10041

53.9062 1.1004
54.2969 1.09524

54.2969 1.09523
54.6875 1.08994

54.6875 1.08993
55.0781 1.08456

55.0781 1.08455
55.4688 1.07914

55.4688 1.07913
55.8594 1.07372

55.8594 1.07371
56.25 1.06834

56.25 1.06833
56.6406 1.06303

56.6406 1.06302
57.0312 1.05784

57.0312 1.05783
57.4219 1.05279

57.4219 1.05279
57.8125 1.04791

57.8125 1.04791
58.2031 1.04323

58.2031 1.04322
58.5938 1.03875

58.5938 1.03874
58.9844 1.03449

58.9844 1.03449
59.375 1.03046

59.375 1.03046
59.7656 1.02666

59.7656 1.02666
60.1562 1.0231

60.1562 1.0231
60.5469 1.01978

60.5469 1.01978
60.9375 1.01668

60.9375 1.01668
61.3281 1.0138

61.3281 1.0138
61.7188 1.01113

61.7188 1.01113
62.1094 1.00867

62.1094 1.00867
62.5 1.0064

62.5 1.0064
62.8906 1.00431

62.8906 1.00431
63.2812 1.0024

63.2812 1.0024
63.6719 1.00065

63.6719 1.00065
64.0625 0.999057

64.0625 0.999059
64.4531 0.997615

64.4531 0.997616
64.8438 0.996314

64.8438 0.996316
65.2344 0.995151

65.2344 0.995152
65.625 0.994118

65.625 0.994119
66.0156 0.993213

66.0156 0.993214
66.4062 0.992432

66.4062 0.992432
66.7969 0.991771

66.7969 0.991772
67.1875 0.991229

67.1875 0.99123
67.5781 0.990804

67.5781 0.990804
67.9688 0.990492

67.9688 0.990492
68.3594 0.990292

68.3594 0.990292
68.75 0.990202

68.75 0.990202
69.1406 0.990218

69.1406 0.990219
69.5312 0.990339

69.5312 0.99034
69.9219 0.990561

69.9219 0.990562
70.3125 0.99088

70.3125 0.990881
70.7031 0.991292

70.7031 0.991293
71.0938 0.991791

71.0938 0.991792
71.4844 0.992372

71.4844 1.02654
71.875 0.958858

72.0465 0
72.0841 0.390625

72.1814 0.390625
72.0997 0.78125

71.875 1.15186
72.2656 0.811699

72.2656 0.884484
72.3067 0.78125

