6.64062 1.17181
6.28625 1.17188

6.64062 1.17182
7.03125 1.17166

7.03125 1.17166
7.42188 1.17139

7.42188 1.17139
7.8125 1.17103

7.8125 1.17103
8.20312 1.17057

8.20312 1.17057
8.59375 1.17002

8.59375 1.17001
8.98438 1.16938

8.98438 1.16937
9.375 1.16866

9.375 1.16865
9.76562 1.16786

9.76562 1.16786
10.1562 1.167

10.1562 1.167
10.5469 1.16608

10.5469 1.16608
10.9375 1.16511

10.9375 1.16511
11.3281 1.16411

11.3281 1.1641
11.7188 1.16307

11.7188 1.16307
12.1094 1.16201

12.1094 1.16201
12.5 1.16094

12.5 1.16094
12.8906 1.15988

12.8906 1.15988
13.2812 1.15882

13.2812 1.15882
13.6719 1.15779

13.6719 1.15778
14.0625 1.15678

14.0625 1.15678
14.4531 1.15582

14.4531 1.15582
14.8438 1.15491

14.8438 1.1549
15.2344 1.15405

15.2344 1.15405
15.625 1.15326

15.625 1.15326
16.0156 1.15255

16.0156 1.15255
16.4062 1.15192

16.4062 1.15191
16.7969 1.15137

16.7969 1.15137
17.1875 1.15092

17.1875 1.15092
17.5781 1.15056

17.5781 1.15056
17.9688 1.15031

17.9688 1.15031
18.3594 1.15015

18.3594 1.15015
18.75 1.15011

18.75 1.15011
19.1406 1.15016

19.1406 1.15016
19.5312 1.15032

19.5312 1.15032
19.9219 1.15059

19.9219 1.15059
20.3125 1.15095

20.3125 1.15095
20.7031 1.15141

20.7031 1.15141
21.0938 1.15196

21.0938 1.15196
21.4844 1.1526

21.4844 1.1526
21.875 1.15332

21.875 1.15332
22.2656 1.15411

22.2656 1.15412
22.6562 1.15498

22.6562 1.15498
23.0469 1.15589

23.0469 1.1559
23.4375 1.15686

23.4375 1.15686
23.8281 1.15787

23.8281 1.15787
24.2188 1.1589

24.2188 1.15891
24.6094 1.15996

24.6094 1.15996
25 1.16103

25 1.16103
25.3906 1.1621

25.3906 1.1621
25.7812 1.16315

25.7812 1.16315
26.1719 1.16419

26.1719 1.16419
26.5625 1.16519

26.5625 1.16519
26.9531 1.16616

26.9531 1.16616
27.3438 1.16707

27.3438 1.16707
27.7344 1.16793

27.7344 1.16793
28.125 1.16872

28.125 1.16872
28.5156 1.16943

28.5156 1.16943
28.9062 1.17006

28.9062 1.17007
29.2969 1.17061

29.2969 1.17061
29.6875 1.17106

29.6875 1.17106
30.0781 1.17142

30.0781 1.17142
30.4688 1.17168

30.4688 1.17167
30.8594 1.17183

31.6406 1.17181
31.2857 1.17188

31.6406 1.17182
32.0312 1.17166

32.0312 1.17166
32.4219 1.17139

32.4219 1.17139
32.8125 1.17103

32.8125 1.17103
33.2031 1.17057

33.2031 1.17057
33.5938 1.17002

33.5938 1.17001
33.9844 1.16938

33.9844 1.16937
34.375 1.16866

34.375 1.16865
34.7656 1.16786

34.7656 1.16786
35.1562 1.167

35.1562 1.167
35.5469 1.16608

35.5469 1.16608
35.9375 1.16511

35.9375 1.16511
36.3281 1.16411

36.3281 1.1641
36.7188 1.16307

36.7188 1.16307
37.1094 1.16201

37.1094 1.16201
37.5 1.16094

37.5 1.16094
37.8906 1.15988

37.8906 1.15988
38.2812 1.15882

38.2812 1.15882
38.6719 1.15779

38.6719 1.15778
39.0625 1.15678

39.0625 1.15678
39.4531 1.15581

39.4531 1.15581
39.8438 1.15489

39.8438 1.15489
40.2344 1.15403

40.2344 1.15403
40.625 1.15323

40.625 1.15323
41.0156 1.1525

41.0156 1.1525
41.4062 1.15185

41.4062 1.15185
41.7969 1.15128

41.7969 1.15128
42.1875 1.15078

42.1875 1.15078
42.5781 1.15038

42.5781 1.15038
42.9688 1.15005

42.9688 1.15005
43.3594 1.1498

43.3594 1.1498
43.75 1.14963

43.75 1.14963
44.1406 1.14953

44.1406 1.14953
44.5312 1.14949

44.5312 1.14949
44.9219 1.14949

44.9219 1.1495
45.3125 1.14954

45.3125 1.14954
45.7031 1.14959

45.7031 1.1496
46.0938 1.14965

46.0938 1.14966
46.4844 1.14969

46.4844 1.1497
46.875 1.14968

46.875 1.14969
47.2656 1.1496

47.2656 1.1496
47.6562 1.14941

47.6562 1.14942
48.0469 1.1491

48.0469 1.14911
48.4375 1.14863

48.4375 1.14864
48.8281 1.14798

48.8281 1.14798
49.2188 1.1471

49.2188 1.14711
49.6094 1.14598

49.6094 1.14599
50 1.14459

50 1.14459
50.3906 1.1429

50.3906 1.1429
50.7812 1.14089

50.7812 1.1409
51.1719 1.13856

51.1719 1.13856
51.5625 1.13588

51.5625 1.13588
51.9531 1.13285

51.9531 1.13285
52.3438 1.12948

52.3438 1.12947
52.7344 1.12576

52.7344 1.12576
53.125 1.12172

53.125 1.12171
53.5156 1.11737

53.5156 1.11736
53.9062 1.11273

53.9062 1.11272
54.2969 1.10784

54.2969 1.10783
54.6875 1.10273

54.6875 1.10272
55.0781 1.09744

55.0781 1.09743
55.4688 1.092

55.4688 1.09199
55.8594 1.08647

55.8594 1.08646
56.25 1.08088

56.25 1.08087
56.6406 1.07527

56.6406 1.07526
57.0312 1.0697

57.0312 1.06969
57.4219 1.06419

57.4219 1.06418
57.8125 1.05879

57.8125 1.05878
58.2031 1.05352

58.2031 1.05351
58.5938 1.04842

58.5938 1.04842
58.9844 1.04351

58.9844 1.04351
59.375 1.03882

59.375 1.03881
59.7656 1.03435

59.7656 1.03434
60.1562 1.03011

60.1562 1.03011
60.5469 1.02613

60.5469 1.02613
60.9375 1.02239

60.9375 1.02239
61.3281 1.01889

61.3281 1.01889
61.7188 1.01565

61.7188 1.01565
62.1094 1.01264

62.1094 1.01264
62.5 1.00987

62.5 1.00987
62.8906 1.00732

62.8906 1.00732
63.2812 1.00499

63.2812 1.00499
63.6719 1.00286

63.6719 1.00286
64.0625 1.00093

64.0625 1.00094
64.4531 0.999195

64.4531 0.999198
64.8438 0.997635

64.8438 0.997637
65.2344 0.996246

65.2344 0.996248
65.625 0.995019

65.625 0.995021
66.0156 0.993949

66.0156 0.99395
66.4062 0.993028

66.4062 0.993029
66.7969 0.99225

66.7969 0.992251
67.1875 0.991611

67.1875 0.991612
67.5781 0.991104

67.5781 0.991106
67.9688 0.990727

67.9688 0.990728
68.3594 0.990474

68.3594 0.990475
68.75 0.990341

68.75 0.990342
69.1406 0.990324

69.1406 0.990326
69.5312 0.990419

69.5312 0.99042
69.9219 0.99062

69.9219 0.990621
70.3125 0.990923

70.3125 0.990924
70.7031 0.991322

70.7031 0.991324
71.0938 0.991812

71.0938 0.991814
71.4844 0.992386

71.4844 0.992388
71.875 0.993038

71.875 0.99304
72.2656 0.99376

72.2656 0.993762
72.6562 0.994546

73.207 0
73.2446 0.390625

73.3395 0.390625
73.2627 0.78125

72.6562 1.03257
73.0469 0.957368

73.0469 1.15646
73.4375 0.803926

73.4375 0.863328
73.4695 0.78125

