6.64062 1.17181
6.28607 1.17188

6.64062 1.17182
7.03125 1.17166

7.03125 1.17166
7.42188 1.17139

7.42188 1.17139
7.8125 1.17103

7.8125 1.17103
8.20312 1.17057

8.20312 1.17057
8.59375 1.17002

8.59375 1.17001
8.98438 1.16938

8.98438 1.16937
9.375 1.16866

9.375 1.16865
9.76562 1.16786

9.76562 1.16786
10.1562 1.167

10.1562 1.167
10.5469 1.16608

10.5469 1.16608
10.9375 1.16511

10.9375 1.16511
11.3281 1.16411

11.3281 1.1641
11.7188 1.16307

11.7188 1.16307
12.1094 1.16201

12.1094 1.16201
12.5 1.16094

12.5 1.16094
12.8906 1.15988

12.8906 1.15988
13.2812 1.15882

13.2812 1.15882
13.6719 1.15779

13.6719 1.15778
14.0625 1.15678

14.0625 1.15678
14.4531 1.15582

14.4531 1.15582
14.8438 1.15491

14.8438 1.1549
15.2344 1.15405

15.2344 1.15405
15.625 1.15326

15.625 1.15326
16.0156 1.15255

16.0156 1.15255
16.4062 1.15192

16.4062 1.15191
16.7969 1.15137

16.7969 1.15137
17.1875 1.15092

17.1875 1.15092
17.5781 1.15056

17.5781 1.15056
17.9688 1.15031

17.9688 1.15031
18.3594 1.15015

18.3594 1.15015
18.75 1.1501

18.75 1.1501
19.1406 1.15016

19.1406 1.15016
19.5312 1.15032

19.5312 1.15032
19.9219 1.15059

19.9219 1.15059
20.3125 1.15095

20.3125 1.15095
20.7031 1.15141

20.7031 1.15141
21.0938 1.15196

21.0938 1.15196
21.4844 1.1526

21.4844 1.1526
21.875 1.15332

21.875 1.15332
22.2656 1.15411

22.2656 1.15412
22.6562 1.15498

22.6562 1.15498
23.0469 1.15589

23.0469 1.1559
23.4375 1.15686

23.4375 1.15686
23.8281 1.15787

23.8281 1.15787
24.2188 1.1589

24.2188 1.15891
24.6094 1.15996

24.6094 1.15996
25 1.16103

25 1.16103
25.3906 1.1621

25.3906 1.1621
25.7812 1.16315

25.7812 1.16315
26.1719 1.16419

26.1719 1.16419
26.5625 1.16519

26.5625 1.16519
26.9531 1.16616

26.9531 1.16616
27.3438 1.16707

27.3438 1.16707
27.7344 1.16793

27.7344 1.16793
28.125 1.16872

28.125 1.16872
28.5156 1.16943

28.5156 1.16943
28.9062 1.17006

28.9062 1.17007
29.2969 1.17061

29.2969 1.17061
29.6875 1.17106

29.6875 1.17106
30.0781 1.17142

30.0781 1.17142
30.4688 1.17168

30.4688 1.17167
30.8594 1.17183

31.6406 1.17181
31.286 1.17188

31.6406 1.17182
32.0312 1.17166

32.0312 1.17166
32.4219 1.17139

32.4219 1.17139
32.8125 1.17103

32.8125 1.17103
33.2031 1.17057

33.2031 1.17057
33.5938 1.17002

33.5938 1.17001
33.9844 1.16938

33.9844 1.16937
34.375 1.16866

34.375 1.16865
34.7656 1.16786

34.7656 1.16786
35.1562 1.167

35.1562 1.167
35.5469 1.16608

35.5469 1.16608
35.9375 1.16511

35.9375 1.16511
36.3281 1.16411

36.3281 1.1641
36.7188 1.16307

36.7188 1.16307
37.1094 1.16201

37.1094 1.16201
37.5 1.16095

37.5 1.16094
37.8906 1.15988

37.8906 1.15988
38.2812 1.15882

38.2812 1.15882
38.6719 1.15779

38.6719 1.15779
39.0625 1.15678

39.0625 1.15678
39.4531 1.15582

39.4531 1.15582
39.8438 1.15491

39.8438 1.1549
40.2344 1.15405

40.2344 1.15405
40.625 1.15326

40.625 1.15326
41.0156 1.15255

41.0156 1.15255
41.4062 1.15192

41.4062 1.15191
41.7969 1.15137

41.7969 1.15137
42.1875 1.15092

42.1875 1.15092
42.5781 1.15056

42.5781 1.15056
42.9688 1.15031

42.9688 1.15031
43.3594 1.15015

43.3594 1.15015
43.75 1.15011

43.75 1.15011
44.1406 1.15016

44.1406 1.15016
44.5312 1.15032

44.5312 1.15032
44.9219 1.15059

44.9219 1.15059
45.3125 1.15095

45.3125 1.15095
45.7031 1.15141

45.7031 1.15141
46.0938 1.15196

46.0938 1.15196
46.4844 1.1526

46.4844 1.1526
46.875 1.15332

46.875 1.15332
47.2656 1.15412

47.2656 1.15412
47.6562 1.15498

47.6562 1.15498
48.0469 1.15589

48.0469 1.1559
48.4375 1.15686

48.4375 1.15686
48.8281 1.15787

48.8281 1.15787
49.2188 1.15891

49.2188 1.15891
49.6094 1.15996

49.6094 1.15996
50 1.16103

50 1.16103
50.3906 1.1621

50.3906 1.1621
50.7812 1.16315

50.7812 1.16315
51.1719 1.16418

51.1719 1.16419
51.5625 1.16519

51.5625 1.16519
51.9531 1.16615

51.9531 1.16615
52.3438 1.16706

52.3438 1.16706
52.7344 1.16791

52.7344 1.16791
53.125 1.16869

53.125 1.16869
53.5156 1.16939

53.5156 1.16939
53.9062 1.17001

53.9062 1.17001
54.2969 1.17053

54.2969 1.17053
54.6875 1.17096

54.6875 1.17096
55.0781 1.17128

55.0781 1.17128
55.4688 1.17148

55.4688 1.17149
55.8594 1.17157

55.8594 1.17158
56.25 1.17154

56.25 1.17154
56.6406 1.17138

56.6406 1.17139
57.0312 1.1711

57.0312 1.1711
57.4219 1.17067

57.4219 1.17067
57.8125 1.17011

57.8125 1.17011
58.2031 1.16941

58.2031 1.16941
58.5938 1.16856

58.5938 1.16856
58.9844 1.16756

58.9844 1.16756
59.375 1.16641

59.375 1.16641
59.7656 1.1651

59.7656 1.16511
60.1562 1.16364

60.1562 1.16364
60.5469 1.162

60.5469 1.162
60.9375 1.1602

60.9375 1.1602
61.3281 1.15823

61.3281 1.15823
61.7188 1.15608

61.7188 1.15608
62.1094 1.15375

62.1094 1.15375
62.5 1.15123

62.5 1.15123
62.8906 1.14853

62.8906 1.14853
63.2812 1.14565

63.2812 1.14565
63.6719 1.14258

63.6719 1.14258
64.0625 1.13932

64.0625 1.13932
64.4531 1.13588

64.4531 1.13588
64.8438 1.13226

64.8438 1.13226
65.2344 1.12847

65.2344 1.12846
65.625 1.12451

65.625 1.12451
66.0156 1.1204

66.0156 1.12039
66.4062 1.11615

66.4062 1.11614
66.7969 1.11177

66.7969 1.11176
67.1875 1.10728

67.1875 1.10727
67.5781 1.1027

67.5781 1.10269
67.9688 1.09805

67.9688 1.09804
68.3594 1.09335

68.3594 1.09334
68.75 1.08863

68.75 1.08862
69.1406 1.08391

69.1406 1.0839
69.5312 1.07921

69.5312 1.0792
69.9219 1.07457

69.9219 1.07456
70.3125 1.07

70.3125 1.07
70.7031 1.06554

70.7031 1.06553
71.0938 1.0612

71.0938 1.06119
71.4844 1.057

71.4844 1.057
71.875 1.05298

71.875 1.05297
72.2656 1.04914

72.2656 1.04913
72.6562 1.04549

72.6562 1.04549
73.0469 1.04207

73.0469 1.04206
73.4375 1.03886

73.4375 1.03886
73.8281 1.03588

73.8281 1.03588
74.2188 1.03313

74.2188 1.03313
74.6094 1.03062

74.6094 1.03062
75 1.02833

75 1.02833
75.3906 1.02627

75.3906 1.02627
75.7812 1.02442

75.7812 1.02442
76.1719 1.02277

76.1719 1.02278
76.5625 1.02132

76.5625 1.02132
76.9531 1.02004

76.9531 1.02004
77.3438 1.01892

77.3438 1.01892
77.7344 1.01794

77.7344 1.01795
78.125 1.01709

78.125 1.01709
78.5156 1.01634

78.5156 1.01635
78.9062 1.01568

78.9062 1.01569
79.2969 1.01509

79.2969 1.0151
79.6875 1.01455

79.6875 1.01456
80.0781 1.01405

80.0781 1.01406
80.4688 1.01357

80.4688 1.01358
80.8594 1.0131

80.8594 1.0131
81.25 1.01262

81.25 1.01262
81.6406 1.01213

81.6406 1.01213
82.0312 1.0116

82.0312 1.01161
82.4219 1.01105

82.4219 1.01105
82.8125 1.01045

82.8125 1.01045
83.2031 1.00982

83.2031 1.00982
83.5938 1.00913

83.5938 1.00913
83.9844 1.0084

83.9844 1.0084
84.375 1.00762

84.375 1.00762
84.7656 1.0068

84.7656 1.00679
85.1562 1.00593

85.1562 1.00593
85.5469 1.00503

85.5469 1.00502
85.9375 1.00409

85.9375 1.00409
86.3281 1.00313

86.3281 1.00312
86.7188 1.00214

86.7188 1.00214
87.1094 1.00115

87.1094 1.00115
87.5 1.00015

87.5 1.00015
87.8906 0.999158

87.8906 0.999156
88.2812 0.998177

88.2812 0.998175
88.6719 0.997217

88.6719 0.997215
89.0625 0.996288

89.0625 0.996286
89.4531 0.995396

89.4531 0.995394
89.8438 0.994551

89.8438 0.99455
90.2344 0.993761

90.2344 0.993759
90.625 0.993032

90.625 0.993031
91.0156 0.992372

91.0156 0.992371
91.4062 0.991787

91.4062 0.991785
91.7969 0.991282

91.7969 1.06238
92.1875 0.919763

92.2588 0
92.2967 0.390625

92.3838 0.390625
92.3231 0.78125

92.1875 1.14343
92.5105 0.78125

