6.64062 1.17181
6.28624 1.17188

6.64062 1.17182
7.03125 1.17166

7.03125 1.17166
7.42188 1.17139

7.42188 1.17139
7.8125 1.17103

7.8125 1.17103
8.20312 1.17057

8.20312 1.17057
8.59375 1.17002

8.59375 1.17001
8.98438 1.16938

8.98438 1.16937
9.375 1.16866

9.375 1.16865
9.76562 1.16786

9.76562 1.16786
10.1562 1.167

10.1562 1.167
10.5469 1.16608

10.5469 1.16608
10.9375 1.16511

10.9375 1.16511
11.3281 1.16411

11.3281 1.1641
11.7188 1.16307

11.7188 1.16307
12.1094 1.16201

12.1094 1.16201
12.5 1.16094

12.5 1.16094
12.8906 1.15988

12.8906 1.15988
13.2812 1.15882

13.2812 1.15882
13.6719 1.15779

13.6719 1.15778
14.0625 1.15678

14.0625 1.15678
14.4531 1.15582

14.4531 1.15582
14.8438 1.15491

14.8438 1.1549
15.2344 1.15405

15.2344 1.15405
15.625 1.15326

15.625 1.15326
16.0156 1.15255

16.0156 1.15255
16.4062 1.15192

16.4062 1.15191
16.7969 1.15137

16.7969 1.15137
17.1875 1.15092

17.1875 1.15092
17.5781 1.15056

17.5781 1.15056
17.9688 1.15031

17.9688 1.15031
18.3594 1.15015

18.3594 1.15015
18.75 1.15011

18.75 1.15011
19.1406 1.15016

19.1406 1.15016
19.5312 1.15032

19.5312 1.15032
19.9219 1.15059

19.9219 1.15059
20.3125 1.15095

20.3125 1.15095
20.7031 1.15141

20.7031 1.15141
21.0938 1.15196

21.0938 1.15196
21.4844 1.1526

21.4844 1.1526
21.875 1.15332

21.875 1.15332
22.2656 1.15411

22.2656 1.15412
22.6562 1.15497

22.6562 1.15498
23.0469 1.15589

23.0469 1.1559
23.4375 1.15686

23.4375 1.15686
23.8281 1.15787

23.8281 1.15787
24.2188 1.1589

24.2188 1.15891
24.6094 1.15996

24.6094 1.15996
25 1.16103

25 1.16103
25.3906 1.1621

25.3906 1.1621
25.7812 1.16315

25.7812 1.16315
26.1719 1.16419

26.1719 1.16419
26.5625 1.16519

26.5625 1.16519
26.9531 1.16616

26.9531 1.16616
27.3438 1.16707

27.3438 1.16707
27.7344 1.16793

27.7344 1.16793
28.125 1.16872

28.125 1.16872
28.5156 1.16943

28.5156 1.16943
28.9062 1.17006

28.9062 1.17007
29.2969 1.17061

29.2969 1.17061
29.6875 1.17106

29.6875 1.17106
30.0781 1.17142

30.0781 1.17142
30.4688 1.17168

30.4688 1.17167
30.8594 1.17183

31.6406 1.17181
31.286 1.17188

31.6406 1.17182
32.0312 1.17166

32.0312 1.17166
32.4219 1.17139

32.4219 1.17139
32.8125 1.17103

32.8125 1.17103
33.2031 1.17057

33.2031 1.17057
33.5938 1.17002

33.5938 1.17001
33.9844 1.16938

33.9844 1.16937
34.375 1.16865

34.375 1.16865
34.7656 1.16786

34.7656 1.16786
35.1562 1.167

35.1562 1.167
35.5469 1.16608

35.5469 1.16608
35.9375 1.16511

35.9375 1.16511
36.3281 1.16411

36.3281 1.1641
36.7188 1.16307

36.7188 1.16307
37.1094 1.16201

37.1094 1.16201
37.5 1.16094

37.5 1.16094
37.8906 1.15988

37.8906 1.15988
38.2812 1.15882

38.2812 1.15882
38.6719 1.15779

38.6719 1.15778
39.0625 1.15678

39.0625 1.15678
39.4531 1.15582

39.4531 1.15581
39.8438 1.1549

39.8438 1.1549
40.2344 1.15404

40.2344 1.15404
40.625 1.15325

40.625 1.15325
41.0156 1.15253

41.0156 1.15252
41.4062 1.15188

41.4062 1.15188
41.7969 1.15132

41.7969 1.15132
42.1875 1.15084

42.1875 1.15084
42.5781 1.15045

42.5781 1.15045
42.9688 1.15015

42.9688 1.15015
43.3594 1.14994

43.3594 1.14994
43.75 1.14982

43.75 1.14982
44.1406 1.14977

44.1406 1.14977
44.5312 1.1498

44.5312 1.1498
44.9219 1.14989

44.9219 1.14989
45.3125 1.15003

45.3125 1.15003
45.7031 1.15022

45.7031 1.15022
46.0938 1.15042

46.0938 1.15043
46.4844 1.15063

46.4844 1.15064
46.875 1.15083

46.875 1.15084
47.2656 1.15099

47.2656 1.15099
47.6562 1.15108

47.6562 1.15108
48.0469 1.15107

48.0469 1.15108
48.4375 1.15095

48.4375 1.15096
48.8281 1.15068

48.8281 1.15069
49.2188 1.15022

49.2188 1.15023
49.6094 1.14956

49.6094 1.14957
50 1.14865

50 1.14866
50.3906 1.14748

50.3906 1.14749
50.7812 1.14601

50.7812 1.14602
51.1719 1.14423

51.1719 1.14423
51.5625 1.14211

51.5625 1.14212
51.9531 1.13965

51.9531 1.13965
52.3438 1.13683

52.3438 1.13683
52.7344 1.13365

52.7344 1.13365
53.125 1.13011

53.125 1.13011
53.5156 1.12623

53.5156 1.12622
53.9062 1.12201

53.9062 1.122
54.2969 1.11748

54.2969 1.11747
54.6875 1.11266

54.6875 1.11266
55.0781 1.1076

55.0781 1.10759
55.4688 1.10231

55.4688 1.1023
55.8594 1.09685

55.8594 1.09684
56.25 1.09125

56.25 1.09124
56.6406 1.08556

56.6406 1.08555
57.0312 1.07982

57.0312 1.07981
57.4219 1.07407

57.4219 1.07406
57.8125 1.06837

57.8125 1.06836
58.2031 1.06274

58.2031 1.06273
58.5938 1.05723

58.5938 1.05722
58.9844 1.05186

58.9844 1.05185
59.375 1.04667

59.375 1.04666
59.7656 1.04168

59.7656 1.04168
60.1562 1.03692

60.1562 1.03691
60.5469 1.03239

60.5469 1.03239
60.9375 1.02811

60.9375 1.02811
61.3281 1.02409

61.3281 1.02409
61.7188 1.02033

61.7188 1.02033
62.1094 1.01683

62.1094 1.01683
62.5 1.01359

62.5 1.01359
62.8906 1.0106

62.8906 1.0106
63.2812 1.00786

63.2812 1.00786
63.6719 1.00536

63.6719 1.00536
64.0625 1.00309

64.0625 1.00309
64.4531 1.00104

64.4531 1.00104
64.8438 0.999206

64.8438 0.999208
65.2344 0.997572

65.2344 0.997574
65.625 0.996131

65.625 0.996133
66.0156 0.994874

66.0156 0.994876
66.4062 0.993791

66.4062 0.993793
66.7969 0.992876

66.7969 0.992878
67.1875 0.992119

67.1875 0.992121
67.5781 0.991515

67.5781 0.991517
67.9688 0.991055

67.9688 0.991057
68.3594 0.990735

68.3594 0.990736
68.75 0.990546

68.75 0.990548
69.1406 0.990484

69.1406 0.990485
69.5312 0.990542

69.5312 0.990543
69.9219 0.990714

69.9219 0.990715
70.3125 0.990994

70.3125 0.990995
70.7031 0.991375

70.7031 0.991376
71.0938 0.991851

71.0938 0.991852
71.4844 0.992414

71.4844 0.992416
71.875 0.993058

71.875 0.99306
72.2656 0.993774

72.2656 0.993776
72.6562 0.994555

72.6562 0.994557
73.0469 0.995391

73.0469 0.995394
73.4375 0.996275

74.1481 0
74.1855 0.390625

74.2188 0.657352
74.1837 0.78125

73.4375 0.997669
73.8281 0.995806

73.8281 1.12304
74.2188 0.872302

74.2588 0.390625
74.2357 0.78125

74.2188 1.11304
74.3981 0.78125

