6.64062 1.17181
6.28614 1.17188

6.64062 1.17182
7.03125 1.17166

7.03125 1.17166
7.42188 1.17139

7.42188 1.17139
7.8125 1.17103

7.8125 1.17103
8.20312 1.17057

8.20312 1.17057
8.59375 1.17002

8.59375 1.17001
8.98438 1.16938

8.98438 1.16937
9.375 1.16866

9.375 1.16865
9.76562 1.16786

9.76562 1.16786
10.1562 1.167

10.1562 1.167
10.5469 1.16608

10.5469 1.16608
10.9375 1.16511

10.9375 1.16511
11.3281 1.16411

11.3281 1.1641
11.7188 1.16307

11.7188 1.16307
12.1094 1.16201

12.1094 1.16201
12.5 1.16094

12.5 1.16094
12.8906 1.15988

12.8906 1.15988
13.2812 1.15882

13.2812 1.15882
13.6719 1.15779

13.6719 1.15778
14.0625 1.15678

14.0625 1.15678
14.4531 1.15582

14.4531 1.15582
14.8438 1.15491

14.8438 1.1549
15.2344 1.15405

15.2344 1.15405
15.625 1.15326

15.625 1.15326
16.0156 1.15255

16.0156 1.15255
16.4062 1.15192

16.4062 1.15191
16.7969 1.15137

16.7969 1.15137
17.1875 1.15092

17.1875 1.15092
17.5781 1.15056

17.5781 1.15056
17.9688 1.15031

17.9688 1.15031
18.3594 1.15015

18.3594 1.15015
18.75 1.15011

18.75 1.15011
19.1406 1.15016

19.1406 1.15016
19.5312 1.15032

19.5312 1.15032
19.9219 1.15059

19.9219 1.15059
20.3125 1.15095

20.3125 1.15095
20.7031 1.15141

20.7031 1.15141
21.0938 1.15196

21.0938 1.15196
21.4844 1.1526

21.4844 1.1526
21.875 1.15332

21.875 1.15332
22.2656 1.15412

22.2656 1.15412
22.6562 1.15498

22.6562 1.15498
23.0469 1.15589

23.0469 1.1559
23.4375 1.15686

23.4375 1.15686
23.8281 1.15787

23.8281 1.15787
24.2188 1.15891

24.2188 1.15891
24.6094 1.15996

24.6094 1.15997
25 1.16103

25 1.16103
25.3906 1.1621

25.3906 1.1621
25.7812 1.16315

25.7812 1.16316
26.1719 1.16419

26.1719 1.16419
26.5625 1.16519

26.5625 1.1652
26.9531 1.16616

26.9531 1.16616
27.3438 1.16707

27.3438 1.16707
27.7344 1.16793

27.7344 1.16793
28.125 1.16872

28.125 1.16872
28.5156 1.16943

28.5156 1.16943
28.9062 1.17007

28.9062 1.17007
29.2969 1.17061

29.2969 1.17061
29.6875 1.17107

29.6875 1.17107
30.0781 1.17142

30.0781 1.17142
30.4688 1.17168

30.4688 1.17167
30.8594 1.17184

31.6406 1.17181
31.2893 1.17188

31.6406 1.17182
32.0312 1.17166

32.0312 1.17166
32.4219 1.17139

32.4219 1.17139
32.8125 1.17103

32.8125 1.17103
33.2031 1.17057

33.2031 1.17057
33.5938 1.17002

33.5938 1.17002
33.9844 1.16938

33.9844 1.16938
34.375 1.16866

34.375 1.16865
34.7656 1.16786

34.7656 1.16786
35.1562 1.167

35.1562 1.167
35.5469 1.16608

35.5469 1.16608
35.9375 1.16511

35.9375 1.16511
36.3281 1.1641

36.3281 1.1641
36.7188 1.16306

36.7188 1.16306
37.1094 1.162

37.1094 1.162
37.5 1.16093

37.5 1.16093
37.8906 1.15985

37.8906 1.15985
38.2812 1.15878

38.2812 1.15878
38.6719 1.15772

38.6719 1.15772
39.0625 1.15669

39.0625 1.15668
39.4531 1.15568

39.4531 1.15568
39.8438 1.1547

39.8438 1.1547
40.2344 1.15377

40.2344 1.15377
40.625 1.15288

40.625 1.15288
41.0156 1.15202

41.0156 1.15202
41.4062 1.15121

41.4062 1.15121
41.7969 1.15043

41.7969 1.15043
42.1875 1.14969

42.1875 1.14969
42.5781 1.14896

42.5781 1.14896
42.9688 1.14824

42.9688 1.14825
43.3594 1.14752

43.3594 1.14753
43.75 1.14678

43.75 1.14678
44.1406 1.14599

44.1406 1.146
44.5312 1.14514

44.5312 1.14515
44.9219 1.14421

44.9219 1.14422
45.3125 1.14316

45.3125 1.14317
45.7031 1.14198

45.7031 1.14198
46.0938 1.14063

46.0938 1.14063
46.4844 1.13909

46.4844 1.1391
46.875 1.13734

46.875 1.13734
47.2656 1.13535

47.2656 1.13536
47.6562 1.13311

47.6562 1.13311
48.0469 1.1306

48.0469 1.1306
48.4375 1.12781

48.4375 1.12781
48.8281 1.12473

48.8281 1.12473
49.2188 1.12137

49.2188 1.12137
49.6094 1.11773

49.6094 1.11773
50 1.11382

50 1.11382
50.3906 1.10966

50.3906 1.10966
50.7812 1.10528

50.7812 1.10527
51.1719 1.10069

51.1719 1.10068
51.5625 1.09594

51.5625 1.09593
51.9531 1.09106

51.9531 1.09105
52.3438 1.0861

52.3438 1.08609
52.7344 1.08108

52.7344 1.08107
53.125 1.07605

53.125 1.07604
53.5156 1.07104

53.5156 1.07103
53.9062 1.06611

53.9062 1.0661
54.2969 1.06127

54.2969 1.06127
54.6875 1.05657

54.6875 1.05657
55.0781 1.05203

55.0781 1.05203
55.4688 1.04767

55.4688 1.04767
55.8594 1.04351

55.8594 1.0435
56.25 1.03955

56.25 1.03955
56.6406 1.03582

56.6406 1.03582
57.0312 1.03231

57.0312 1.03231
57.4219 1.02901

57.4219 1.02901
57.8125 1.02593

57.8125 1.02593
58.2031 1.02306

58.2031 1.02306
58.5938 1.02038

58.5938 1.02039
58.9844 1.01789

58.9844 1.01789
59.375 1.01557

59.375 1.01557
59.7656 1.0134

59.7656 1.0134
60.1562 1.01138

60.1562 1.01138
60.5469 1.00949

60.5469 1.00949
60.9375 1.00771

60.9375 1.00772
61.3281 1.00605

61.3281 1.00605
61.7188 1.00448

61.7188 1.00448
62.1094 1.003

62.1094 1.003
62.5 1.0016

62.5 1.00161
62.8906 1.00029

62.8906 1.00029
63.2812 0.999048

63.2812 0.999048
63.6719 0.997882

63.6719 0.997882
64.0625 0.996789

64.0625 0.996788
64.4531 0.995769

64.4531 0.995769
64.8438 0.994826

64.8438 0.994825
65.2344 0.99396

65.2344 0.993959
65.625 0.993173

65.625 0.993173
66.0156 0.99247

66.0156 0.99247
66.4062 0.991854

66.4062 0.991853
66.7969 0.991326

66.7969 0.991325
67.1875 0.990889

67.1875 0.990889
67.5781 0.990547

67.5781 0.990547
67.9688 0.990301

67.9688 0.990301
68.3594 0.990152

68.3594 1.01449
68.75 0.965761

68.9527 0
68.9904 0.390625

69.0929 0.390625
69.001 0.78125

68.75 1.14118
69.1406 0.831707

69.1406 0.943806
69.2089 0.78125

