6.64062 1.17181
6.28613 1.17188

6.64062 1.17182
7.03125 1.17166

7.03125 1.17166
7.42188 1.17139

7.42188 1.17139
7.8125 1.17103

7.8125 1.17103
8.20312 1.17057

8.20312 1.17057
8.59375 1.17002

8.59375 1.17001
8.98438 1.16938

8.98438 1.16937
9.375 1.16866

9.375 1.16865
9.76562 1.16786

9.76562 1.16786
10.1562 1.167

10.1562 1.167
10.5469 1.16608

10.5469 1.16608
10.9375 1.16511

10.9375 1.16511
11.3281 1.16411

11.3281 1.1641
11.7188 1.16307

11.7188 1.16307
12.1094 1.16201

12.1094 1.16201
12.5 1.16094

12.5 1.16094
12.8906 1.15988

12.8906 1.15988
13.2812 1.15882

13.2812 1.15882
13.6719 1.15779

13.6719 1.15778
14.0625 1.15678

14.0625 1.15678
14.4531 1.15582

14.4531 1.15582
14.8438 1.15491

14.8438 1.1549
15.2344 1.15405

15.2344 1.15405
15.625 1.15326

15.625 1.15326
16.0156 1.15255

16.0156 1.15255
16.4062 1.15192

16.4062 1.15191
16.7969 1.15137

16.7969 1.15137
17.1875 1.15092

17.1875 1.15092
17.5781 1.15056

17.5781 1.15056
17.9688 1.15031

17.9688 1.15031
18.3594 1.15015

18.3594 1.15015
18.75 1.1501

18.75 1.1501
19.1406 1.15016

19.1406 1.15016
19.5312 1.15032

19.5312 1.15032
19.9219 1.15059

19.9219 1.15059
20.3125 1.15095

20.3125 1.15095
20.7031 1.15141

20.7031 1.15141
21.0938 1.15196

21.0938 1.15196
21.4844 1.1526

21.4844 1.1526
21.875 1.15332

21.875 1.15332
22.2656 1.15411

22.2656 1.15412
22.6562 1.15497

22.6562 1.15498
23.0469 1.15589

23.0469 1.1559
23.4375 1.15686

23.4375 1.15686
23.8281 1.15787

23.8281 1.15787
24.2188 1.1589

24.2188 1.15891
24.6094 1.15996

24.6094 1.15996
25 1.16103

25 1.16103
25.3906 1.1621

25.3906 1.1621
25.7812 1.16315

25.7812 1.16315
26.1719 1.16419

26.1719 1.16419
26.5625 1.16519

26.5625 1.16519
26.9531 1.16616

26.9531 1.16616
27.3438 1.16707

27.3438 1.16707
27.7344 1.16793

27.7344 1.16793
28.125 1.16872

28.125 1.16872
28.5156 1.16943

28.5156 1.16943
28.9062 1.17006

28.9062 1.17007
29.2969 1.17061

29.2969 1.17061
29.6875 1.17106

29.6875 1.17106
30.0781 1.17142

30.0781 1.17142
30.4688 1.17168

30.4688 1.17167
30.8594 1.17183

31.6406 1.17181
31.2861 1.17188

31.6406 1.17182
32.0312 1.17166

32.0312 1.17166
32.4219 1.17139

32.4219 1.17139
32.8125 1.17103

32.8125 1.17103
33.2031 1.17057

33.2031 1.17057
33.5938 1.17002

33.5938 1.17001
33.9844 1.16938

33.9844 1.16937
34.375 1.16866

34.375 1.16865
34.7656 1.16786

34.7656 1.16786
35.1562 1.167

35.1562 1.167
35.5469 1.16608

35.5469 1.16608
35.9375 1.16511

35.9375 1.16511
36.3281 1.16411

36.3281 1.1641
36.7188 1.16307

36.7188 1.16307
37.1094 1.16201

37.1094 1.16201
37.5 1.16094

37.5 1.16094
37.8906 1.15988

37.8906 1.15988
38.2812 1.15882

38.2812 1.15882
38.6719 1.15779

38.6719 1.15778
39.0625 1.15678

39.0625 1.15678
39.4531 1.15582

39.4531 1.15582
39.8438 1.15491

39.8438 1.1549
40.2344 1.15405

40.2344 1.15405
40.625 1.15326

40.625 1.15326
41.0156 1.15255

41.0156 1.15255
41.4062 1.15192

41.4062 1.15191
41.7969 1.15137

41.7969 1.15137
42.1875 1.15092

42.1875 1.15092
42.5781 1.15056

42.5781 1.15056
42.9688 1.15031

42.9688 1.15031
43.3594 1.15015

43.3594 1.15015
43.75 1.15011

43.75 1.15011
44.1406 1.15016

44.1406 1.15016
44.5312 1.15032

44.5312 1.15032
44.9219 1.15059

44.9219 1.15059
45.3125 1.15095

45.3125 1.15095
45.7031 1.15141

45.7031 1.15141
46.0938 1.15196

46.0938 1.15196
46.4844 1.1526

46.4844 1.1526
46.875 1.15331

46.875 1.15332
47.2656 1.1541

47.2656 1.15411
47.6562 1.15496

47.6562 1.15496
48.0469 1.15587

48.0469 1.15587
48.4375 1.15682

48.4375 1.15682
48.8281 1.15781

48.8281 1.15781
49.2188 1.15883

49.2188 1.15883
49.6094 1.15985

49.6094 1.15986
50 1.16088

50 1.16088
50.3906 1.16189

50.3906 1.1619
50.7812 1.16288

50.7812 1.16288
51.1719 1.16382

51.1719 1.16383
51.5625 1.16471

51.5625 1.16472
51.9531 1.16553

51.9531 1.16553
52.3438 1.16626

52.3438 1.16626
52.7344 1.16688

52.7344 1.16689
53.125 1.16739

53.125 1.16739
53.5156 1.16775

53.5156 1.16775
53.9062 1.16795

53.9062 1.16796
54.2969 1.16798

54.2969 1.16799
54.6875 1.16782

54.6875 1.16782
55.0781 1.16743

55.0781 1.16744
55.4688 1.16682

55.4688 1.16682
55.8594 1.16595

55.8594 1.16596
56.25 1.16482

56.25 1.16482
56.6406 1.1634

56.6406 1.1634
57.0312 1.16167

57.0312 1.16168
57.4219 1.15964

57.4219 1.15964
57.8125 1.15728

57.8125 1.15728
58.2031 1.15458

58.2031 1.15458
58.5938 1.15155

58.5938 1.15155
58.9844 1.14817

58.9844 1.14817
59.375 1.14446

59.375 1.14446
59.7656 1.14042

59.7656 1.14041
60.1562 1.13605

60.1562 1.13604
60.5469 1.13137

60.5469 1.13137
60.9375 1.12641

60.9375 1.12641
61.3281 1.12119

61.3281 1.12118
61.7188 1.11572

61.7188 1.11571
62.1094 1.11005

62.1094 1.11004
62.5 1.10421

62.5 1.1042
62.8906 1.09824

62.8906 1.09823
63.2812 1.09217

63.2812 1.09216
63.6719 1.08606

63.6719 1.08604
64.0625 1.07993

64.0625 1.07992
64.4531 1.07383

64.4531 1.07382
64.8438 1.06781

64.8438 1.0678
65.2344 1.0619

65.2344 1.06189
65.625 1.05614

65.625 1.05613
66.0156 1.05057

66.0156 1.05057
66.4062 1.04523

66.4062 1.04522
66.7969 1.04014

66.7969 1.04013
67.1875 1.03532

67.1875 1.03532
67.5781 1.03081

67.5781 1.0308
67.9688 1.02661

67.9688 1.02661
68.3594 1.02274

68.3594 1.02274
68.75 1.01921

68.75 1.01921
69.1406 1.01602

69.1406 1.01602
69.5312 1.01317

69.5312 1.01317
69.9219 1.01067

69.9219 1.01067
70.3125 1.00849

70.3125 1.00849
70.7031 1.00664

70.7031 1.00664
71.0938 1.00509

71.0938 1.0051
71.4844 1.00384

71.4844 1.00384
71.875 1.00286

71.875 1.00287
72.2656 1.00214

72.2656 1.00215
72.6562 1.00165

72.6562 1.00166
73.0469 1.00138

73.0469 1.00139
73.4375 1.0013

73.4375 1.0013
73.8281 1.00139

73.8281 1.00139
74.2188 1.00162

74.2188 1.00162
74.6094 1.00198

74.6094 1.00198
75 1.00244

75 1.00244
75.3906 1.00298

75.3906 1.00299
75.7812 1.00359

75.7812 1.00359
76.1719 1.00424

76.1719 1.00424
76.5625 1.00491

76.5625 1.00491
76.9531 1.00559

76.9531 1.0056
77.3438 1.00627

77.3438 1.00627
77.7344 1.00692

77.7344 1.00692
78.125 1.00754

78.125 1.00754
78.5156 1.00811

78.5156 1.00811
78.9062 1.00863

78.9062 1.00863
79.2969 1.00908

79.2969 1.00908
79.6875 1.00946

79.6875 1.00946
80.0781 1.00976

80.0781 1.00976
80.4688 1.00997

80.4688 1.00997
80.8594 1.0101

80.8594 1.0101
81.25 1.01013

81.25 1.01013
81.6406 1.01007

81.6406 1.01007
82.0312 1.00992

82.0312 1.00992
82.4219 1.00968

82.4219 1.00968
82.8125 1.00935

82.8125 1.00934
83.2031 1.00892

83.2031 1.00892
83.5938 1.00842

83.5938 1.00842
83.9844 1.00783

83.9844 1.03319
84.375 0.981813

84.575 0
84.6125 0.390625

84.7052 0.390625
84.6321 0.78125

84.375 1.16445
84.7656 0.84022

84.7656 0.956595
84.8356 0.78125

