6.64062 1.17181
6.28619 1.17188

6.64062 1.17182
7.03125 1.17166

7.03125 1.17166
7.42188 1.17139

7.42188 1.17139
7.8125 1.17103

7.8125 1.17103
8.20312 1.17057

8.20312 1.17057
8.59375 1.17002

8.59375 1.17001
8.98438 1.16938

8.98438 1.16937
9.375 1.16866

9.375 1.16865
9.76562 1.16786

9.76562 1.16786
10.1562 1.167

10.1562 1.167
10.5469 1.16608

10.5469 1.16608
10.9375 1.16511

10.9375 1.16511
11.3281 1.16411

11.3281 1.1641
11.7188 1.16307

11.7188 1.16307
12.1094 1.16201

12.1094 1.16201
12.5 1.16094

12.5 1.16094
12.8906 1.15988

12.8906 1.15988
13.2812 1.15882

13.2812 1.15882
13.6719 1.15779

13.6719 1.15778
14.0625 1.15678

14.0625 1.15678
14.4531 1.15582

14.4531 1.15582
14.8438 1.15491

14.8438 1.1549
15.2344 1.15405

15.2344 1.15405
15.625 1.15326

15.625 1.15326
16.0156 1.15255

16.0156 1.15255
16.4062 1.15192

16.4062 1.15191
16.7969 1.15137

16.7969 1.15137
17.1875 1.15092

17.1875 1.15092
17.5781 1.15056

17.5781 1.15056
17.9688 1.15031

17.9688 1.15031
18.3594 1.15015

18.3594 1.15015
18.75 1.15011

18.75 1.15011
19.1406 1.15016

19.1406 1.15016
19.5312 1.15032

19.5312 1.15032
19.9219 1.15059

19.9219 1.15059
20.3125 1.15095

20.3125 1.15095
20.7031 1.15141

20.7031 1.15141
21.0938 1.15196

21.0938 1.15196
21.4844 1.1526

21.4844 1.1526
21.875 1.15332

21.875 1.15332
22.2656 1.15412

22.2656 1.15412
22.6562 1.15498

22.6562 1.15498
23.0469 1.15589

23.0469 1.1559
23.4375 1.15686

23.4375 1.15686
23.8281 1.15787

23.8281 1.15787
24.2188 1.1589

24.2188 1.15891
24.6094 1.15996

24.6094 1.15996
25 1.16103

25 1.16103
25.3906 1.1621

25.3906 1.1621
25.7812 1.16315

25.7812 1.16315
26.1719 1.16419

26.1719 1.16419
26.5625 1.16519

26.5625 1.16519
26.9531 1.16616

26.9531 1.16616
27.3438 1.16707

27.3438 1.16707
27.7344 1.16793

27.7344 1.16793
28.125 1.16872

28.125 1.16872
28.5156 1.16943

28.5156 1.16943
28.9062 1.17006

28.9062 1.17007
29.2969 1.17061

29.2969 1.17061
29.6875 1.17106

29.6875 1.17106
30.0781 1.17142

30.0781 1.17142
30.4688 1.17168

30.4688 1.17167
30.8594 1.17183

31.6406 1.17181
31.2851 1.17188

31.6406 1.17182
32.0312 1.17166

32.0312 1.17166
32.4219 1.17139

32.4219 1.17139
32.8125 1.17103

32.8125 1.17103
33.2031 1.17057

33.2031 1.17057
33.5938 1.17002

33.5938 1.17001
33.9844 1.16938

33.9844 1.16937
34.375 1.16865

34.375 1.16865
34.7656 1.16786

34.7656 1.16786
35.1562 1.167

35.1562 1.167
35.5469 1.16608

35.5469 1.16608
35.9375 1.16511

35.9375 1.16511
36.3281 1.16411

36.3281 1.1641
36.7188 1.16307

36.7188 1.16307
37.1094 1.16201

37.1094 1.16201
37.5 1.16094

37.5 1.16094
37.8906 1.15988

37.8906 1.15988
38.2812 1.15882

38.2812 1.15882
38.6719 1.15779

38.6719 1.15778
39.0625 1.15678

39.0625 1.15678
39.4531 1.15582

39.4531 1.15582
39.8438 1.15491

39.8438 1.1549
40.2344 1.15405

40.2344 1.15405
40.625 1.15326

40.625 1.15326
41.0156 1.15255

41.0156 1.15255
41.4062 1.15191

41.4062 1.15191
41.7969 1.15137

41.7969 1.15137
42.1875 1.15091

42.1875 1.15091
42.5781 1.15055

42.5781 1.15055
42.9688 1.15029

42.9688 1.15029
43.3594 1.15013

43.3594 1.15013
43.75 1.15008

43.75 1.15008
44.1406 1.15012

44.1406 1.15012
44.5312 1.15026

44.5312 1.15026
44.9219 1.1505

44.9219 1.1505
45.3125 1.15083

45.3125 1.15083
45.7031 1.15124

45.7031 1.15125
46.0938 1.15173

46.0938 1.15174
46.4844 1.15229

46.4844 1.1523
46.875 1.15291

46.875 1.15291
47.2656 1.15357

47.2656 1.15357
47.6562 1.15426

47.6562 1.15426
48.0469 1.15496

48.0469 1.15496
48.4375 1.15566

48.4375 1.15566
48.8281 1.15633

48.8281 1.15633
49.2188 1.15695

49.2188 1.15695
49.6094 1.1575

49.6094 1.1575
50 1.15795

50 1.15795
50.3906 1.15827

50.3906 1.15828
50.7812 1.15845

50.7812 1.15846
51.1719 1.15844

51.1719 1.15845
51.5625 1.15823

51.5625 1.15824
51.9531 1.15778

51.9531 1.15779
52.3438 1.15706

52.3438 1.15707
52.7344 1.15605

52.7344 1.15606
53.125 1.15473

53.125 1.15473
53.5156 1.15306

53.5156 1.15306
53.9062 1.15104

53.9062 1.15104
54.2969 1.14865

54.2969 1.14865
54.6875 1.14587

54.6875 1.14587
55.0781 1.14271

55.0781 1.14271
55.4688 1.13916

55.4688 1.13916
55.8594 1.13524

55.8594 1.13523
56.25 1.13094

56.25 1.13094
56.6406 1.1263

56.6406 1.1263
57.0312 1.12134

57.0312 1.12133
57.4219 1.11607

57.4219 1.11606
57.8125 1.11055

57.8125 1.11054
58.2031 1.1048

58.2031 1.10479
58.5938 1.09887

58.5938 1.09885
58.9844 1.0928

58.9844 1.09278
59.375 1.08663

59.375 1.08662
59.7656 1.08042

59.7656 1.08041
60.1562 1.07421

60.1562 1.0742
60.5469 1.06805

60.5469 1.06804
60.9375 1.06198

60.9375 1.06197
61.3281 1.05603

61.3281 1.05602
61.7188 1.05025

61.7188 1.05025
62.1094 1.04468

62.1094 1.04467
62.5 1.03933

62.5 1.03933
62.8906 1.03424

62.8906 1.03424
63.2812 1.02943

63.2812 1.02942
63.6719 1.0249

63.6719 1.0249
64.0625 1.02069

64.0625 1.02068
64.4531 1.01678

64.4531 1.01678
64.8438 1.01319

64.8438 1.01319
65.2344 1.00992

65.2344 1.00992
65.625 1.00696

65.625 1.00696
66.0156 1.00431

66.0156 1.00431
66.4062 1.00196

66.4062 1.00196
66.7969 0.999896

66.7969 0.999899
67.1875 0.998116

67.1875 0.998119
67.5781 0.996602

67.5781 0.996605
67.9688 0.995342

67.9688 0.995346
68.3594 0.994322

68.3594 0.994326
68.75 0.993528

68.75 0.993531
69.1406 0.992945

69.1406 0.992948
69.5312 0.992558

69.5312 0.992562
69.9219 0.992354

69.9219 0.992357
70.3125 0.992318

70.3125 0.992321
70.7031 0.992436

70.7031 0.992439
71.0938 0.992694

71.0938 0.992697
71.4844 0.993079

71.4844 0.993082
71.875 0.993577

71.875 0.99358
72.2656 0.994176

72.2656 0.994179
72.6562 0.994863

72.6562 0.994866
73.0469 0.995625

73.0469 0.995628
73.4375 0.996451

73.4375 0.996453
73.8281 0.997327

73.8281 0.99733
74.2188 0.998243

74.2188 0.998245
74.6094 0.999186

74.6094 0.999189
75 1.00015

75 1.00015
75.3906 1.00111

75.3906 1.00111
75.7812 1.00207

75.7812 1.00207
76.1719 1.00302

76.1719 1.00302
76.5625 1.00393

76.5625 1.00394
76.9531 1.00482

76.9531 1.00482
77.3438 1.00566

78.0745 0
78.1117 0.390625

78.125 0.72478
78.1092 0.78125

77.3438 1.0058
77.7344 1.0063

77.7344 1.1269
78.125 0.886714

78.179 0.390625
78.1582 0.78125

78.125 1.13618
78.3263 0.78125

