6.64062 1.17181
6.2865 1.17188

6.64062 1.17182
7.03125 1.17166

7.03125 1.17166
7.42188 1.17139

7.42188 1.17139
7.8125 1.17103

7.8125 1.17103
8.20312 1.17057

8.20312 1.17057
8.59375 1.17002

8.59375 1.17001
8.98438 1.16938

8.98438 1.16937
9.375 1.16866

9.375 1.16865
9.76562 1.16786

9.76562 1.16786
10.1562 1.167

10.1562 1.167
10.5469 1.16608

10.5469 1.16608
10.9375 1.16511

10.9375 1.16511
11.3281 1.16411

11.3281 1.1641
11.7188 1.16307

11.7188 1.16307
12.1094 1.16201

12.1094 1.16201
12.5 1.16094

12.5 1.16094
12.8906 1.15988

12.8906 1.15988
13.2812 1.15882

13.2812 1.15882
13.6719 1.15779

13.6719 1.15778
14.0625 1.15678

14.0625 1.15678
14.4531 1.15582

14.4531 1.15582
14.8438 1.15491

14.8438 1.1549
15.2344 1.15405

15.2344 1.15405
15.625 1.15326

15.625 1.15326
16.0156 1.15255

16.0156 1.15255
16.4062 1.15192

16.4062 1.15191
16.7969 1.15137

16.7969 1.15137
17.1875 1.15092

17.1875 1.15092
17.5781 1.15056

17.5781 1.15056
17.9688 1.15031

17.9688 1.15031
18.3594 1.15015

18.3594 1.15015
18.75 1.15011

18.75 1.15011
19.1406 1.15016

19.1406 1.15016
19.5312 1.15032

19.5312 1.15032
19.9219 1.15059

19.9219 1.15059
20.3125 1.15095

20.3125 1.15095
20.7031 1.15141

20.7031 1.15141
21.0938 1.15196

21.0938 1.15196
21.4844 1.1526

21.4844 1.1526
21.875 1.15332

21.875 1.15332
22.2656 1.15411

22.2656 1.15412
22.6562 1.15498

22.6562 1.15498
23.0469 1.15589

23.0469 1.1559
23.4375 1.15686

23.4375 1.15686
23.8281 1.15787

23.8281 1.15787
24.2188 1.15891

24.2188 1.15891
24.6094 1.15996

24.6094 1.15997
25 1.16103

25 1.16103
25.3906 1.1621

25.3906 1.1621
25.7812 1.16315

25.7812 1.16316
26.1719 1.16419

26.1719 1.16419
26.5625 1.16519

26.5625 1.1652
26.9531 1.16616

26.9531 1.16616
27.3438 1.16707

27.3438 1.16708
27.7344 1.16793

27.7344 1.16793
28.125 1.16872

28.125 1.16872
28.5156 1.16943

28.5156 1.16944
28.9062 1.17007

28.9062 1.17007
29.2969 1.17061

29.2969 1.17061
29.6875 1.17107

29.6875 1.17107
30.0781 1.17142

30.0781 1.17142
30.4688 1.17168

30.4688 1.17168
30.8594 1.17183

30.8594 1.17183
31.2492 1.17188

31.25 1.17187
31.6406 1.17181

31.6406 1.17181
32.0312 1.17165

32.0312 1.17165
32.4219 1.17137

32.4219 1.17137
32.8125 1.17099

32.8125 1.17099
33.2031 1.17051

33.2031 1.17051
33.5938 1.16993

33.5938 1.16993
33.9844 1.16924

33.9844 1.16924
34.375 1.16846

34.375 1.16846
34.7656 1.16758

34.7656 1.16758
35.1562 1.1666

35.1562 1.16661
35.5469 1.16553

35.5469 1.16553
35.9375 1.16436

35.9375 1.16436
36.3281 1.16308

36.3281 1.16308
36.7188 1.1617

36.7188 1.1617
37.1094 1.1602

37.1094 1.1602
37.5 1.15858

37.5 1.15858
37.8906 1.15681

37.8906 1.15682
38.2812 1.1549

38.2812 1.15491
38.6719 1.15283

38.6719 1.15283
39.0625 1.15057

39.0625 1.15057
39.4531 1.14811

39.4531 1.14811
39.8438 1.14544

39.8438 1.14544
40.2344 1.14253

40.2344 1.14253
40.625 1.13937

40.625 1.13938
41.0156 1.13596

41.0156 1.13596
41.4062 1.13227

41.4062 1.13227
41.7969 1.12831

41.7969 1.12831
42.1875 1.12407

42.1875 1.12407
42.5781 1.11957

42.5781 1.11956
42.9688 1.11481

42.9688 1.1148
43.3594 1.10981

43.3594 1.1098
43.75 1.1046

43.75 1.10459
44.1406 1.09921

44.1406 1.0992
44.5312 1.09368

44.5312 1.09367
44.9219 1.08804

44.9219 1.08803
45.3125 1.08236

45.3125 1.08235
45.7031 1.07667

45.7031 1.07666
46.0938 1.07102

46.0938 1.07101
46.4844 1.06548

46.4844 1.06546
46.875 1.06008

46.875 1.06007
47.2656 1.05487

47.2656 1.05486
47.6562 1.0499

47.6562 1.04989
48.0469 1.0452

48.0469 1.04519
48.4375 1.0408

48.4375 1.04079
48.8281 1.03673

48.8281 1.03673
49.2188 1.03301

49.2188 1.033
49.6094 1.02964

49.6094 1.02964
50 1.02662

50 1.02662
50.3906 1.02396

50.3906 1.02397
50.7812 1.02164

50.7812 1.02165
51.1719 1.01965

51.1719 1.01966
51.5625 1.01796

51.5625 1.01797
51.9531 1.01655

51.9531 1.01656
52.3438 1.01539

52.3438 1.01539
52.7344 1.01445

52.7344 1.01445
53.125 1.01369

53.125 1.0137
53.5156 1.0131

53.5156 1.01311
53.9062 1.01263

53.9062 1.01264
54.2969 1.01226

54.2969 1.01227
54.6875 1.01196

54.6875 1.01197
55.0781 1.01171

55.0781 1.01171
55.4688 1.01147

55.4688 1.01148
55.8594 1.01124

55.8594 1.01124
56.25 1.01099

56.25 1.01099
56.6406 1.01071

56.6406 1.01071
57.0312 1.01038

57.0312 1.01039
57.4219 1.01001

57.4219 1.01001
57.8125 1.00958

57.8125 1.00958
58.2031 1.00908

58.2031 1.00908
58.5938 1.00852

58.5938 1.00852
58.9844 1.0079

58.9844 1.0079
59.375 1.00721

59.375 1.00721
59.7656 1.00647

59.7656 1.00646
60.1562 1.00567

60.7299 0
60.7672 0.390625

60.8594 0.390625
60.7872 0.78125

60.1562 1.03637
60.5469 0.974115

60.5469 1.16544
60.9375 0.826053

60.9375 0.918378
60.9912 0.78125

