6.64062 1.17181
6.28619 1.17188

6.64062 1.17182
7.03125 1.17166

7.03125 1.17166
7.42188 1.17139

7.42188 1.17139
7.8125 1.17103

7.8125 1.17103
8.20312 1.17057

8.20312 1.17057
8.59375 1.17002

8.59375 1.17001
8.98438 1.16938

8.98438 1.16937
9.375 1.16866

9.375 1.16865
9.76562 1.16786

9.76562 1.16786
10.1562 1.167

10.1562 1.167
10.5469 1.16608

10.5469 1.16608
10.9375 1.16511

10.9375 1.16511
11.3281 1.16411

11.3281 1.1641
11.7188 1.16307

11.7188 1.16307
12.1094 1.16201

12.1094 1.16201
12.5 1.16094

12.5 1.16094
12.8906 1.15988

12.8906 1.15988
13.2812 1.15882

13.2812 1.15882
13.6719 1.15779

13.6719 1.15778
14.0625 1.15678

14.0625 1.15678
14.4531 1.15582

14.4531 1.15582
14.8438 1.15491

14.8438 1.1549
15.2344 1.15405

15.2344 1.15405
15.625 1.15326

15.625 1.15326
16.0156 1.15255

16.0156 1.15255
16.4062 1.15192

16.4062 1.15191
16.7969 1.15137

16.7969 1.15137
17.1875 1.15092

17.1875 1.15092
17.5781 1.15056

17.5781 1.15056
17.9688 1.15031

17.9688 1.15031
18.3594 1.15015

18.3594 1.15015
18.75 1.15011

18.75 1.15011
19.1406 1.15016

19.1406 1.15016
19.5312 1.15032

19.5312 1.15032
19.9219 1.15059

19.9219 1.15059
20.3125 1.15095

20.3125 1.15095
20.7031 1.15141

20.7031 1.15141
21.0938 1.15196

21.0938 1.15196
21.4844 1.1526

21.4844 1.1526
21.875 1.15332

21.875 1.15332
22.2656 1.15412

22.2656 1.15412
22.6562 1.15498

22.6562 1.15498
23.0469 1.15589

23.0469 1.1559
23.4375 1.15686

23.4375 1.15686
23.8281 1.15787

23.8281 1.15787
24.2188 1.1589

24.2188 1.15891
24.6094 1.15996

24.6094 1.15996
25 1.16103

25 1.16103
25.3906 1.1621

25.3906 1.1621
25.7812 1.16315

25.7812 1.16316
26.1719 1.16419

26.1719 1.16419
26.5625 1.16519

26.5625 1.1652
26.9531 1.16616

26.9531 1.16616
27.3438 1.16707

27.3438 1.16707
27.7344 1.16793

27.7344 1.16793
28.125 1.16872

28.125 1.16872
28.5156 1.16943

28.5156 1.16943
28.9062 1.17006

28.9062 1.17007
29.2969 1.17061

29.2969 1.17061
29.6875 1.17106

29.6875 1.17107
30.0781 1.17142

30.0781 1.17142
30.4688 1.17168

30.4688 1.17167
30.8594 1.17183

31.6406 1.17181
31.2871 1.17188

31.6406 1.17182
32.0312 1.17166

32.0312 1.17166
32.4219 1.17139

32.4219 1.17139
32.8125 1.17103

32.8125 1.17103
33.2031 1.17057

33.2031 1.17057
33.5938 1.17002

33.5938 1.17001
33.9844 1.16938

33.9844 1.16937
34.375 1.16866

34.375 1.16865
34.7656 1.16786

34.7656 1.16786
35.1562 1.167

35.1562 1.167
35.5469 1.16608

35.5469 1.16608
35.9375 1.16511

35.9375 1.16511
36.3281 1.16411

36.3281 1.1641
36.7188 1.16307

36.7188 1.16307
37.1094 1.16201

37.1094 1.16201
37.5 1.16095

37.5 1.16094
37.8906 1.15988

37.8906 1.15988
38.2812 1.15882

38.2812 1.15882
38.6719 1.15779

38.6719 1.15779
39.0625 1.15678

39.0625 1.15678
39.4531 1.15582

39.4531 1.15582
39.8438 1.15491

39.8438 1.1549
40.2344 1.15405

40.2344 1.15405
40.625 1.15326

40.625 1.15326
41.0156 1.15255

41.0156 1.15254
41.4062 1.15191

41.4062 1.15191
41.7969 1.15136

41.7969 1.15136
42.1875 1.15091

42.1875 1.15091
42.5781 1.15054

42.5781 1.15054
42.9688 1.15028

42.9688 1.15028
43.3594 1.15011

43.3594 1.15011
43.75 1.15005

43.75 1.15005
44.1406 1.15008

44.1406 1.15008
44.5312 1.1502

44.5312 1.1502
44.9219 1.15042

44.9219 1.15042
45.3125 1.15072

45.3125 1.15072
45.7031 1.1511

45.7031 1.1511
46.0938 1.15154

46.0938 1.15155
46.4844 1.15205

46.4844 1.15205
46.875 1.15259

46.875 1.15259
47.2656 1.15316

47.2656 1.15317
47.6562 1.15374

47.6562 1.15375
48.0469 1.15431

48.0469 1.15432
48.4375 1.15485

48.4375 1.15486
48.8281 1.15533

48.8281 1.15534
49.2188 1.15574

49.2188 1.15574
49.6094 1.15603

49.6094 1.15604
50 1.15619

50 1.1562
50.3906 1.15618

50.3906 1.15619
50.7812 1.15598

50.7812 1.15599
51.1719 1.15556

51.1719 1.15556
51.5625 1.15488

51.5625 1.15488
51.9531 1.15392

51.9531 1.15392
52.3438 1.15265

52.3438 1.15266
52.7344 1.15106

52.7344 1.15106
53.125 1.14911

53.125 1.14911
53.5156 1.1468

53.5156 1.1468
53.9062 1.14411

53.9062 1.14411
54.2969 1.14104

54.2969 1.14104
54.6875 1.13759

54.6875 1.13759
55.0781 1.13377

55.0781 1.13376
55.4688 1.12957

55.4688 1.12957
55.8594 1.12504

55.8594 1.12503
56.25 1.12017

56.25 1.12017
56.6406 1.11502

56.6406 1.11501
57.0312 1.1096

57.0312 1.10959
57.4219 1.10396

57.4219 1.10394
57.8125 1.09813

57.8125 1.09812
58.2031 1.09217

58.2031 1.09216
58.5938 1.08612

58.5938 1.08611
58.9844 1.08002

58.9844 1.08001
59.375 1.07392

59.375 1.07391
59.7656 1.06786

59.7656 1.06785
60.1562 1.06189

60.1562 1.06188
60.5469 1.05605

60.5469 1.05604
60.9375 1.05037

60.9375 1.05036
61.3281 1.04488

61.3281 1.04487
61.7188 1.03962

61.7188 1.03961
62.1094 1.0346

62.1094 1.0346
62.5 1.02985

62.5 1.02985
62.8906 1.02538

62.8906 1.02538
63.2812 1.0212

63.2812 1.0212
63.6719 1.01733

63.6719 1.01732
64.0625 1.01375

64.0625 1.01375
64.4531 1.01047

64.4531 1.01047
64.8438 1.00749

64.8438 1.00749
65.2344 1.0048

65.2344 1.0048
65.625 1.0024

65.625 1.0024
66.0156 1.00027

66.0156 1.00027
66.4062 0.998403

66.4062 0.998405
66.7969 0.996791

66.7969 0.996794
67.1875 0.995421

67.1875 0.995424
67.5781 0.994279

67.5781 0.994282
67.9688 0.993353

67.9688 0.993356
68.3594 0.992631

68.3594 0.992634
68.75 0.992099

68.75 0.992103
69.1406 0.991747

69.1406 0.99175
69.5312 0.991561

69.5312 0.991564
69.9219 0.991529

69.9219 0.991532
70.3125 0.991641

70.3125 0.991644
70.7031 0.991885

70.7031 0.991887
71.0938 0.992248

71.0938 0.992251
71.4844 0.992721

71.4844 0.992724
71.875 0.993293

71.875 0.993296
72.2656 0.993952

72.2656 0.993955
72.6562 0.994688

72.6562 0.99469
73.0469 0.995489

73.0469 0.995492
73.4375 0.996346

73.4375 0.996349
73.8281 0.997248

73.8281 0.997251
74.2188 0.998183

74.2188 0.998186
74.6094 0.999142

74.6094 0.999145
75 1.00011

75 1.00012
75.3906 1.00109

75.3906 1.00109
75.7812 1.00205

75.7812 1.00206
76.1719 1.003

76.1719 1.00321
76.5625 1.00372

76.8993 0
76.9365 0.390625

76.9531 0.713555
76.9341 0.78125

77.0049 0.390625
76.983 0.78125

76.5625 1.12527
76.9531 0.883468

76.9531 1.13129
77.1504 0.78125

