6.64062 1.17181
6.28613 1.17188

6.64062 1.17182
7.03125 1.17166

7.03125 1.17166
7.42188 1.17139

7.42188 1.17139
7.8125 1.17103

7.8125 1.17103
8.20312 1.17057

8.20312 1.17057
8.59375 1.17002

8.59375 1.17001
8.98438 1.16938

8.98438 1.16937
9.375 1.16866

9.375 1.16865
9.76562 1.16786

9.76562 1.16786
10.1562 1.167

10.1562 1.167
10.5469 1.16608

10.5469 1.16608
10.9375 1.16511

10.9375 1.16511
11.3281 1.16411

11.3281 1.1641
11.7188 1.16307

11.7188 1.16307
12.1094 1.16201

12.1094 1.16201
12.5 1.16094

12.5 1.16094
12.8906 1.15988

12.8906 1.15988
13.2812 1.15882

13.2812 1.15882
13.6719 1.15779

13.6719 1.15778
14.0625 1.15678

14.0625 1.15678
14.4531 1.15582

14.4531 1.15582
14.8438 1.15491

14.8438 1.1549
15.2344 1.15405

15.2344 1.15405
15.625 1.15326

15.625 1.15326
16.0156 1.15255

16.0156 1.15255
16.4062 1.15192

16.4062 1.15191
16.7969 1.15137

16.7969 1.15137
17.1875 1.15092

17.1875 1.15092
17.5781 1.15056

17.5781 1.15056
17.9688 1.15031

17.9688 1.15031
18.3594 1.15015

18.3594 1.15015
18.75 1.15011

18.75 1.15011
19.1406 1.15016

19.1406 1.15016
19.5312 1.15032

19.5312 1.15032
19.9219 1.15059

19.9219 1.15059
20.3125 1.15095

20.3125 1.15095
20.7031 1.15141

20.7031 1.15141
21.0938 1.15196

21.0938 1.15196
21.4844 1.1526

21.4844 1.1526
21.875 1.15332

21.875 1.15332
22.2656 1.15412

22.2656 1.15412
22.6562 1.15498

22.6562 1.15498
23.0469 1.15589

23.0469 1.1559
23.4375 1.15686

23.4375 1.15686
23.8281 1.15787

23.8281 1.15787
24.2188 1.15891

24.2188 1.15891
24.6094 1.15996

24.6094 1.15997
25 1.16103

25 1.16103
25.3906 1.1621

25.3906 1.1621
25.7812 1.16315

25.7812 1.16316
26.1719 1.16419

26.1719 1.16419
26.5625 1.16519

26.5625 1.1652
26.9531 1.16616

26.9531 1.16616
27.3438 1.16707

27.3438 1.16707
27.7344 1.16793

27.7344 1.16793
28.125 1.16872

28.125 1.16872
28.5156 1.16943

28.5156 1.16943
28.9062 1.17007

28.9062 1.17007
29.2969 1.17061

29.2969 1.17061
29.6875 1.17107

29.6875 1.17107
30.0781 1.17142

30.0781 1.17142
30.4688 1.17168

30.4688 1.17167
30.8594 1.17184

31.6406 1.17181
31.2874 1.17188

31.6406 1.17182
32.0312 1.17166

32.0312 1.17166
32.4219 1.1714

32.4219 1.17139
32.8125 1.17103

32.8125 1.17103
33.2031 1.17057

33.2031 1.17057
33.5938 1.17002

33.5938 1.17002
33.9844 1.16938

33.9844 1.16938
34.375 1.16866

34.375 1.16866
34.7656 1.16786

34.7656 1.16786
35.1562 1.167

35.1562 1.167
35.5469 1.16608

35.5469 1.16608
35.9375 1.16511

35.9375 1.16511
36.3281 1.16411

36.3281 1.1641
36.7188 1.16307

36.7188 1.16307
37.1094 1.16201

37.1094 1.16201
37.5 1.16094

37.5 1.16093
37.8906 1.15986

37.8906 1.15986
38.2812 1.1588

38.2812 1.15879
38.6719 1.15774

38.6719 1.15774
39.0625 1.15672

39.0625 1.15672
39.4531 1.15572

39.4531 1.15572
39.8438 1.15477

39.8438 1.15477
40.2344 1.15385

40.2344 1.15385
40.625 1.15299

40.625 1.15299
41.0156 1.15217

41.0156 1.15217
41.4062 1.1514

41.4062 1.1514
41.7969 1.15068

41.7969 1.15068
42.1875 1.15

42.1875 1.15
42.5781 1.14936

42.5781 1.14936
42.9688 1.14874

42.9688 1.14874
43.3594 1.14814

43.3594 1.14814
43.75 1.14753

43.75 1.14754
44.1406 1.14691

44.1406 1.14691
44.5312 1.14625

44.5312 1.14625
44.9219 1.14552

44.9219 1.14553
45.3125 1.14471

45.3125 1.14472
45.7031 1.1438

45.7031 1.1438
46.0938 1.14274

46.0938 1.14274
46.4844 1.14152

46.4844 1.14152
46.875 1.1401

46.875 1.14011
47.2656 1.13847

47.2656 1.13848
47.6562 1.13661

47.6562 1.13661
48.0469 1.13448

48.0469 1.13448
48.4375 1.13208

48.4375 1.13208
48.8281 1.12939

48.8281 1.12939
49.2188 1.12641

49.2188 1.12641
49.6094 1.12313

49.6094 1.12313
50 1.11956

50 1.11956
50.3906 1.11571

50.3906 1.11571
50.7812 1.1116

50.7812 1.1116
51.1719 1.10725

51.1719 1.10724
51.5625 1.10269

51.5625 1.10268
51.9531 1.09794

51.9531 1.09793
52.3438 1.09305

52.3438 1.09304
52.7344 1.08805

52.7344 1.08804
53.125 1.08298

53.125 1.08297
53.5156 1.07789

53.5156 1.07788
53.9062 1.07281

53.9062 1.0728
54.2969 1.06778

54.2969 1.06777
54.6875 1.06284

54.6875 1.06283
55.0781 1.05802

55.0781 1.05801
55.4688 1.05335

55.4688 1.05334
55.8594 1.04885

55.8594 1.04884
56.25 1.04454

56.25 1.04454
56.6406 1.04043

56.6406 1.04043
57.0312 1.03654

57.0312 1.03654
57.4219 1.03287

57.4219 1.03288
57.8125 1.02943

57.8125 1.02943
58.2031 1.02619

58.2031 1.0262
58.5938 1.02317

58.5938 1.02317
58.9844 1.02035

58.9844 1.02036
59.375 1.01773

59.375 1.01773
59.7656 1.01528

59.7656 1.01528
60.1562 1.013

60.1562 1.013
60.5469 1.01088

60.5469 1.01088
60.9375 1.00889

60.9375 1.0089
61.3281 1.00704

61.3281 1.00704
61.7188 1.00531

61.7188 1.00531
62.1094 1.00369

62.1094 1.00369
62.5 1.00217

62.5 1.00217
62.8906 1.00075

62.8906 1.00075
63.2812 0.999422

63.2812 0.999423
63.6719 0.998181

63.6719 0.998182
64.0625 0.997027

64.0625 0.997027
64.4531 0.995957

64.4531 0.995957
64.8438 0.994972

64.8438 0.994972
65.2344 0.994072

65.2344 0.994072
65.625 0.99326

65.625 0.993259
66.0156 0.992535

66.0156 0.992535
66.4062 0.991902

66.4062 0.991901
66.7969 0.991361

66.7969 0.991361
67.1875 0.990915

67.1875 0.990915
67.5781 0.990565

67.5781 0.990565
67.9688 0.990313

67.9688 0.990313
68.3594 0.99016

68.3594 0.99016
68.75 0.990106

68.75 0.990106
69.1406 0.99015

69.1406 1.07453
69.5312 0.905916

69.5683 0
69.6061 0.390625

69.6894 0.390625
69.636 0.78125

69.5312 1.13693
69.8187 0.78125

