6.64062 1.17181
6.28619 1.17188

6.64062 1.17182
7.03125 1.17166

7.03125 1.17166
7.42188 1.17139

7.42188 1.17139
7.8125 1.17103

7.8125 1.17103
8.20312 1.17057

8.20312 1.17057
8.59375 1.17002

8.59375 1.17001
8.98438 1.16938

8.98438 1.16937
9.375 1.16865

9.375 1.16865
9.76562 1.16786

9.76562 1.16786
10.1562 1.167

10.1562 1.167
10.5469 1.16608

10.5469 1.16608
10.9375 1.16511

10.9375 1.16511
11.3281 1.16411

11.3281 1.1641
11.7188 1.16307

11.7188 1.16307
12.1094 1.16201

12.1094 1.16201
12.5 1.16094

12.5 1.16094
12.8906 1.15988

12.8906 1.15988
13.2812 1.15882

13.2812 1.15882
13.6719 1.15779

13.6719 1.15778
14.0625 1.15678

14.0625 1.15678
14.4531 1.15582

14.4531 1.15582
14.8438 1.15491

14.8438 1.1549
15.2344 1.15405

15.2344 1.15405
15.625 1.15326

15.625 1.15326
16.0156 1.15255

16.0156 1.15255
16.4062 1.15192

16.4062 1.15191
16.7969 1.15137

16.7969 1.15137
17.1875 1.15092

17.1875 1.15092
17.5781 1.15056

17.5781 1.15056
17.9688 1.15031

17.9688 1.15031
18.3594 1.15015

18.3594 1.15015
18.75 1.15011

18.75 1.15011
19.1406 1.15016

19.1406 1.15016
19.5312 1.15032

19.5312 1.15032
19.9219 1.15059

19.9219 1.15059
20.3125 1.15095

20.3125 1.15095
20.7031 1.15141

20.7031 1.15141
21.0938 1.15196

21.0938 1.15196
21.4844 1.1526

21.4844 1.1526
21.875 1.15332

21.875 1.15332
22.2656 1.15411

22.2656 1.15412
22.6562 1.15497

22.6562 1.15498
23.0469 1.15589

23.0469 1.1559
23.4375 1.15686

23.4375 1.15686
23.8281 1.15787

23.8281 1.15787
24.2188 1.1589

24.2188 1.15891
24.6094 1.15996

24.6094 1.15996
25 1.16103

25 1.16103
25.3906 1.1621

25.3906 1.1621
25.7812 1.16315

25.7812 1.16316
26.1719 1.16419

26.1719 1.16419
26.5625 1.16519

26.5625 1.1652
26.9531 1.16616

26.9531 1.16616
27.3438 1.16707

27.3438 1.16707
27.7344 1.16793

27.7344 1.16793
28.125 1.16872

28.125 1.16872
28.5156 1.16943

28.5156 1.16943
28.9062 1.17007

28.9062 1.17007
29.2969 1.17061

29.2969 1.17061
29.6875 1.17107

29.6875 1.17107
30.0781 1.17142

30.0781 1.17142
30.4688 1.17168

30.4688 1.17168
30.8594 1.17184

31.6406 1.17181
31.2862 1.17188

31.6406 1.17182
32.0312 1.17166

32.0312 1.17166
32.4219 1.17139

32.4219 1.17139
32.8125 1.17103

32.8125 1.17103
33.2031 1.17057

33.2031 1.17056
33.5938 1.17001

33.5938 1.17001
33.9844 1.16936

33.9844 1.16936
34.375 1.16863

34.375 1.16863
34.7656 1.16782

34.7656 1.16782
35.1562 1.16694

35.1562 1.16693
35.5469 1.16598

35.5469 1.16598
35.9375 1.16497

35.9375 1.16497
36.3281 1.1639

36.3281 1.1639
36.7188 1.16278

36.7188 1.16277
37.1094 1.1616

37.1094 1.1616
37.5 1.16038

37.5 1.16038
37.8906 1.15911

37.8906 1.15911
38.2812 1.15779

38.2812 1.15779
38.6719 1.15642

38.6719 1.15642
39.0625 1.15499

39.0625 1.15499
39.4531 1.15349

39.4531 1.15349
39.8438 1.15191

39.8438 1.15191
40.2344 1.15024

40.2344 1.15025
40.625 1.14847

40.625 1.14847
41.0156 1.14657

41.0156 1.14657
41.4062 1.14453

41.4062 1.14453
41.7969 1.14233

41.7969 1.14233
42.1875 1.13995

42.1875 1.13995
42.5781 1.13737

42.5781 1.13738
42.9688 1.13458

42.9688 1.13459
43.3594 1.13156

43.3594 1.13157
43.75 1.12831

43.75 1.12831
44.1406 1.1248

44.1406 1.1248
44.5312 1.12105

44.5312 1.12105
44.9219 1.11706

44.9219 1.11705
45.3125 1.11283

45.3125 1.11282
45.7031 1.10838

45.7031 1.10837
46.0938 1.10373

46.0938 1.10372
46.4844 1.09891

46.4844 1.0989
46.875 1.09395

46.875 1.09394
47.2656 1.08888

47.2656 1.08887
47.6562 1.08376

47.6562 1.08375
48.0469 1.07861

48.0469 1.0786
48.4375 1.07349

48.4375 1.07348
48.8281 1.06844

48.8281 1.06842
49.2188 1.06349

49.2188 1.06348
49.6094 1.05869

49.6094 1.05869
50 1.05409

50 1.05408
50.3906 1.0497

50.3906 1.04969
50.7812 1.04555

50.7812 1.04555
51.1719 1.04167

51.1719 1.04167
51.5625 1.03807

51.5625 1.03807
51.9531 1.03476

51.9531 1.03476
52.3438 1.03173

52.3438 1.03174
52.7344 1.029

52.7344 1.029
53.125 1.02653

53.125 1.02654
53.5156 1.02433

53.5156 1.02434
53.9062 1.02237

53.9062 1.02238
54.2969 1.02064

54.2969 1.02064
54.6875 1.0191

54.6875 1.0191
55.0781 1.01773

55.0781 1.01774
55.4688 1.01652

55.4688 1.01652
55.8594 1.01542

55.8594 1.01543
56.25 1.01443

56.25 1.01443
56.6406 1.01351

56.6406 1.01351
57.0312 1.01264

57.0312 1.01265
57.4219 1.01181

57.4219 1.01182
57.8125 1.011

57.8125 1.011
58.2031 1.0102

58.2031 1.0102
58.5938 1.00938

58.5938 1.00938
58.9844 1.00856

58.9844 1.00856
59.375 1.00771

59.375 1.00771
59.7656 1.00683

59.7656 1.00683
60.1562 1.00594

60.1562 1.00594
60.5469 1.00501

60.5469 1.00501
60.9375 1.00406

60.9375 1.00406
61.3281 1.00309

61.3281 1.00309
61.7188 1.00211

61.7188 1.00211
62.1094 1.00112

62.1094 1.00111
62.5 1.00012

62.5 1.00012
62.8906 0.99913

62.8906 1.0025
63.2812 0.994784

63.5806 0
63.6183 0.390625

63.6719 0.583384
63.6187 0.78125

63.6975 0.390625
63.6791 0.78125

63.2812 1.12933
63.6719 0.866017

63.6719 1.09792
63.8322 0.78125

