6.64062 1.17181
6.28607 1.17188

6.64062 1.17182
7.03125 1.17166

7.03125 1.17166
7.42188 1.17139

7.42188 1.17139
7.8125 1.17103

7.8125 1.17103
8.20312 1.17057

8.20312 1.17057
8.59375 1.17002

8.59375 1.17001
8.98438 1.16938

8.98438 1.16937
9.375 1.16866

9.375 1.16865
9.76562 1.16786

9.76562 1.16786
10.1562 1.167

10.1562 1.167
10.5469 1.16608

10.5469 1.16608
10.9375 1.16511

10.9375 1.16511
11.3281 1.16411

11.3281 1.1641
11.7188 1.16307

11.7188 1.16307
12.1094 1.16201

12.1094 1.16201
12.5 1.16094

12.5 1.16094
12.8906 1.15988

12.8906 1.15988
13.2812 1.15882

13.2812 1.15882
13.6719 1.15779

13.6719 1.15778
14.0625 1.15678

14.0625 1.15678
14.4531 1.15582

14.4531 1.15582
14.8438 1.15491

14.8438 1.1549
15.2344 1.15405

15.2344 1.15405
15.625 1.15326

15.625 1.15326
16.0156 1.15255

16.0156 1.15255
16.4062 1.15192

16.4062 1.15191
16.7969 1.15137

16.7969 1.15137
17.1875 1.15092

17.1875 1.15092
17.5781 1.15056

17.5781 1.15056
17.9688 1.15031

17.9688 1.15031
18.3594 1.15015

18.3594 1.15015
18.75 1.15011

18.75 1.15011
19.1406 1.15016

19.1406 1.15016
19.5312 1.15032

19.5312 1.15032
19.9219 1.15059

19.9219 1.15059
20.3125 1.15095

20.3125 1.15095
20.7031 1.15141

20.7031 1.15141
21.0938 1.15196

21.0938 1.15196
21.4844 1.1526

21.4844 1.1526
21.875 1.15332

21.875 1.15332
22.2656 1.15412

22.2656 1.15412
22.6562 1.15498

22.6562 1.15498
23.0469 1.15589

23.0469 1.1559
23.4375 1.15686

23.4375 1.15686
23.8281 1.15787

23.8281 1.15787
24.2188 1.15891

24.2188 1.15891
24.6094 1.15996

24.6094 1.15996
25 1.16103

25 1.16103
25.3906 1.1621

25.3906 1.1621
25.7812 1.16315

25.7812 1.16316
26.1719 1.16419

26.1719 1.16419
26.5625 1.16519

26.5625 1.1652
26.9531 1.16616

26.9531 1.16616
27.3438 1.16707

27.3438 1.16707
27.7344 1.16793

27.7344 1.16793
28.125 1.16872

28.125 1.16872
28.5156 1.16943

28.5156 1.16943
28.9062 1.17007

28.9062 1.17007
29.2969 1.17061

29.2969 1.17061
29.6875 1.17106

29.6875 1.17107
30.0781 1.17142

30.0781 1.17142
30.4688 1.17168

30.4688 1.17167
30.8594 1.17184

31.6406 1.17181
31.2863 1.17188

31.6406 1.17182
32.0312 1.17166

32.0312 1.17166
32.4219 1.17139

32.4219 1.17139
32.8125 1.17103

32.8125 1.17103
33.2031 1.17057

33.2031 1.17057
33.5938 1.17002

33.5938 1.17002
33.9844 1.16938

33.9844 1.16938
34.375 1.16866

34.375 1.16866
34.7656 1.16786

34.7656 1.16786
35.1562 1.167

35.1562 1.167
35.5469 1.16608

35.5469 1.16608
35.9375 1.16512

35.9375 1.16511
36.3281 1.16411

36.3281 1.1641
36.7188 1.16307

36.7188 1.16307
37.1094 1.16201

37.1094 1.16201
37.5 1.16094

37.5 1.16094
37.8906 1.15987

37.8906 1.15987
38.2812 1.15881

38.2812 1.1588
38.6719 1.15776

38.6719 1.15776
39.0625 1.15674

39.0625 1.15674
39.4531 1.15575

39.4531 1.15575
39.8438 1.15481

39.8438 1.15481
40.2344 1.15391

40.2344 1.15391
40.625 1.15306

40.625 1.15306
41.0156 1.15227

41.0156 1.15227
41.4062 1.15153

41.4062 1.15153
41.7969 1.15085

41.7969 1.15085
42.1875 1.15022

42.1875 1.15022
42.5781 1.14964

42.5781 1.14964
42.9688 1.14909

42.9688 1.1491
43.3594 1.14858

43.3594 1.14858
43.75 1.14808

43.75 1.14808
44.1406 1.14758

44.1406 1.14759
44.5312 1.14706

44.5312 1.14707
44.9219 1.14651

44.9219 1.14651
45.3125 1.14589

45.3125 1.14589
45.7031 1.14518

45.7031 1.14519
46.0938 1.14436

46.0938 1.14437
46.4844 1.1434

46.4844 1.1434
46.875 1.14227

46.875 1.14227
47.2656 1.14094

47.2656 1.14095
47.6562 1.13939

47.6562 1.1394
48.0469 1.1376

48.0469 1.1376
48.4375 1.13554

48.4375 1.13555
48.8281 1.1332

48.8281 1.1332
49.2188 1.13057

49.2188 1.13057
49.6094 1.12763

49.6094 1.12763
50 1.12439

50 1.12439
50.3906 1.12085

50.3906 1.12085
50.7812 1.11702

50.7812 1.11702
51.1719 1.11292

51.1719 1.11292
51.5625 1.10857

51.5625 1.10857
51.9531 1.104

51.9531 1.10399
52.3438 1.09923

52.3438 1.09922
52.7344 1.09431

52.7344 1.0943
53.125 1.08927

53.125 1.08926
53.5156 1.08415

53.5156 1.08414
53.9062 1.079

53.9062 1.07899
54.2969 1.07384

54.2969 1.07383
54.6875 1.06873

54.6875 1.06873
55.0781 1.0637

55.0781 1.0637
55.4688 1.05879

55.4688 1.05878
55.8594 1.05401

55.8594 1.05401
56.25 1.0494

56.25 1.0494
56.6406 1.04498

56.6406 1.04498
57.0312 1.04076

57.0312 1.04076
57.4219 1.03675

57.4219 1.03675
57.8125 1.03297

57.8125 1.03297
58.2031 1.0294

58.2031 1.0294
58.5938 1.02606

58.5938 1.02606
58.9844 1.02293

58.9844 1.02293
59.375 1.02

59.375 1.02001
59.7656 1.01728

59.7656 1.01728
60.1562 1.01474

60.1562 1.01475
60.5469 1.01238

60.5469 1.01239
60.9375 1.01019

60.9375 1.01019
61.3281 1.00814

61.3281 1.00815
61.7188 1.00624

61.7188 1.00624
62.1094 1.00447

62.1094 1.00447
62.5 1.00282

62.5 1.00282
62.8906 1.00129

62.8906 1.00129
63.2812 0.999861

63.2812 0.999862
63.6719 0.998538

63.6719 0.998538
64.0625 0.997313

64.0625 0.997314
64.4531 0.996185

64.4531 0.996186
64.8438 0.995152

64.8438 0.995152
65.2344 0.994214

65.2344 0.994213
65.625 0.993369

65.625 0.993369
66.0156 0.992619

66.0156 0.992619
66.4062 0.991965

66.4062 0.991965
66.7969 0.991409

66.7969 0.991408
67.1875 0.99095

67.1875 0.99095
67.5781 0.990591

67.5781 0.990591
67.9688 0.990332

67.9688 0.990332
68.3594 0.990173

68.3594 0.990173
68.75 0.990115

68.75 0.990115
69.1406 0.990156

69.1406 0.990156
69.5312 0.990295

70.1247 0
70.1624 0.390625

70.2647 0.390625
70.1731 0.78125

69.5312 1.01462
69.9219 0.966209

69.9219 1.1418
70.3125 0.832223

70.3125 0.944467
70.3809 0.78125

