6.64062 1.17181
6.28696 1.17188

6.64062 1.17182
7.03125 1.17166

7.03125 1.17166
7.42188 1.17139

7.42188 1.17139
7.8125 1.17103

7.8125 1.17103
8.20312 1.17057

8.20312 1.17057
8.59375 1.17002

8.59375 1.17001
8.98438 1.16938

8.98438 1.16937
9.375 1.16866

9.375 1.16865
9.76562 1.16786

9.76562 1.16786
10.1562 1.167

10.1562 1.167
10.5469 1.16608

10.5469 1.16608
10.9375 1.16511

10.9375 1.16511
11.3281 1.16411

11.3281 1.1641
11.7188 1.16307

11.7188 1.16307
12.1094 1.16201

12.1094 1.16201
12.5 1.16094

12.5 1.16094
12.8906 1.15988

12.8906 1.15988
13.2812 1.15882

13.2812 1.15882
13.6719 1.15779

13.6719 1.15778
14.0625 1.15678

14.0625 1.15678
14.4531 1.15582

14.4531 1.15582
14.8438 1.15491

14.8438 1.1549
15.2344 1.15405

15.2344 1.15405
15.625 1.15326

15.625 1.15326
16.0156 1.15255

16.0156 1.15255
16.4062 1.15192

16.4062 1.15191
16.7969 1.15137

16.7969 1.15137
17.1875 1.15092

17.1875 1.15092
17.5781 1.15056

17.5781 1.15056
17.9688 1.15031

17.9688 1.15031
18.3594 1.15015

18.3594 1.15015
18.75 1.15011

18.75 1.15011
19.1406 1.15016

19.1406 1.15016
19.5312 1.15032

19.5312 1.15032
19.9219 1.15059

19.9219 1.15059
20.3125 1.15095

20.3125 1.15095
20.7031 1.15141

20.7031 1.15141
21.0938 1.15196

21.0938 1.15196
21.4844 1.1526

21.4844 1.1526
21.875 1.15332

21.875 1.15332
22.2656 1.15412

22.2656 1.15412
22.6562 1.15498

22.6562 1.15498
23.0469 1.15589

23.0469 1.1559
23.4375 1.15686

23.4375 1.15686
23.8281 1.15787

23.8281 1.15787
24.2188 1.15891

24.2188 1.15891
24.6094 1.15996

24.6094 1.15997
25 1.16103

25 1.16103
25.3906 1.1621

25.3906 1.1621
25.7812 1.16315

25.7812 1.16316
26.1719 1.16419

26.1719 1.16419
26.5625 1.16519

26.5625 1.1652
26.9531 1.16616

26.9531 1.16616
27.3438 1.16707

27.3438 1.16707
27.7344 1.16793

27.7344 1.16793
28.125 1.16872

28.125 1.16872
28.5156 1.16943

28.5156 1.16943
28.9062 1.17007

28.9062 1.17007
29.2969 1.17061

29.2969 1.17061
29.6875 1.17107

29.6875 1.17107
30.0781 1.17142

30.0781 1.17142
30.4688 1.17168

30.4688 1.17167
30.8594 1.17184

31.6406 1.17181
31.2892 1.17188

31.6406 1.17182
32.0312 1.17166

32.0312 1.17166
32.4219 1.17139

32.4219 1.17139
32.8125 1.17103

32.8125 1.17103
33.2031 1.17057

33.2031 1.17057
33.5938 1.17002

33.5938 1.17002
33.9844 1.16938

33.9844 1.16937
34.375 1.16866

34.375 1.16865
34.7656 1.16786

34.7656 1.16786
35.1562 1.167

35.1562 1.167
35.5469 1.16608

35.5469 1.16608
35.9375 1.16511

35.9375 1.16511
36.3281 1.1641

36.3281 1.1641
36.7188 1.16306

36.7188 1.16306
37.1094 1.162

37.1094 1.162
37.5 1.16092

37.5 1.16092
37.8906 1.15984

37.8906 1.15984
38.2812 1.15877

38.2812 1.15876
38.6719 1.1577

38.6719 1.1577
39.0625 1.15666

39.0625 1.15666
39.4531 1.15564

39.4531 1.15564
39.8438 1.15466

39.8438 1.15466
40.2344 1.15371

40.2344 1.15371
40.625 1.1528

40.625 1.1528
41.0156 1.15192

41.0156 1.15192
41.4062 1.15107

41.4062 1.15108
41.7969 1.15026

41.7969 1.15026
42.1875 1.14947

42.1875 1.14947
42.5781 1.14869

42.5781 1.14869
42.9688 1.1479

42.9688 1.14791
43.3594 1.1471

43.3594 1.14711
43.75 1.14627

43.75 1.14627
44.1406 1.14538

44.1406 1.14538
44.5312 1.14441

44.5312 1.14442
44.9219 1.14334

44.9219 1.14335
45.3125 1.14214

45.3125 1.14215
45.7031 1.14079

45.7031 1.1408
46.0938 1.13926

46.0938 1.13927
46.4844 1.13753

46.4844 1.13754
46.875 1.13558

46.875 1.13558
47.2656 1.13338

47.2656 1.13338
47.6562 1.13092

47.6562 1.13092
48.0469 1.12818

48.0469 1.12819
48.4375 1.12517

48.4375 1.12517
48.8281 1.12188

48.8281 1.12188
49.2188 1.11831

49.2188 1.1183
49.6094 1.11447

49.6094 1.11446
50 1.11038

50 1.11037
50.3906 1.10606

50.3906 1.10605
50.7812 1.10154

50.7812 1.10153
51.1719 1.09685

51.1719 1.09684
51.5625 1.09202

51.5625 1.09201
51.9531 1.08709

51.9531 1.08708
52.3438 1.08211

52.3438 1.0821
52.7344 1.07711

52.7344 1.0771
53.125 1.07213

53.125 1.07212
53.5156 1.06721

53.5156 1.0672
53.9062 1.06238

53.9062 1.06238
54.2969 1.05769

54.2969 1.05768
54.6875 1.05314

54.6875 1.05314
55.0781 1.04878

55.0781 1.04877
55.4688 1.04461

55.4688 1.04461
55.8594 1.04065

55.8594 1.04065
56.25 1.03691

56.25 1.03691
56.6406 1.03339

56.6406 1.03339
57.0312 1.03009

57.0312 1.0301
57.4219 1.02701

57.4219 1.02701
57.8125 1.02414

57.8125 1.02414
58.2031 1.02146

58.2031 1.02147
58.5938 1.01897

58.5938 1.01898
58.9844 1.01665

58.9844 1.01666
59.375 1.01449

59.375 1.0145
59.7656 1.01247

59.7656 1.01248
60.1562 1.01059

60.1562 1.01059
60.5469 1.00881

60.5469 1.00882
60.9375 1.00715

60.9375 1.00715
61.3281 1.00557

61.3281 1.00558
61.7188 1.00409

61.7188 1.00409
62.1094 1.00268

62.1094 1.00268
62.5 1.00134

62.5 1.00134
62.8906 1.00008

62.8906 1.00008
63.2812 0.998879

63.2812 0.998879
63.6719 0.997747

63.6719 0.997747
64.0625 0.996683

64.0625 0.996683
64.4531 0.995687

64.4531 0.995687
64.8438 0.994763

64.8438 0.994762
65.2344 0.993911

65.2344 0.993911
65.625 0.993137

65.625 0.993136
66.0156 0.992444

66.0156 0.992443
66.4062 0.991834

66.4062 0.991833
66.7969 0.991312

66.7969 0.991311
67.1875 0.99088

67.1875 0.990879
67.5781 0.990541

67.5781 0.99054
67.9688 0.990297

68.5991 0
68.6369 0.390625

68.7437 0.390625
68.6433 0.78125

67.9688 1.00443
68.3594 0.976019

68.3594 1.13235
68.75 0.847842

68.75 0.424659
68.7508 0.390625

68.75 1.01297
68.853 0.78125

