6.64062 1.17181
6.2863 1.17188

6.64062 1.17182
7.03125 1.17166

7.03125 1.17166
7.42188 1.17139

7.42188 1.17139
7.8125 1.17103

7.8125 1.17103
8.20312 1.17057

8.20312 1.17057
8.59375 1.17002

8.59375 1.17001
8.98438 1.16938

8.98438 1.16937
9.375 1.16866

9.375 1.16865
9.76562 1.16786

9.76562 1.16786
10.1562 1.167

10.1562 1.167
10.5469 1.16608

10.5469 1.16608
10.9375 1.16511

10.9375 1.16511
11.3281 1.16411

11.3281 1.1641
11.7188 1.16307

11.7188 1.16307
12.1094 1.16201

12.1094 1.16201
12.5 1.16094

12.5 1.16094
12.8906 1.15988

12.8906 1.15988
13.2812 1.15882

13.2812 1.15882
13.6719 1.15779

13.6719 1.15778
14.0625 1.15678

14.0625 1.15678
14.4531 1.15582

14.4531 1.15582
14.8438 1.15491

14.8438 1.1549
15.2344 1.15405

15.2344 1.15405
15.625 1.15326

15.625 1.15326
16.0156 1.15255

16.0156 1.15255
16.4062 1.15192

16.4062 1.15191
16.7969 1.15137

16.7969 1.15137
17.1875 1.15092

17.1875 1.15092
17.5781 1.15056

17.5781 1.15056
17.9688 1.15031

17.9688 1.15031
18.3594 1.15015

18.3594 1.15015
18.75 1.15011

18.75 1.15011
19.1406 1.15016

19.1406 1.15016
19.5312 1.15032

19.5312 1.15032
19.9219 1.15059

19.9219 1.15059
20.3125 1.15095

20.3125 1.15095
20.7031 1.15141

20.7031 1.15141
21.0938 1.15196

21.0938 1.15196
21.4844 1.1526

21.4844 1.1526
21.875 1.15332

21.875 1.15332
22.2656 1.15411

22.2656 1.15412
22.6562 1.15498

22.6562 1.15498
23.0469 1.15589

23.0469 1.1559
23.4375 1.15686

23.4375 1.15686
23.8281 1.15787

23.8281 1.15787
24.2188 1.1589

24.2188 1.15891
24.6094 1.15996

24.6094 1.15996
25 1.16103

25 1.16103
25.3906 1.1621

25.3906 1.1621
25.7812 1.16315

25.7812 1.16315
26.1719 1.16419

26.1719 1.16419
26.5625 1.16519

26.5625 1.16519
26.9531 1.16616

26.9531 1.16616
27.3438 1.16707

27.3438 1.16707
27.7344 1.16793

27.7344 1.16793
28.125 1.16872

28.125 1.16872
28.5156 1.16943

28.5156 1.16943
28.9062 1.17006

28.9062 1.17007
29.2969 1.17061

29.2969 1.17061
29.6875 1.17106

29.6875 1.17107
30.0781 1.17142

30.0781 1.17142
30.4688 1.17168

30.4688 1.17167
30.8594 1.17183

31.6406 1.17181
31.2858 1.17188

31.6406 1.17182
32.0312 1.17166

32.0312 1.17166
32.4219 1.17139

32.4219 1.17139
32.8125 1.17103

32.8125 1.17103
33.2031 1.17057

33.2031 1.17057
33.5938 1.17002

33.5938 1.17001
33.9844 1.16938

33.9844 1.16937
34.375 1.16866

34.375 1.16865
34.7656 1.16786

34.7656 1.16786
35.1562 1.167

35.1562 1.167
35.5469 1.16608

35.5469 1.16608
35.9375 1.16511

35.9375 1.16511
36.3281 1.16411

36.3281 1.1641
36.7188 1.16307

36.7188 1.16307
37.1094 1.16201

37.1094 1.16201
37.5 1.16094

37.5 1.16094
37.8906 1.15988

37.8906 1.15988
38.2812 1.15882

38.2812 1.15882
38.6719 1.15778

38.6719 1.15778
39.0625 1.15678

39.0625 1.15677
39.4531 1.15581

39.4531 1.15581
39.8438 1.15489

39.8438 1.15489
40.2344 1.15402

40.2344 1.15402
40.625 1.15322

40.625 1.15322
41.0156 1.15248

41.0156 1.15248
41.4062 1.15182

41.4062 1.15182
41.7969 1.15124

41.7969 1.15124
42.1875 1.15073

42.1875 1.15073
42.5781 1.15031

42.5781 1.15031
42.9688 1.14996

42.9688 1.14996
43.3594 1.14968

43.3594 1.14968
43.75 1.14947

43.75 1.14947
44.1406 1.14932

44.1406 1.14933
44.5312 1.14923

44.5312 1.14923
44.9219 1.14917

44.9219 1.14917
45.3125 1.14912

45.3125 1.14913
45.7031 1.14909

45.7031 1.14909
46.0938 1.14903

46.0938 1.14904
46.4844 1.14893

46.4844 1.14894
46.875 1.14877

46.875 1.14877
47.2656 1.14851

47.2656 1.14851
47.6562 1.14812

47.6562 1.14813
48.0469 1.14759

48.0469 1.1476
48.4375 1.14687

48.4375 1.14688
48.8281 1.14595

48.8281 1.14595
49.2188 1.14478

49.2188 1.14479
49.6094 1.14335

49.6094 1.14336
50 1.14163

50 1.14164
50.3906 1.13961

50.3906 1.13961
50.7812 1.13726

50.7812 1.13726
51.1719 1.13457

51.1719 1.13457
51.5625 1.13154

51.5625 1.13154
51.9531 1.12818

51.9531 1.12818
52.3438 1.12448

52.3438 1.12448
52.7344 1.12046

52.7344 1.12046
53.125 1.11614

53.125 1.11614
53.5156 1.11155

53.5156 1.11154
53.9062 1.1067

53.9062 1.10669
54.2969 1.10165

54.2969 1.10164
54.6875 1.09642

54.6875 1.09641
55.0781 1.09105

55.0781 1.09104
55.4688 1.0856

55.4688 1.08559
55.8594 1.08009

55.8594 1.08008
56.25 1.07458

56.25 1.07457
56.6406 1.0691

56.6406 1.06909
57.0312 1.06369

57.0312 1.06368
57.4219 1.05839

57.4219 1.05838
57.8125 1.05323

57.8125 1.05322
58.2031 1.04823

58.2031 1.04823
58.5938 1.04343

58.5938 1.04343
58.9844 1.03884

58.9844 1.03884
59.375 1.03447

59.375 1.03447
59.7656 1.03033

59.7656 1.03033
60.1562 1.02644

60.1562 1.02644
60.5469 1.02278

60.5469 1.02278
60.9375 1.01936

60.9375 1.01936
61.3281 1.01618

61.3281 1.01619
61.7188 1.01323

61.7188 1.01324
62.1094 1.01051

62.1094 1.01051
62.5 1.008

62.5 1.008
62.8906 1.00569

62.8906 1.00569
63.2812 1.00358

63.2812 1.00358
63.6719 1.00165

63.6719 1.00166
64.0625 0.999905

64.0625 0.999907
64.4531 0.998324

64.4531 0.998326
64.8438 0.996904

64.8438 0.996906
65.2344 0.995637

65.2344 0.995638
65.625 0.994516

65.625 0.994517
66.0156 0.993536

66.0156 0.993537
66.4062 0.992691

66.4062 0.992692
66.7969 0.991978

66.7969 0.991979
67.1875 0.991393

67.1875 0.991394
67.5781 0.990932

67.5781 0.990933
67.9688 0.990591

67.9688 0.990592
68.3594 0.990368

68.3594 0.990369
68.75 0.99026

68.75 0.990261
69.1406 0.990262

69.1406 0.990263
69.5312 0.990372

69.5312 0.990373
69.9219 0.990585

69.9219 0.990586
70.3125 0.990897

70.3125 0.990898
70.7031 0.991303

70.7031 0.991305
71.0938 0.991799

71.0938 0.9918
71.4844 0.992377

71.4844 0.992379
71.875 0.993032

72.6299 0
72.6562 0.273763

71.875 0.993034
72.2656 0.993757

72.2656 1.10322
72.6562 0.885077

72.6562 0.274085
72.6674 0.390625

72.7416 0.390625
72.706 0.78125

72.6562 1.12778
72.8794 0.78125

