6.64062 1.17181
6.28623 1.17188

6.64062 1.17182
7.03125 1.17166

7.03125 1.17166
7.42188 1.17139

7.42188 1.17139
7.8125 1.17103

7.8125 1.17103
8.20312 1.17057

8.20312 1.17057
8.59375 1.17002

8.59375 1.17001
8.98438 1.16938

8.98438 1.16937
9.375 1.16866

9.375 1.16865
9.76562 1.16786

9.76562 1.16786
10.1562 1.167

10.1562 1.167
10.5469 1.16608

10.5469 1.16608
10.9375 1.16511

10.9375 1.16511
11.3281 1.16411

11.3281 1.1641
11.7188 1.16307

11.7188 1.16307
12.1094 1.16201

12.1094 1.16201
12.5 1.16094

12.5 1.16094
12.8906 1.15988

12.8906 1.15988
13.2812 1.15882

13.2812 1.15882
13.6719 1.15779

13.6719 1.15778
14.0625 1.15678

14.0625 1.15678
14.4531 1.15582

14.4531 1.15582
14.8438 1.15491

14.8438 1.1549
15.2344 1.15405

15.2344 1.15405
15.625 1.15326

15.625 1.15326
16.0156 1.15255

16.0156 1.15255
16.4062 1.15192

16.4062 1.15191
16.7969 1.15137

16.7969 1.15137
17.1875 1.15092

17.1875 1.15092
17.5781 1.15056

17.5781 1.15056
17.9688 1.15031

17.9688 1.15031
18.3594 1.15015

18.3594 1.15015
18.75 1.15011

18.75 1.15011
19.1406 1.15016

19.1406 1.15016
19.5312 1.15032

19.5312 1.15032
19.9219 1.15059

19.9219 1.15059
20.3125 1.15095

20.3125 1.15095
20.7031 1.15141

20.7031 1.15141
21.0938 1.15196

21.0938 1.15196
21.4844 1.1526

21.4844 1.1526
21.875 1.15332

21.875 1.15332
22.2656 1.15411

22.2656 1.15412
22.6562 1.15497

22.6562 1.15498
23.0469 1.15589

23.0469 1.1559
23.4375 1.15686

23.4375 1.15686
23.8281 1.15787

23.8281 1.15787
24.2188 1.1589

24.2188 1.15891
24.6094 1.15996

24.6094 1.15996
25 1.16103

25 1.16103
25.3906 1.1621

25.3906 1.1621
25.7812 1.16315

25.7812 1.16315
26.1719 1.16419

26.1719 1.16419
26.5625 1.16519

26.5625 1.16519
26.9531 1.16616

26.9531 1.16616
27.3438 1.16707

27.3438 1.16707
27.7344 1.16793

27.7344 1.16793
28.125 1.16872

28.125 1.16872
28.5156 1.16943

28.5156 1.16943
28.9062 1.17006

28.9062 1.17007
29.2969 1.17061

29.2969 1.17061
29.6875 1.17106

29.6875 1.17106
30.0781 1.17142

30.0781 1.17142
30.4688 1.17168

30.4688 1.17167
30.8594 1.17183

31.6406 1.17181
31.2861 1.17188

31.6406 1.17182
32.0312 1.17166

32.0312 1.17166
32.4219 1.17139

32.4219 1.17139
32.8125 1.17103

32.8125 1.17103
33.2031 1.17057

33.2031 1.17057
33.5938 1.17002

33.5938 1.17001
33.9844 1.16938

33.9844 1.16937
34.375 1.16865

34.375 1.16865
34.7656 1.16786

34.7656 1.16786
35.1562 1.167

35.1562 1.167
35.5469 1.16608

35.5469 1.16608
35.9375 1.16511

35.9375 1.16511
36.3281 1.16411

36.3281 1.1641
36.7188 1.16307

36.7188 1.16307
37.1094 1.16201

37.1094 1.16201
37.5 1.16094

37.5 1.16094
37.8906 1.15988

37.8906 1.15988
38.2812 1.15882

38.2812 1.15882
38.6719 1.15779

38.6719 1.15778
39.0625 1.15678

39.0625 1.15678
39.4531 1.15582

39.4531 1.15581
39.8438 1.1549

39.8438 1.1549
40.2344 1.15404

40.2344 1.15404
40.625 1.15325

40.625 1.15325
41.0156 1.15253

41.0156 1.15253
41.4062 1.15188

41.4062 1.15188
41.7969 1.15132

41.7969 1.15132
42.1875 1.15085

42.1875 1.15085
42.5781 1.15046

42.5781 1.15046
42.9688 1.15016

42.9688 1.15016
43.3594 1.14996

43.3594 1.14996
43.75 1.14983

43.75 1.14983
44.1406 1.14979

44.1406 1.14979
44.5312 1.14983

44.5312 1.14983
44.9219 1.14993

44.9219 1.14993
45.3125 1.15008

45.3125 1.15009
45.7031 1.15028

45.7031 1.15028
46.0938 1.1505

46.0938 1.15051
46.4844 1.15074

46.4844 1.15074
46.875 1.15095

46.875 1.15096
47.2656 1.15114

47.2656 1.15114
47.6562 1.15126

47.6562 1.15127
48.0469 1.15129

48.0469 1.1513
48.4375 1.15121

48.4375 1.15122
48.8281 1.15098

48.8281 1.15099
49.2188 1.15058

49.2188 1.15058
49.6094 1.14997

49.6094 1.14997
50 1.14912

50 1.14913
50.3906 1.14801

50.3906 1.14802
50.7812 1.14661

50.7812 1.14662
51.1719 1.1449

51.1719 1.1449
51.5625 1.14285

51.5625 1.14286
51.9531 1.14046

51.9531 1.14046
52.3438 1.13771

52.3438 1.13772
52.7344 1.13461

52.7344 1.13461
53.125 1.13114

53.125 1.13114
53.5156 1.12732

53.5156 1.12731
53.9062 1.12316

53.9062 1.12316
54.2969 1.11869

54.2969 1.11868
54.6875 1.11392

54.6875 1.11391
55.0781 1.10889

55.0781 1.10888
55.4688 1.10363

55.4688 1.10362
55.8594 1.09819

55.8594 1.09818
56.25 1.0926

56.25 1.09259
56.6406 1.08691

56.6406 1.0869
57.0312 1.08116

57.0312 1.08115
57.4219 1.07539

57.4219 1.07538
57.8125 1.06966

57.8125 1.06965
58.2031 1.06399

58.2031 1.06398
58.5938 1.05843

58.5938 1.05842
58.9844 1.05301

58.9844 1.053
59.375 1.04776

59.375 1.04775
59.7656 1.04271

59.7656 1.0427
60.1562 1.03788

60.1562 1.03787
60.5469 1.03328

60.5469 1.03328
60.9375 1.02893

60.9375 1.02893
61.3281 1.02484

61.3281 1.02484
61.7188 1.02101

61.7188 1.02101
62.1094 1.01744

62.1094 1.01744
62.5 1.01414

62.5 1.01414
62.8906 1.01109

62.8906 1.01109
63.2812 1.00829

63.2812 1.00829
63.6719 1.00574

63.6719 1.00574
64.0625 1.00342

64.0625 1.00342
64.4531 1.00133

64.4531 1.00133
64.8438 0.99945

64.8438 0.999452
65.2344 0.99778

65.2344 0.997782
65.625 0.996307

65.625 0.996309
66.0156 0.995022

66.0156 0.995024
66.4062 0.993915

66.4062 0.993917
66.7969 0.992978

66.7969 0.99298
67.1875 0.992203

67.1875 0.992205
67.5781 0.991583

67.5781 0.991585
67.9688 0.99111

67.9688 0.991112
68.3594 0.990779

68.3594 0.99078
68.75 0.990581

68.75 0.990583
69.1406 0.990511

69.1406 0.990513
69.5312 0.990563

69.5312 0.990565
69.9219 0.99073

69.9219 0.990732
70.3125 0.991006

70.3125 0.991008
70.7031 0.991384

70.7031 0.991386
71.0938 0.991858

71.0938 0.99186
71.4844 0.992419

71.4844 0.992421
71.875 0.993062

71.875 0.993064
72.2656 0.993777

72.2656 0.993779
72.6562 0.994557

72.6562 0.994559
73.0469 0.995393

73.0469 0.995395
73.4375 0.996276

73.4375 0.996278
73.8281 0.997198

73.8281 1.07662
74.2188 0.918725

74.2713 0
74.3086 0.390625

74.3899 0.390625
74.3394 0.78125

74.2188 1.15023
74.5245 0.78125

