6.64062 1.17181
6.28614 1.17188

6.64062 1.17182
7.03125 1.17166

7.03125 1.17166
7.42188 1.17139

7.42188 1.17139
7.8125 1.17103

7.8125 1.17103
8.20312 1.17057

8.20312 1.17057
8.59375 1.17002

8.59375 1.17001
8.98438 1.16938

8.98438 1.16937
9.375 1.16866

9.375 1.16865
9.76562 1.16786

9.76562 1.16786
10.1562 1.167

10.1562 1.167
10.5469 1.16608

10.5469 1.16608
10.9375 1.16511

10.9375 1.16511
11.3281 1.16411

11.3281 1.1641
11.7188 1.16307

11.7188 1.16307
12.1094 1.16201

12.1094 1.16201
12.5 1.16094

12.5 1.16094
12.8906 1.15988

12.8906 1.15988
13.2812 1.15882

13.2812 1.15882
13.6719 1.15779

13.6719 1.15778
14.0625 1.15678

14.0625 1.15678
14.4531 1.15582

14.4531 1.15582
14.8438 1.15491

14.8438 1.1549
15.2344 1.15405

15.2344 1.15405
15.625 1.15326

15.625 1.15326
16.0156 1.15255

16.0156 1.15255
16.4062 1.15192

16.4062 1.15191
16.7969 1.15137

16.7969 1.15137
17.1875 1.15092

17.1875 1.15092
17.5781 1.15056

17.5781 1.15056
17.9688 1.15031

17.9688 1.15031
18.3594 1.15015

18.3594 1.15015
18.75 1.15011

18.75 1.15011
19.1406 1.15016

19.1406 1.15016
19.5312 1.15032

19.5312 1.15032
19.9219 1.15059

19.9219 1.15059
20.3125 1.15095

20.3125 1.15095
20.7031 1.15141

20.7031 1.15141
21.0938 1.15196

21.0938 1.15196
21.4844 1.1526

21.4844 1.1526
21.875 1.15332

21.875 1.15332
22.2656 1.15411

22.2656 1.15412
22.6562 1.15498

22.6562 1.15498
23.0469 1.15589

23.0469 1.1559
23.4375 1.15686

23.4375 1.15686
23.8281 1.15787

23.8281 1.15787
24.2188 1.1589

24.2188 1.15891
24.6094 1.15996

24.6094 1.15996
25 1.16103

25 1.16103
25.3906 1.1621

25.3906 1.1621
25.7812 1.16315

25.7812 1.16315
26.1719 1.16419

26.1719 1.16419
26.5625 1.16519

26.5625 1.16519
26.9531 1.16616

26.9531 1.16616
27.3438 1.16707

27.3438 1.16707
27.7344 1.16793

27.7344 1.16793
28.125 1.16872

28.125 1.16872
28.5156 1.16943

28.5156 1.16943
28.9062 1.17006

28.9062 1.17007
29.2969 1.17061

29.2969 1.17061
29.6875 1.17106

29.6875 1.17106
30.0781 1.17142

30.0781 1.17142
30.4688 1.17168

30.4688 1.17167
30.8594 1.17183

31.6406 1.17181
31.286 1.17188

31.6406 1.17182
32.0312 1.17166

32.0312 1.17166
32.4219 1.17139

32.4219 1.17139
32.8125 1.17103

32.8125 1.17103
33.2031 1.17057

33.2031 1.17057
33.5938 1.17002

33.5938 1.17001
33.9844 1.16938

33.9844 1.16937
34.375 1.16866

34.375 1.16865
34.7656 1.16786

34.7656 1.16786
35.1562 1.167

35.1562 1.167
35.5469 1.16608

35.5469 1.16608
35.9375 1.16511

35.9375 1.16511
36.3281 1.16411

36.3281 1.1641
36.7188 1.16307

36.7188 1.16307
37.1094 1.16201

37.1094 1.16201
37.5 1.16094

37.5 1.16094
37.8906 1.15988

37.8906 1.15988
38.2812 1.15882

38.2812 1.15882
38.6719 1.15779

38.6719 1.15778
39.0625 1.15678

39.0625 1.15678
39.4531 1.15582

39.4531 1.15582
39.8438 1.15491

39.8438 1.1549
40.2344 1.15405

40.2344 1.15405
40.625 1.15326

40.625 1.15326
41.0156 1.15255

41.0156 1.15255
41.4062 1.15192

41.4062 1.15191
41.7969 1.15137

41.7969 1.15137
42.1875 1.15092

42.1875 1.15092
42.5781 1.15056

42.5781 1.15056
42.9688 1.1503

42.9688 1.1503
43.3594 1.15015

43.3594 1.15015
43.75 1.1501

43.75 1.1501
44.1406 1.15015

44.1406 1.15015
44.5312 1.15031

44.5312 1.15031
44.9219 1.15056

44.9219 1.15056
45.3125 1.15092

45.3125 1.15092
45.7031 1.15136

45.7031 1.15136
46.0938 1.15189

46.0938 1.15189
46.4844 1.1525

46.4844 1.15251
46.875 1.15319

46.875 1.15319
47.2656 1.15393

47.2656 1.15393
47.6562 1.15472

47.6562 1.15473
48.0469 1.15555

48.0469 1.15556
48.4375 1.15641

48.4375 1.15641
48.8281 1.15727

48.8281 1.15728
49.2188 1.15813

49.2188 1.15813
49.6094 1.15895

49.6094 1.15896
50 1.15973

50 1.15974
50.3906 1.16045

50.3906 1.16045
50.7812 1.16107

50.7812 1.16108
51.1719 1.16158

51.1719 1.16158
51.5625 1.16195

51.5625 1.16195
51.9531 1.16215

51.9531 1.16216
52.3438 1.16216

52.3438 1.16217
52.7344 1.16196

52.7344 1.16196
53.125 1.16151

53.125 1.16151
53.5156 1.16079

53.5156 1.16079
53.9062 1.15977

53.9062 1.15978
54.2969 1.15844

54.2969 1.15845
54.6875 1.15678

54.6875 1.15678
55.0781 1.15475

55.0781 1.15476
55.4688 1.15236

55.4688 1.15237
55.8594 1.1496

55.8594 1.1496
56.25 1.14644

56.25 1.14644
56.6406 1.14291

56.6406 1.14291
57.0312 1.13899

57.0312 1.13899
57.4219 1.13471

57.4219 1.13471
57.8125 1.13008

57.8125 1.13007
58.2031 1.12511

58.2031 1.1251
58.5938 1.11984

58.5938 1.11983
58.9844 1.1143

58.9844 1.11429
59.375 1.10852

59.375 1.10851
59.7656 1.10254

59.7656 1.10253
60.1562 1.09641

60.1562 1.0964
60.5469 1.09017

60.5469 1.09016
60.9375 1.08387

60.9375 1.08386
61.3281 1.07755

61.3281 1.07754
61.7188 1.07126

61.7188 1.07125
62.1094 1.06504

62.1094 1.06503
62.5 1.05894

62.5 1.05893
62.8906 1.053

62.8906 1.05299
63.2812 1.04725

63.2812 1.04725
63.6719 1.04173

63.6719 1.04172
64.0625 1.03647

64.0625 1.03646
64.4531 1.03148

64.4531 1.03148
64.8438 1.0268

64.8438 1.02679
65.2344 1.02243

65.2344 1.02243
65.625 1.01839

65.625 1.01839
66.0156 1.01468

66.0156 1.01468
66.4062 1.01131

66.4062 1.01131
66.7969 1.00828

66.7969 1.00828
67.1875 1.00558

67.1875 1.00558
67.5781 1.0032

67.5781 1.0032
67.9688 1.00114

67.9688 1.00115
68.3594 0.999386

68.3594 0.999389
68.75 0.99792

68.75 0.997924
69.1406 0.996729

69.1406 0.996733
69.5312 0.995798

69.5312 0.995802
69.9219 0.995109

69.9219 0.995113
70.3125 0.994644

70.3125 0.994649
70.7031 0.994387

70.7031 0.994392
71.0938 0.99432

71.0938 0.994324
71.4844 0.994424

71.4844 0.994428
71.875 0.994682

71.875 0.994686
72.2656 0.995077

72.2656 0.995081
72.6562 0.995592

72.6562 0.995596
73.0469 0.996211

73.0469 0.996215
73.4375 0.996917

73.4375 0.996921
73.8281 0.997696

73.8281 0.997699
74.2188 0.998532

74.2188 0.998535
74.6094 0.99941

74.6094 0.999414
75 1.00032

75 1.00032
75.3906 1.00124

75.3906 1.00125
75.7812 1.00217

75.7812 1.00217
76.1719 1.00309

76.1719 1.00309
76.5625 1.00399

76.5625 1.00399
76.9531 1.00486

76.9531 1.00486
77.3438 1.00568

77.3438 1.00569
77.7344 1.00646

77.7344 1.00647
78.125 1.00718

78.125 1.00718
78.5156 1.00784

78.5156 1.00784
78.9062 1.00842

78.9062 1.00842
79.2969 1.00892

79.2969 1.00892
79.6875 1.00934

80.1558 0
80.1928 0.390625

80.2713 0.390625
80.2255 0.78125

79.6875 1.07981
80.0781 0.939203

80.0781 1.17011
80.4137 0.78125

