6.64062 1.17181
6.28604 1.17188

6.64062 1.17182
7.03125 1.17166

7.03125 1.17166
7.42188 1.17139

7.42188 1.17139
7.8125 1.17103

7.8125 1.17103
8.20312 1.17057

8.20312 1.17057
8.59375 1.17002

8.59375 1.17001
8.98438 1.16938

8.98438 1.16937
9.375 1.16866

9.375 1.16865
9.76562 1.16786

9.76562 1.16786
10.1562 1.167

10.1562 1.167
10.5469 1.16608

10.5469 1.16608
10.9375 1.16511

10.9375 1.16511
11.3281 1.16411

11.3281 1.1641
11.7188 1.16307

11.7188 1.16307
12.1094 1.16201

12.1094 1.16201
12.5 1.16094

12.5 1.16094
12.8906 1.15988

12.8906 1.15988
13.2812 1.15882

13.2812 1.15882
13.6719 1.15779

13.6719 1.15778
14.0625 1.15678

14.0625 1.15678
14.4531 1.15582

14.4531 1.15582
14.8438 1.15491

14.8438 1.1549
15.2344 1.15405

15.2344 1.15405
15.625 1.15326

15.625 1.15326
16.0156 1.15255

16.0156 1.15255
16.4062 1.15191

16.4062 1.15191
16.7969 1.15137

16.7969 1.15137
17.1875 1.15092

17.1875 1.15092
17.5781 1.15056

17.5781 1.15056
17.9688 1.15031

17.9688 1.15031
18.3594 1.15015

18.3594 1.15015
18.75 1.1501

18.75 1.1501
19.1406 1.15016

19.1406 1.15016
19.5312 1.15032

19.5312 1.15032
19.9219 1.15059

19.9219 1.15059
20.3125 1.15095

20.3125 1.15095
20.7031 1.15141

20.7031 1.15141
21.0938 1.15196

21.0938 1.15196
21.4844 1.1526

21.4844 1.1526
21.875 1.15332

21.875 1.15332
22.2656 1.15411

22.2656 1.15412
22.6562 1.15497

22.6562 1.15498
23.0469 1.15589

23.0469 1.1559
23.4375 1.15686

23.4375 1.15686
23.8281 1.15787

23.8281 1.15787
24.2188 1.1589

24.2188 1.15891
24.6094 1.15996

24.6094 1.15996
25 1.16103

25 1.16103
25.3906 1.1621

25.3906 1.1621
25.7812 1.16315

25.7812 1.16315
26.1719 1.16419

26.1719 1.16419
26.5625 1.16519

26.5625 1.16519
26.9531 1.16616

26.9531 1.16616
27.3438 1.16707

27.3438 1.16707
27.7344 1.16793

27.7344 1.16793
28.125 1.16872

28.125 1.16872
28.5156 1.16943

28.5156 1.16943
28.9062 1.17006

28.9062 1.17007
29.2969 1.17061

29.2969 1.17061
29.6875 1.17106

29.6875 1.17106
30.0781 1.17142

30.0781 1.17142
30.4688 1.17167

30.4688 1.17167
30.8594 1.17183

31.6406 1.17181
31.2862 1.17188

31.6406 1.17182
32.0312 1.17166

32.0312 1.17166
32.4219 1.17139

32.4219 1.17139
32.8125 1.17103

32.8125 1.17103
33.2031 1.17057

33.2031 1.17057
33.5938 1.17002

33.5938 1.17001
33.9844 1.16938

33.9844 1.16937
34.375 1.16865

34.375 1.16865
34.7656 1.16786

34.7656 1.16786
35.1562 1.167

35.1562 1.167
35.5469 1.16608

35.5469 1.16608
35.9375 1.16511

35.9375 1.16511
36.3281 1.16411

36.3281 1.1641
36.7188 1.16307

36.7188 1.16307
37.1094 1.16201

37.1094 1.16201
37.5 1.16094

37.5 1.16094
37.8906 1.15988

37.8906 1.15988
38.2812 1.15882

38.2812 1.15882
38.6719 1.15779

38.6719 1.15778
39.0625 1.15678

39.0625 1.15678
39.4531 1.15582

39.4531 1.15582
39.8438 1.15491

39.8438 1.1549
40.2344 1.15405

40.2344 1.15405
40.625 1.15326

40.625 1.15326
41.0156 1.15255

41.0156 1.15255
41.4062 1.15192

41.4062 1.15191
41.7969 1.15137

41.7969 1.15137
42.1875 1.15092

42.1875 1.15092
42.5781 1.15056

42.5781 1.15056
42.9688 1.15031

42.9688 1.15031
43.3594 1.15015

43.3594 1.15015
43.75 1.15011

43.75 1.15011
44.1406 1.15016

44.1406 1.15016
44.5312 1.15032

44.5312 1.15032
44.9219 1.15059

44.9219 1.15059
45.3125 1.15095

45.3125 1.15095
45.7031 1.15141

45.7031 1.15141
46.0938 1.15196

46.0938 1.15196
46.4844 1.1526

46.4844 1.1526
46.875 1.15332

46.875 1.15332
47.2656 1.15412

47.2656 1.15412
47.6562 1.15498

47.6562 1.15498
48.0469 1.15589

48.0469 1.1559
48.4375 1.15686

48.4375 1.15686
48.8281 1.15787

48.8281 1.15787
49.2188 1.15891

49.2188 1.15891
49.6094 1.15996

49.6094 1.15997
50 1.16103

50 1.16103
50.3906 1.1621

50.3906 1.1621
50.7812 1.16315

50.7812 1.16316
51.1719 1.16419

51.1719 1.16419
51.5625 1.16519

51.5625 1.1652
51.9531 1.16616

51.9531 1.16616
52.3438 1.16707

52.3438 1.16707
52.7344 1.16793

52.7344 1.16793
53.125 1.16871

53.125 1.16872
53.5156 1.16943

53.5156 1.16943
53.9062 1.17006

53.9062 1.17006
54.2969 1.1706

54.2969 1.1706
54.6875 1.17105

54.6875 1.17105
55.0781 1.1714

55.0781 1.1714
55.4688 1.17164

55.4688 1.17164
55.8594 1.17178

55.8594 1.17178
56.25 1.17181

56.25 1.17182
56.6406 1.17174

56.6406 1.17174
57.0312 1.17154

57.0312 1.17154
57.4219 1.17124

57.4219 1.17124
57.8125 1.17083

57.8125 1.17083
58.2031 1.1703

58.2031 1.1703
58.5938 1.16967

58.5938 1.16967
58.9844 1.16892

58.9844 1.16892
59.375 1.16807

59.375 1.16807
59.7656 1.16712

59.7656 1.16712
60.1562 1.16606

60.1562 1.16606
60.5469 1.1649

60.5469 1.1649
60.9375 1.16364

60.9375 1.16364
61.3281 1.16228

61.3281 1.16228
61.7188 1.16083

61.7188 1.16083
62.1094 1.15927

62.1094 1.15927
62.5 1.15761

62.5 1.15761
62.8906 1.15585

62.8906 1.15586
63.2812 1.15399

63.2812 1.154
63.6719 1.15203

63.6719 1.15203
64.0625 1.14996

64.0625 1.14996
64.4531 1.14777

64.4531 1.14778
64.8438 1.14548

64.8438 1.14548
65.2344 1.14306

65.2344 1.14306
65.625 1.14053

65.625 1.14053
66.0156 1.13787

66.0156 1.13787
66.4062 1.13509

66.4062 1.13509
66.7969 1.13218

66.7969 1.13218
67.1875 1.12915

67.1875 1.12914
67.5781 1.12598

67.5781 1.12598
67.9688 1.1227

67.9688 1.12269
68.3594 1.11929

68.3594 1.11929
68.75 1.11576

68.75 1.11576
69.1406 1.11213

69.1406 1.11213
69.5312 1.1084

69.5312 1.1084
69.9219 1.10458

69.9219 1.10458
70.3125 1.10069

70.3125 1.10068
70.7031 1.09673

70.7031 1.09673
71.0938 1.09273

71.0938 1.09272
71.4844 1.08869

71.4844 1.08869
71.875 1.08465

71.875 1.08465
72.2656 1.08061

72.2656 1.08061
72.6562 1.0766

72.6562 1.0766
73.0469 1.07264

73.0469 1.07263
73.4375 1.06874

73.4375 1.06873
73.8281 1.06492

73.8281 1.06491
74.2188 1.0612

74.2188 1.06119
74.6094 1.05759

74.6094 1.05759
75 1.05411

75 1.05411
75.3906 1.05077

75.3906 1.05077
75.7812 1.04758

75.7812 1.04757
76.1719 1.04454

76.1719 1.04454
76.5625 1.04167

76.5625 1.04167
76.9531 1.03895

76.9531 1.03895
77.3438 1.03641

77.3438 1.03641
77.7344 1.03402

77.7344 1.03402
78.125 1.03179

78.125 1.03179
78.5156 1.02971

78.5156 1.02971
78.9062 1.02777

78.9062 1.02777
79.2969 1.02596

79.2969 1.02597
79.6875 1.02428

79.6875 1.02428
80.0781 1.0227

80.0781 1.0227
80.4688 1.02122

80.4688 1.02123
80.8594 1.01983

80.8594 1.01983
81.25 1.01851

81.25 1.01851
81.6406 1.01725

81.6406 1.01725
82.0312 1.01604

82.0312 1.01604
82.4219 1.01486

82.4219 1.01486
82.8125 1.01372

82.8125 1.01372
83.2031 1.01259

83.2031 1.01259
83.5938 1.01148

83.5938 1.01148
83.9844 1.01038

83.9844 1.01038
84.375 1.00927

84.375 1.00927
84.7656 1.00817

84.7656 1.00817
85.1562 1.00707

85.1562 1.00707
85.5469 1.00596

85.5469 1.00596
85.9375 1.00486

85.9375 1.00485
86.3281 1.00375

86.3281 1.00375
86.7188 1.00265

86.7188 1.00265
87.1094 1.00155

87.1094 1.00155
87.5 1.00048

87.5 1.00047
87.8906 0.999414

87.8906 0.999413
88.2812 0.998379

88.2812 0.998377
88.6719 0.997375

88.6719 0.997374
89.0625 0.99641

89.0625 0.996409
89.4531 0.995491

89.4531 0.995489
89.8438 0.994624

89.8438 0.994622
90.2344 0.993816

90.2344 0.993814
90.625 0.993074

90.625 0.993072
91.0156 0.992403

91.0156 0.992402
91.4062 0.991809

91.4062 0.991808
91.7969 0.991298

91.7969 0.991297
92.1875 0.990874

92.1875 0.990873
92.5781 0.990539

92.5781 0.990539
92.9688 0.990298

92.9688 0.990298
93.3594 0.990152

93.3594 0.990152
93.75 0.990102

93.75 0.990102
94.1406 0.99015

94.1406 0.99015
94.5312 0.990293

94.5312 0.990293
94.9219 0.990531

94.9219 0.993343
95.3125 0.988049

95.6165 0
95.6543 0.390625

95.7031 0.608002
95.6524 0.78125

95.7342 0.390625
95.7105 0.78125

95.3125 1.11989
95.7031 0.86225

95.7031 1.09418
95.8668 0.78125

