6.64062 1.17181
6.28618 1.17188

6.64062 1.17182
7.03125 1.17166

7.03125 1.17166
7.42188 1.17139

7.42188 1.17139
7.8125 1.17103

7.8125 1.17103
8.20312 1.17057

8.20312 1.17057
8.59375 1.17002

8.59375 1.17001
8.98438 1.16938

8.98438 1.16937
9.375 1.16866

9.375 1.16865
9.76562 1.16786

9.76562 1.16786
10.1562 1.167

10.1562 1.167
10.5469 1.16608

10.5469 1.16608
10.9375 1.16511

10.9375 1.16511
11.3281 1.16411

11.3281 1.1641
11.7188 1.16307

11.7188 1.16307
12.1094 1.16201

12.1094 1.16201
12.5 1.16094

12.5 1.16094
12.8906 1.15988

12.8906 1.15988
13.2812 1.15882

13.2812 1.15882
13.6719 1.15779

13.6719 1.15778
14.0625 1.15678

14.0625 1.15678
14.4531 1.15582

14.4531 1.15582
14.8438 1.15491

14.8438 1.1549
15.2344 1.15405

15.2344 1.15405
15.625 1.15326

15.625 1.15326
16.0156 1.15255

16.0156 1.15255
16.4062 1.15192

16.4062 1.15191
16.7969 1.15137

16.7969 1.15137
17.1875 1.15092

17.1875 1.15092
17.5781 1.15056

17.5781 1.15056
17.9688 1.15031

17.9688 1.15031
18.3594 1.15015

18.3594 1.15015
18.75 1.15011

18.75 1.15011
19.1406 1.15016

19.1406 1.15016
19.5312 1.15032

19.5312 1.15032
19.9219 1.15059

19.9219 1.15059
20.3125 1.15095

20.3125 1.15095
20.7031 1.15141

20.7031 1.15141
21.0938 1.15196

21.0938 1.15196
21.4844 1.1526

21.4844 1.1526
21.875 1.15332

21.875 1.15332
22.2656 1.15411

22.2656 1.15412
22.6562 1.15498

22.6562 1.15498
23.0469 1.15589

23.0469 1.1559
23.4375 1.15686

23.4375 1.15686
23.8281 1.15787

23.8281 1.15787
24.2188 1.1589

24.2188 1.15891
24.6094 1.15996

24.6094 1.15996
25 1.16103

25 1.16103
25.3906 1.1621

25.3906 1.1621
25.7812 1.16315

25.7812 1.16315
26.1719 1.16419

26.1719 1.16419
26.5625 1.16519

26.5625 1.1652
26.9531 1.16616

26.9531 1.16616
27.3438 1.16707

27.3438 1.16707
27.7344 1.16793

27.7344 1.16793
28.125 1.16872

28.125 1.16872
28.5156 1.16943

28.5156 1.16943
28.9062 1.17006

28.9062 1.17007
29.2969 1.17061

29.2969 1.17061
29.6875 1.17106

29.6875 1.17107
30.0781 1.17142

30.0781 1.17142
30.4688 1.17168

30.4688 1.17167
30.8594 1.17183

31.6406 1.17181
31.2859 1.17188

31.6406 1.17182
32.0312 1.17166

32.0312 1.17166
32.4219 1.17139

32.4219 1.17139
32.8125 1.17103

32.8125 1.17103
33.2031 1.17057

33.2031 1.17057
33.5938 1.17002

33.5938 1.17001
33.9844 1.16938

33.9844 1.16938
34.375 1.16866

34.375 1.16865
34.7656 1.16786

34.7656 1.16786
35.1562 1.167

35.1562 1.167
35.5469 1.16608

35.5469 1.16608
35.9375 1.16511

35.9375 1.16511
36.3281 1.16411

36.3281 1.16411
36.7188 1.16307

36.7188 1.16307
37.1094 1.16201

37.1094 1.16201
37.5 1.16094

37.5 1.16094
37.8906 1.15988

37.8906 1.15987
38.2812 1.15882

38.2812 1.15882
38.6719 1.15778

38.6719 1.15778
39.0625 1.15677

39.0625 1.15677
39.4531 1.1558

39.4531 1.1558
39.8438 1.15488

39.8438 1.15487
40.2344 1.154

40.2344 1.154
40.625 1.15319

40.625 1.15319
41.0156 1.15245

41.0156 1.15245
41.4062 1.15177

41.4062 1.15177
41.7969 1.15117

41.7969 1.15117
42.1875 1.15064

42.1875 1.15064
42.5781 1.15018

42.5781 1.15018
42.9688 1.14979

42.9688 1.14979
43.3594 1.14947

43.3594 1.14947
43.75 1.1492

43.75 1.1492
44.1406 1.14898

44.1406 1.14898
44.5312 1.14879

44.5312 1.14879
44.9219 1.14862

44.9219 1.14863
45.3125 1.14845

45.3125 1.14846
45.7031 1.14826

45.7031 1.14827
46.0938 1.14803

46.0938 1.14803
46.4844 1.14772

46.4844 1.14773
46.875 1.14732

46.875 1.14733
47.2656 1.1468

47.2656 1.14681
47.6562 1.14613

47.6562 1.14613
48.0469 1.14527

48.0469 1.14528
48.4375 1.1442

48.4375 1.14421
48.8281 1.1429

48.8281 1.1429
49.2188 1.14133

49.2188 1.14134
49.6094 1.13948

49.6094 1.13948
50 1.13732

50 1.13732
50.3906 1.13485

50.3906 1.13485
50.7812 1.13205

50.7812 1.13205
51.1719 1.12892

51.1719 1.12892
51.5625 1.12546

51.5625 1.12546
51.9531 1.12168

51.9531 1.12168
52.3438 1.1176

52.3438 1.1176
52.7344 1.11324

52.7344 1.11323
53.125 1.10862

53.125 1.10861
53.5156 1.10377

53.5156 1.10376
53.9062 1.09873

53.9062 1.09872
54.2969 1.09354

54.2969 1.09353
54.6875 1.08823

54.6875 1.08822
55.0781 1.08286

55.0781 1.08285
55.4688 1.07746

55.4688 1.07745
55.8594 1.07207

55.8594 1.07206
56.25 1.06673

56.25 1.06672
56.6406 1.06148

56.6406 1.06147
57.0312 1.05635

57.0312 1.05634
57.4219 1.05137

57.4219 1.05137
57.8125 1.04657

57.8125 1.04657
58.2031 1.04197

58.2031 1.04197
58.5938 1.03758

58.5938 1.03758
58.9844 1.03341

58.9844 1.03341
59.375 1.02947

59.375 1.02947
59.7656 1.02577

59.7656 1.02577
60.1562 1.02229

60.1562 1.02229
60.5469 1.01905

60.5469 1.01905
60.9375 1.01603

60.9375 1.01603
61.3281 1.01323

61.3281 1.01323
61.7188 1.01063

61.7188 1.01063
62.1094 1.00823

62.1094 1.00823
62.5 1.00602

62.5 1.00602
62.8906 1.00399

62.8906 1.00399
63.2812 1.00212

63.2812 1.00212
63.6719 1.00042

63.6719 1.00042
64.0625 0.998863

64.0625 0.998865
64.4531 0.997454

64.4531 0.997455
64.8438 0.996182

64.8438 0.996183
65.2344 0.995042

65.2344 0.995043
65.625 0.99403

65.625 0.994031
66.0156 0.993142

66.0156 0.993143
66.4062 0.992375

66.4062 0.992376
66.7969 0.991726

66.7969 0.991727
67.1875 0.991194

67.1875 0.991195
67.5781 0.990776

67.5781 0.990777
67.9688 0.990471

67.9688 0.990471
68.3594 0.990276

68.3594 0.990276
68.75 0.99019

68.75 0.99019
69.1406 0.990209

69.1406 0.99021
69.5312 0.990333

69.5312 0.990334
69.9219 0.990557

69.9219 0.990558
70.3125 0.990877

70.3125 0.990878
70.7031 0.991289

70.7031 0.991291
71.0938 0.991789

71.0938 0.991791
71.4844 0.992371

71.4844 1.0852
71.875 0.900198

71.8913 0
71.9288 0.390625

72.0084 0.390625
71.9619 0.78125

71.875 1.13642
72.1417 0.78125

