6.64062 1.17181
6.28733 1.17188

6.64062 1.17182
7.03125 1.17166

7.03125 1.17166
7.42188 1.17139

7.42188 1.17139
7.8125 1.17103

7.8125 1.17103
8.20312 1.17057

8.20312 1.17057
8.59375 1.17002

8.59375 1.17001
8.98438 1.16938

8.98438 1.16937
9.375 1.16866

9.375 1.16865
9.76562 1.16786

9.76562 1.16786
10.1562 1.167

10.1562 1.167
10.5469 1.16608

10.5469 1.16608
10.9375 1.16511

10.9375 1.16511
11.3281 1.16411

11.3281 1.1641
11.7188 1.16307

11.7188 1.16307
12.1094 1.16201

12.1094 1.16201
12.5 1.16095

12.5 1.16094
12.8906 1.15988

12.8906 1.15988
13.2812 1.15882

13.2812 1.15882
13.6719 1.15779

13.6719 1.15779
14.0625 1.15678

14.0625 1.15678
14.4531 1.15582

14.4531 1.15582
14.8438 1.15491

14.8438 1.1549
15.2344 1.15405

15.2344 1.15405
15.625 1.15326

15.625 1.15326
16.0156 1.15255

16.0156 1.15255
16.4062 1.15192

16.4062 1.15191
16.7969 1.15137

16.7969 1.15137
17.1875 1.15092

17.1875 1.15092
17.5781 1.15056

17.5781 1.15056
17.9688 1.15031

17.9688 1.15031
18.3594 1.15015

18.3594 1.15015
18.75 1.15011

18.75 1.15011
19.1406 1.15016

19.1406 1.15016
19.5312 1.15032

19.5312 1.15032
19.9219 1.15059

19.9219 1.15059
20.3125 1.15095

20.3125 1.15095
20.7031 1.15141

20.7031 1.15141
21.0938 1.15196

21.0938 1.15196
21.4844 1.1526

21.4844 1.1526
21.875 1.15332

21.875 1.15332
22.2656 1.15412

22.2656 1.15412
22.6562 1.15498

22.6562 1.15498
23.0469 1.15589

23.0469 1.1559
23.4375 1.15686

23.4375 1.15686
23.8281 1.15787

23.8281 1.15787
24.2188 1.15891

24.2188 1.15891
24.6094 1.15996

24.6094 1.15997
25 1.16103

25 1.16103
25.3906 1.1621

25.3906 1.1621
25.7812 1.16315

25.7812 1.16316
26.1719 1.16419

26.1719 1.16419
26.5625 1.16519

26.5625 1.1652
26.9531 1.16616

26.9531 1.16616
27.3438 1.16707

27.3438 1.16708
27.7344 1.16793

27.7344 1.16793
28.125 1.16872

28.125 1.16872
28.5156 1.16943

28.5156 1.16943
28.9062 1.17007

28.9062 1.17007
29.2969 1.17061

29.2969 1.17061
29.6875 1.17107

29.6875 1.17107
30.0781 1.17142

30.0781 1.17142
30.4688 1.17168

30.4688 1.17167
30.8594 1.17184

31.6406 1.17182
31.2955 1.17188

31.6406 1.17182
32.0312 1.17166

32.0312 1.17166
32.4219 1.1714

32.4219 1.1714
32.8125 1.17103

32.8125 1.17103
33.2031 1.17057

33.2031 1.17057
33.5938 1.17002

33.5938 1.17002
33.9844 1.16938

33.9844 1.16938
34.375 1.16866

34.375 1.16866
34.7656 1.16786

34.7656 1.16786
35.1562 1.167

35.1562 1.167
35.5469 1.16608

35.5469 1.16608
35.9375 1.16512

35.9375 1.16511
36.3281 1.16411

36.3281 1.16411
36.7188 1.16307

36.7188 1.16307
37.1094 1.16202

37.1094 1.16201
37.5 1.16095

37.5 1.16095
37.8906 1.15988

37.8906 1.15988
38.2812 1.15883

38.2812 1.15882
38.6719 1.15779

38.6719 1.15779
39.0625 1.15679

39.0625 1.15678
39.4531 1.15582

39.4531 1.15582
39.8438 1.15491

39.8438 1.15491
40.2344 1.15405

40.2344 1.15405
40.625 1.15326

40.625 1.15326
41.0156 1.15254

41.0156 1.15254
41.4062 1.1519

41.4062 1.1519
41.7969 1.15134

41.7969 1.15134
42.1875 1.15088

42.1875 1.15088
42.5781 1.1505

42.5781 1.1505
42.9688 1.15022

42.9688 1.15022
43.3594 1.15002

43.3594 1.15002
43.75 1.14992

43.75 1.14992
44.1406 1.14991

44.1406 1.14991
44.5312 1.14997

44.5312 1.14998
44.9219 1.15012

44.9219 1.15012
45.3125 1.15032

45.3125 1.15033
45.7031 1.15059

45.7031 1.15059
46.0938 1.15089

46.0938 1.15089
46.4844 1.15121

46.4844 1.15121
46.875 1.15154

46.875 1.15154
47.2656 1.15185

47.2656 1.15185
47.6562 1.15212

47.6562 1.15213
48.0469 1.15233

48.0469 1.15233
48.4375 1.15244

48.4375 1.15245
48.8281 1.15244

48.8281 1.15244
49.2188 1.15228

49.2188 1.15229
49.6094 1.15194

49.6094 1.15195
50 1.1514

50 1.1514
50.3906 1.15061

50.3906 1.15062
50.7812 1.14955

50.7812 1.14956
51.1719 1.1482

51.1719 1.14821
51.5625 1.14653

51.5625 1.14654
51.9531 1.14453

51.9531 1.14453
52.3438 1.14217

52.3438 1.14217
52.7344 1.13945

52.7344 1.13945
53.125 1.13636

53.125 1.13636
53.5156 1.13291

53.5156 1.1329
53.9062 1.12909

53.9062 1.12909
54.2969 1.12493

54.2969 1.12492
54.6875 1.12044

54.6875 1.12043
55.0781 1.11565

55.0781 1.11564
55.4688 1.11059

55.4688 1.11058
55.8594 1.10529

55.8594 1.10528
56.25 1.09979

56.25 1.09978
56.6406 1.09413

56.6406 1.09412
57.0312 1.08836

57.0312 1.08835
57.4219 1.08253

57.4219 1.08252
57.8125 1.07667

57.8125 1.07666
58.2031 1.07083

58.2031 1.07082
58.5938 1.06505

58.5938 1.06504
58.9844 1.05937

58.9844 1.05936
59.375 1.05383

59.375 1.05382
59.7656 1.04846

59.7656 1.04845
60.1562 1.04328

60.1562 1.04327
60.5469 1.03832

60.5469 1.03832
60.9375 1.0336

60.9375 1.0336
61.3281 1.02914

61.3281 1.02914
61.7188 1.02494

61.7188 1.02494
62.1094 1.02101

62.1094 1.02101
62.5 1.01735

62.5 1.01735
62.8906 1.01396

62.8906 1.01396
63.2812 1.01084

63.2812 1.01084
63.6719 1.00799

63.6719 1.00799
64.0625 1.00539

64.0625 1.00539
64.4531 1.00304

64.4531 1.00304
64.8438 1.00093

64.8438 1.00093
65.2344 0.99905

65.2344 0.999053
65.625 0.997388

65.625 0.997391
66.0156 0.995935

66.0156 0.995938
66.4062 0.994681

66.4062 0.994684
66.7969 0.993616

66.7969 0.993619
67.1875 0.992731

67.1875 0.992733
67.5781 0.992016

67.5781 0.992018
67.9688 0.991463

67.9688 0.991465
68.3594 0.991064

68.3594 0.991066
68.75 0.990809

68.75 0.990811
69.1406 0.990693

69.1406 0.990695
69.5312 0.990706

69.5312 0.990708
69.9219 0.990842

69.9219 0.990844
70.3125 0.991092

70.3125 0.991094
70.7031 0.99145

70.7031 0.991452
71.0938 0.991908

71.0938 0.99191
71.4844 0.992457

71.4844 0.992459
71.875 0.993089

71.875 0.993091
72.2656 0.993797

72.2656 0.993799
72.6562 0.994571

72.6562 0.994573
73.0469 0.995402

73.0469 0.995405
73.4375 0.996283

73.4375 0.996285
73.8281 0.997202

73.8281 0.997204
74.2188 0.998151

74.9243 0
74.9616 0.390625

75 0.637427
74.9605 0.78125

74.2188 0.99997
74.6094 0.997303

74.6094 1.12687
75 0.87235

75.0352 0.390625
75.0146 0.78125

75 1.11219
75.1748 0.78125

