6.64062 1.17181
6.28599 1.17188

6.64062 1.17182
7.03125 1.17166

7.03125 1.17166
7.42188 1.17139

7.42188 1.17139
7.8125 1.17103

7.8125 1.17103
8.20312 1.17057

8.20312 1.17057
8.59375 1.17002

8.59375 1.17001
8.98438 1.16938

8.98438 1.16937
9.375 1.16866

9.375 1.16865
9.76562 1.16786

9.76562 1.16786
10.1562 1.167

10.1562 1.167
10.5469 1.16608

10.5469 1.16608
10.9375 1.16511

10.9375 1.16511
11.3281 1.16411

11.3281 1.1641
11.7188 1.16307

11.7188 1.16307
12.1094 1.16201

12.1094 1.16201
12.5 1.16094

12.5 1.16094
12.8906 1.15988

12.8906 1.15988
13.2812 1.15882

13.2812 1.15882
13.6719 1.15779

13.6719 1.15778
14.0625 1.15678

14.0625 1.15678
14.4531 1.15582

14.4531 1.15582
14.8438 1.15491

14.8438 1.1549
15.2344 1.15405

15.2344 1.15405
15.625 1.15326

15.625 1.15326
16.0156 1.15255

16.0156 1.15255
16.4062 1.15192

16.4062 1.15191
16.7969 1.15137

16.7969 1.15137
17.1875 1.15092

17.1875 1.15092
17.5781 1.15056

17.5781 1.15056
17.9688 1.15031

17.9688 1.15031
18.3594 1.15015

18.3594 1.15015
18.75 1.15011

18.75 1.15011
19.1406 1.15016

19.1406 1.15016
19.5312 1.15032

19.5312 1.15032
19.9219 1.15059

19.9219 1.15059
20.3125 1.15095

20.3125 1.15095
20.7031 1.15141

20.7031 1.15141
21.0938 1.15196

21.0938 1.15196
21.4844 1.1526

21.4844 1.1526
21.875 1.15332

21.875 1.15332
22.2656 1.15412

22.2656 1.15412
22.6562 1.15498

22.6562 1.15498
23.0469 1.15589

23.0469 1.1559
23.4375 1.15686

23.4375 1.15686
23.8281 1.15787

23.8281 1.15787
24.2188 1.15891

24.2188 1.15891
24.6094 1.15996

24.6094 1.15997
25 1.16103

25 1.16103
25.3906 1.1621

25.3906 1.1621
25.7812 1.16315

25.7812 1.16316
26.1719 1.16419

26.1719 1.16419
26.5625 1.16519

26.5625 1.1652
26.9531 1.16616

26.9531 1.16616
27.3438 1.16707

27.3438 1.16707
27.7344 1.16793

27.7344 1.16793
28.125 1.16872

28.125 1.16872
28.5156 1.16943

28.5156 1.16943
28.9062 1.17007

28.9062 1.17007
29.2969 1.17061

29.2969 1.17061
29.6875 1.17107

29.6875 1.17107
30.0781 1.17142

30.0781 1.17142
30.4688 1.17168

30.4688 1.17167
30.8594 1.17184

31.6406 1.17181
31.2893 1.17188

31.6406 1.17182
32.0312 1.17166

32.0312 1.17166
32.4219 1.1714

32.4219 1.17139
32.8125 1.17103

32.8125 1.17103
33.2031 1.17057

33.2031 1.17057
33.5938 1.17002

33.5938 1.17002
33.9844 1.16938

33.9844 1.16938
34.375 1.16866

34.375 1.16865
34.7656 1.16786

34.7656 1.16786
35.1562 1.167

35.1562 1.167
35.5469 1.16608

35.5469 1.16608
35.9375 1.16511

35.9375 1.16511
36.3281 1.16411

36.3281 1.1641
36.7188 1.16307

36.7188 1.16306
37.1094 1.162

37.1094 1.162
37.5 1.16093

37.5 1.16093
37.8906 1.15985

37.8906 1.15985
38.2812 1.15878

38.2812 1.15878
38.6719 1.15773

38.6719 1.15772
39.0625 1.15669

39.0625 1.15669
39.4531 1.15569

39.4531 1.15569
39.8438 1.15472

39.8438 1.15472
40.2344 1.15379

40.2344 1.15379
40.625 1.1529

40.625 1.1529
41.0156 1.15205

41.0156 1.15205
41.4062 1.15125

41.4062 1.15125
41.7969 1.15048

41.7969 1.15048
42.1875 1.14975

42.1875 1.14975
42.5781 1.14904

42.5781 1.14904
42.9688 1.14834

42.9688 1.14834
43.3594 1.14764

43.3594 1.14764
43.75 1.14692

43.75 1.14693
44.1406 1.14617

44.1406 1.14617
44.5312 1.14535

44.5312 1.14536
44.9219 1.14446

44.9219 1.14446
45.3125 1.14345

45.3125 1.14346
45.7031 1.14232

45.7031 1.14232
46.0938 1.14102

46.0938 1.14103
46.4844 1.13954

46.4844 1.13955
46.875 1.13785

46.875 1.13786
47.2656 1.13593

47.2656 1.13593
47.6562 1.13375

47.6562 1.13376
48.0469 1.13131

48.0469 1.13131
48.4375 1.12859

48.4375 1.12859
48.8281 1.12558

48.8281 1.12558
49.2188 1.12228

49.2188 1.12228
49.6094 1.1187

49.6094 1.1187
50 1.11485

50 1.11485
50.3906 1.11074

50.3906 1.11074
50.7812 1.1064

50.7812 1.1064
51.1719 1.10186

51.1719 1.10185
51.5625 1.09713

51.5625 1.09713
51.9531 1.09227

51.9531 1.09226
52.3438 1.08731

52.3438 1.0873
52.7344 1.08229

52.7344 1.08228
53.125 1.07725

53.125 1.07724
53.5156 1.07223

53.5156 1.07222
53.9062 1.06726

53.9062 1.06726
54.2969 1.06239

54.2969 1.06239
54.6875 1.05765

54.6875 1.05764
55.0781 1.05305

55.0781 1.05305
55.4688 1.04863

55.4688 1.04863
55.8594 1.04441

55.8594 1.04441
56.25 1.04039

56.25 1.04039
56.6406 1.03659

56.6406 1.03659
57.0312 1.03301

57.0312 1.03301
57.4219 1.02965

57.4219 1.02965
57.8125 1.02651

57.8125 1.02651
58.2031 1.02358

58.2031 1.02358
58.5938 1.02084

58.5938 1.02084
58.9844 1.01829

58.9844 1.01829
59.375 1.01592

59.375 1.01592
59.7656 1.0137

59.7656 1.01371
60.1562 1.01164

60.1562 1.01164
60.5469 1.00971

60.5469 1.00971
60.9375 1.0079

60.9375 1.0079
61.3281 1.0062

61.3281 1.00621
61.7188 1.00461

61.7188 1.00461
62.1094 1.00311

62.1094 1.00311
62.5 1.00169

62.5 1.00169
62.8906 1.00036

62.8906 1.00036
63.2812 0.999106

63.2812 0.999106
63.6719 0.997928

63.6719 0.997928
64.0625 0.996825

64.0625 0.996825
64.4531 0.995798

64.4531 0.995798
64.8438 0.994848

64.8438 0.994847
65.2344 0.993976

65.2344 0.993976
65.625 0.993186

65.625 0.993186
66.0156 0.99248

66.0156 0.992479
66.4062 0.991861

66.4062 0.99186
66.7969 0.991331

66.7969 0.99133
67.1875 0.990893

67.1875 0.990893
67.5781 0.99055

67.5781 0.990549
67.9688 0.990303

67.9688 0.990303
68.3594 0.990153

68.3594 0.992243
68.75 0.988012

69.0613 0
69.0991 0.390625

69.1406 0.633723
69.0964 0.78125

69.1773 0.390625
69.151 0.78125

68.75 1.11696
69.1406 0.863292

69.1406 1.09749
69.3103 0.78125

