6.64062 1.17181
6.28636 1.17188

6.64062 1.17182
7.03125 1.17166

7.03125 1.17166
7.42188 1.17139

7.42188 1.17139
7.8125 1.17103

7.8125 1.17103
8.20312 1.17057

8.20312 1.17057
8.59375 1.17002

8.59375 1.17001
8.98438 1.16938

8.98438 1.16937
9.375 1.16866

9.375 1.16865
9.76562 1.16786

9.76562 1.16786
10.1562 1.167

10.1562 1.167
10.5469 1.16608

10.5469 1.16608
10.9375 1.16511

10.9375 1.16511
11.3281 1.16411

11.3281 1.1641
11.7188 1.16307

11.7188 1.16307
12.1094 1.16201

12.1094 1.16201
12.5 1.16094

12.5 1.16094
12.8906 1.15988

12.8906 1.15988
13.2812 1.15882

13.2812 1.15882
13.6719 1.15779

13.6719 1.15778
14.0625 1.15678

14.0625 1.15678
14.4531 1.15582

14.4531 1.15582
14.8438 1.15491

14.8438 1.1549
15.2344 1.15405

15.2344 1.15405
15.625 1.15326

15.625 1.15326
16.0156 1.15255

16.0156 1.15255
16.4062 1.15192

16.4062 1.15191
16.7969 1.15137

16.7969 1.15137
17.1875 1.15092

17.1875 1.15092
17.5781 1.15056

17.5781 1.15056
17.9688 1.15031

17.9688 1.15031
18.3594 1.15015

18.3594 1.15015
18.75 1.15011

18.75 1.15011
19.1406 1.15016

19.1406 1.15016
19.5312 1.15032

19.5312 1.15032
19.9219 1.15059

19.9219 1.15059
20.3125 1.15095

20.3125 1.15095
20.7031 1.15141

20.7031 1.15141
21.0938 1.15196

21.0938 1.15196
21.4844 1.1526

21.4844 1.1526
21.875 1.15332

21.875 1.15332
22.2656 1.15412

22.2656 1.15412
22.6562 1.15498

22.6562 1.15498
23.0469 1.15589

23.0469 1.1559
23.4375 1.15686

23.4375 1.15686
23.8281 1.15787

23.8281 1.15787
24.2188 1.1589

24.2188 1.15891
24.6094 1.15996

24.6094 1.15996
25 1.16103

25 1.16103
25.3906 1.1621

25.3906 1.1621
25.7812 1.16315

25.7812 1.16316
26.1719 1.16419

26.1719 1.16419
26.5625 1.16519

26.5625 1.1652
26.9531 1.16616

26.9531 1.16616
27.3438 1.16707

27.3438 1.16707
27.7344 1.16793

27.7344 1.16793
28.125 1.16872

28.125 1.16872
28.5156 1.16943

28.5156 1.16943
28.9062 1.17007

28.9062 1.17007
29.2969 1.17061

29.2969 1.17061
29.6875 1.17107

29.6875 1.17107
30.0781 1.17142

30.0781 1.17142
30.4688 1.17168

30.4688 1.17167
30.8594 1.17184

31.6406 1.17181
31.286 1.17188

31.6406 1.17182
32.0312 1.17166

32.0312 1.17166
32.4219 1.17139

32.4219 1.17139
32.8125 1.17103

32.8125 1.17103
33.2031 1.17057

33.2031 1.17057
33.5938 1.17001

33.5938 1.17001
33.9844 1.16937

33.9844 1.16937
34.375 1.16864

34.375 1.16864
34.7656 1.16784

34.7656 1.16784
35.1562 1.16697

35.1562 1.16697
35.5469 1.16603

35.5469 1.16603
35.9375 1.16504

35.9375 1.16504
36.3281 1.16399

36.3281 1.16399
36.7188 1.1629

36.7188 1.1629
37.1094 1.16177

37.1094 1.16177
37.5 1.16061

37.5 1.16061
37.8906 1.15941

37.8906 1.15941
38.2812 1.15819

38.2812 1.15819
38.6719 1.15693

38.6719 1.15693
39.0625 1.15564

39.0625 1.15565
39.4531 1.15432

39.4531 1.15432
39.8438 1.15295

39.8438 1.15295
40.2344 1.15152

40.2344 1.15153
40.625 1.15003

40.625 1.15004
41.0156 1.14847

41.0156 1.14847
41.4062 1.1468

41.4062 1.1468
41.7969 1.14502

41.7969 1.14503
42.1875 1.14311

42.1875 1.14311
42.5781 1.14104

42.5781 1.14105
42.9688 1.1388

42.9688 1.13881
43.3594 1.13637

43.3594 1.13637
43.75 1.13373

43.75 1.13373
44.1406 1.13086

44.1406 1.13086
44.5312 1.12776

44.5312 1.12776
44.9219 1.12441

44.9219 1.12441
45.3125 1.12081

45.3125 1.12081
45.7031 1.11698

45.7031 1.11697
46.0938 1.1129

46.0938 1.1129
46.4844 1.1086

46.4844 1.1086
46.875 1.10411

46.875 1.1041
47.2656 1.09943

47.2656 1.09942
47.6562 1.09461

47.6562 1.0946
48.0469 1.08969

48.0469 1.08968
48.4375 1.08469

48.4375 1.08468
48.8281 1.07966

48.8281 1.07965
49.2188 1.07464

49.2188 1.07463
49.6094 1.06968

49.6094 1.06967
50 1.06481

50 1.0648
50.3906 1.06008

50.3906 1.06007
50.7812 1.05552

50.7812 1.05551
51.1719 1.05115

51.1719 1.05115
51.5625 1.04702

51.5625 1.04701
51.9531 1.04313

51.9531 1.04313
52.3438 1.0395

52.3438 1.0395
52.7344 1.03614

52.7344 1.03614
53.125 1.03304

53.125 1.03305
53.5156 1.03022

53.5156 1.03022
53.9062 1.02765

53.9062 1.02765
54.2969 1.02533

54.2969 1.02533
54.6875 1.02323

54.6875 1.02324
55.0781 1.02135

55.0781 1.02135
55.4688 1.01965

55.4688 1.01965
55.8594 1.01811

55.8594 1.01812
56.25 1.01672

56.25 1.01672
56.6406 1.01544

56.6406 1.01544
57.0312 1.01426

57.0312 1.01426
57.4219 1.01315

57.4219 1.01315
57.8125 1.0121

57.8125 1.0121
58.2031 1.01109

58.2031 1.01109
58.5938 1.0101

58.5938 1.01011
58.9844 1.00913

58.9844 1.00913
59.375 1.00816

59.375 1.00816
59.7656 1.00719

59.7656 1.00719
60.1562 1.00621

60.1562 1.00621
60.5469 1.00522

60.5469 1.00522
60.9375 1.00422

60.9375 1.00422
61.3281 1.00321

61.3281 1.00321
61.7188 1.00219

61.7188 1.00219
62.1094 1.00118

62.1094 1.00118
62.5 1.00016

62.5 1.00016
62.8906 0.999159

62.8906 0.999158
63.2812 0.998172

63.2812 0.99817
63.6719 0.99721

63.6719 0.997208
64.0625 0.996279

64.5322 0
64.5697 0.390625

64.6554 0.390625
64.5968 0.78125

64.0625 1.06496
64.4531 0.926702

64.4531 1.15033
64.7847 0.78125

