6.64062 1.17181
6.28668 1.17188

6.64062 1.17182
7.03125 1.17166

7.03125 1.17166
7.42188 1.17139

7.42188 1.17139
7.8125 1.17103

7.8125 1.17103
8.20312 1.17057

8.20312 1.17057
8.59375 1.17002

8.59375 1.17001
8.98438 1.16938

8.98438 1.16937
9.375 1.16866

9.375 1.16865
9.76562 1.16786

9.76562 1.16786
10.1562 1.167

10.1562 1.167
10.5469 1.16608

10.5469 1.16608
10.9375 1.16511

10.9375 1.16511
11.3281 1.16411

11.3281 1.1641
11.7188 1.16307

11.7188 1.16307
12.1094 1.16201

12.1094 1.16201
12.5 1.16094

12.5 1.16094
12.8906 1.15988

12.8906 1.15988
13.2812 1.15882

13.2812 1.15882
13.6719 1.15779

13.6719 1.15778
14.0625 1.15678

14.0625 1.15678
14.4531 1.15582

14.4531 1.15582
14.8438 1.15491

14.8438 1.1549
15.2344 1.15405

15.2344 1.15405
15.625 1.15326

15.625 1.15326
16.0156 1.15255

16.0156 1.15255
16.4062 1.15192

16.4062 1.15191
16.7969 1.15137

16.7969 1.15137
17.1875 1.15092

17.1875 1.15092
17.5781 1.15056

17.5781 1.15056
17.9688 1.15031

17.9688 1.15031
18.3594 1.15015

18.3594 1.15015
18.75 1.15011

18.75 1.15011
19.1406 1.15016

19.1406 1.15016
19.5312 1.15032

19.5312 1.15032
19.9219 1.15059

19.9219 1.15059
20.3125 1.15095

20.3125 1.15095
20.7031 1.15141

20.7031 1.15141
21.0938 1.15196

21.0938 1.15196
21.4844 1.1526

21.4844 1.1526
21.875 1.15332

21.875 1.15332
22.2656 1.15412

22.2656 1.15412
22.6562 1.15498

22.6562 1.15498
23.0469 1.15589

23.0469 1.1559
23.4375 1.15686

23.4375 1.15686
23.8281 1.15787

23.8281 1.15787
24.2188 1.15891

24.2188 1.15891
24.6094 1.15996

24.6094 1.15997
25 1.16103

25 1.16103
25.3906 1.1621

25.3906 1.1621
25.7812 1.16315

25.7812 1.16316
26.1719 1.16419

26.1719 1.16419
26.5625 1.16519

26.5625 1.1652
26.9531 1.16616

26.9531 1.16616
27.3438 1.16707

27.3438 1.16707
27.7344 1.16793

27.7344 1.16793
28.125 1.16872

28.125 1.16872
28.5156 1.16943

28.5156 1.16943
28.9062 1.17007

28.9062 1.17007
29.2969 1.17061

29.2969 1.17061
29.6875 1.17107

29.6875 1.17107
30.0781 1.17142

30.0781 1.17142
30.4688 1.17168

30.4688 1.17167
30.8594 1.17184

31.6406 1.17181
31.2879 1.17188

31.6406 1.17182
32.0312 1.17166

32.0312 1.17166
32.4219 1.1714

32.4219 1.17139
32.8125 1.17103

32.8125 1.17103
33.2031 1.17057

33.2031 1.17057
33.5938 1.17002

33.5938 1.17002
33.9844 1.16938

33.9844 1.16938
34.375 1.16866

34.375 1.16866
34.7656 1.16786

34.7656 1.16786
35.1562 1.167

35.1562 1.167
35.5469 1.16608

35.5469 1.16608
35.9375 1.16512

35.9375 1.16511
36.3281 1.16411

36.3281 1.16411
36.7188 1.16307

36.7188 1.16307
37.1094 1.16201

37.1094 1.16201
37.5 1.16095

37.5 1.16094
37.8906 1.15988

37.8906 1.15988
38.2812 1.15882

38.2812 1.15882
38.6719 1.15779

38.6719 1.15779
39.0625 1.15679

39.0625 1.15678
39.4531 1.15582

39.4531 1.15582
39.8438 1.15491

39.8438 1.1549
40.2344 1.15405

40.2344 1.15405
40.625 1.15326

40.625 1.15326
41.0156 1.15254

41.0156 1.15254
41.4062 1.1519

41.4062 1.1519
41.7969 1.15135

41.7969 1.15134
42.1875 1.15088

42.1875 1.15088
42.5781 1.1505

42.5781 1.1505
42.9688 1.15022

42.9688 1.15022
43.3594 1.15003

43.3594 1.15003
43.75 1.14994

43.75 1.14994
44.1406 1.14993

44.1406 1.14993
44.5312 1.15

44.5312 1.15
44.9219 1.15015

44.9219 1.15016
45.3125 1.15037

45.3125 1.15037
45.7031 1.15065

45.7031 1.15065
46.0938 1.15096

46.0938 1.15097
46.4844 1.15131

46.4844 1.15131
46.875 1.15166

46.875 1.15167
47.2656 1.152

47.2656 1.15201
47.6562 1.15231

47.6562 1.15231
48.0469 1.15255

48.0469 1.15256
48.4375 1.15271

48.4375 1.15272
48.8281 1.15276

48.8281 1.15277
49.2188 1.15266

49.2188 1.15267
49.6094 1.15239

49.6094 1.1524
50 1.15192

50 1.15192
50.3906 1.15121

50.3906 1.15121
50.7812 1.15024

50.7812 1.15024
51.1719 1.14897

51.1719 1.14898
51.5625 1.1474

51.5625 1.1474
51.9531 1.14549

51.9531 1.14549
52.3438 1.14323

52.3438 1.14324
52.7344 1.14061

52.7344 1.14061
53.125 1.13762

53.125 1.13762
53.5156 1.13427

53.5156 1.13426
53.9062 1.13054

53.9062 1.13054
54.2969 1.12647

54.2969 1.12646
54.6875 1.12206

54.6875 1.12205
55.0781 1.11734

55.0781 1.11733
55.4688 1.11233

55.4688 1.11233
55.8594 1.10708

55.8594 1.10707
56.25 1.10162

56.25 1.10161
56.6406 1.09598

56.6406 1.09597
57.0312 1.09022

57.0312 1.09021
57.4219 1.08438

57.4219 1.08437
57.8125 1.0785

57.8125 1.07849
58.2031 1.07262

58.2031 1.07261
58.5938 1.0668

58.5938 1.06679
58.9844 1.06106

58.9844 1.06105
59.375 1.05545

59.375 1.05545
59.7656 1.05

59.7656 1.05
60.1562 1.04474

60.1562 1.04474
60.5469 1.0397

60.5469 1.03969
60.9375 1.03489

60.9375 1.03489
61.3281 1.03033

61.3281 1.03033
61.7188 1.02603

61.7188 1.02603
62.1094 1.02201

62.1094 1.022
62.5 1.01825

62.5 1.01825
62.8906 1.01478

62.8906 1.01478
63.2812 1.01157

63.2812 1.01157
63.6719 1.00864

63.6719 1.00864
64.0625 1.00596

64.0625 1.00596
64.4531 1.00354

64.4531 1.00354
64.8438 1.00137

64.8438 1.00137
65.2344 0.999425

65.2344 0.999428
65.625 0.99771

65.625 0.997712
66.0156 0.996209

66.0156 0.996212
66.4062 0.994913

66.4062 0.994915
66.7969 0.993811

66.7969 0.993813
67.1875 0.992893

67.1875 0.992895
67.5781 0.99215

67.5781 0.992152
67.9688 0.991573

67.9688 0.991575
68.3594 0.991153

68.3594 0.991155
68.75 0.990881

68.75 0.990883
69.1406 0.99075

69.1406 0.990752
69.5312 0.990752

69.5312 0.990754
69.9219 0.990878

69.9219 0.99088
70.3125 0.991121

70.3125 0.991123
70.7031 0.991472

70.7031 0.991474
71.0938 0.991924

71.0938 0.991926
71.4844 0.992469

71.4844 0.992471
71.875 0.993099

71.875 0.993101
72.2656 0.993804

72.2656 0.993806
72.6562 0.994576

72.6562 0.994578
73.0469 0.995406

73.0469 0.995408
73.4375 0.996285

73.4375 0.996287
73.8281 0.997204

73.8281 0.997206
74.2188 0.998152

74.2188 0.998154
74.6094 0.99912

74.6094 1.06191
75 0.937308

75.0966 0
75.1337 0.390625

75.2187 0.390625
75.1598 0.78125

75 1.15877
75.3509 0.78125

