6.64062 1.17181
6.28625 1.17188

6.64062 1.17182
7.03125 1.17166

7.03125 1.17166
7.42188 1.17139

7.42188 1.17139
7.8125 1.17103

7.8125 1.17103
8.20312 1.17057

8.20312 1.17057
8.59375 1.17002

8.59375 1.17001
8.98438 1.16938

8.98438 1.16937
9.375 1.16866

9.375 1.16865
9.76562 1.16786

9.76562 1.16786
10.1562 1.167

10.1562 1.167
10.5469 1.16608

10.5469 1.16608
10.9375 1.16511

10.9375 1.16511
11.3281 1.16411

11.3281 1.1641
11.7188 1.16307

11.7188 1.16307
12.1094 1.16201

12.1094 1.16201
12.5 1.16094

12.5 1.16094
12.8906 1.15988

12.8906 1.15988
13.2812 1.15882

13.2812 1.15882
13.6719 1.15779

13.6719 1.15778
14.0625 1.15678

14.0625 1.15678
14.4531 1.15582

14.4531 1.15582
14.8438 1.15491

14.8438 1.1549
15.2344 1.15405

15.2344 1.15405
15.625 1.15326

15.625 1.15326
16.0156 1.15255

16.0156 1.15255
16.4062 1.15192

16.4062 1.15191
16.7969 1.15137

16.7969 1.15137
17.1875 1.15092

17.1875 1.15092
17.5781 1.15056

17.5781 1.15056
17.9688 1.15031

17.9688 1.15031
18.3594 1.15015

18.3594 1.15015
18.75 1.15011

18.75 1.15011
19.1406 1.15016

19.1406 1.15016
19.5312 1.15032

19.5312 1.15032
19.9219 1.15059

19.9219 1.15059
20.3125 1.15095

20.3125 1.15095
20.7031 1.15141

20.7031 1.15141
21.0938 1.15196

21.0938 1.15196
21.4844 1.1526

21.4844 1.1526
21.875 1.15332

21.875 1.15332
22.2656 1.15411

22.2656 1.15412
22.6562 1.15498

22.6562 1.15498
23.0469 1.15589

23.0469 1.1559
23.4375 1.15686

23.4375 1.15686
23.8281 1.15787

23.8281 1.15787
24.2188 1.1589

24.2188 1.15891
24.6094 1.15996

24.6094 1.15996
25 1.16103

25 1.16103
25.3906 1.1621

25.3906 1.1621
25.7812 1.16315

25.7812 1.16315
26.1719 1.16419

26.1719 1.16419
26.5625 1.16519

26.5625 1.16519
26.9531 1.16616

26.9531 1.16616
27.3438 1.16707

27.3438 1.16707
27.7344 1.16793

27.7344 1.16793
28.125 1.16872

28.125 1.16872
28.5156 1.16943

28.5156 1.16943
28.9062 1.17006

28.9062 1.17007
29.2969 1.17061

29.2969 1.17061
29.6875 1.17106

29.6875 1.17106
30.0781 1.17142

30.0781 1.17142
30.4688 1.17168

30.4688 1.17167
30.8594 1.17183

31.6406 1.17181
31.2857 1.17188

31.6406 1.17182
32.0312 1.17166

32.0312 1.17166
32.4219 1.17139

32.4219 1.17139
32.8125 1.17103

32.8125 1.17103
33.2031 1.17057

33.2031 1.17057
33.5938 1.17002

33.5938 1.17001
33.9844 1.16938

33.9844 1.16937
34.375 1.16866

34.375 1.16865
34.7656 1.16786

34.7656 1.16786
35.1562 1.167

35.1562 1.167
35.5469 1.16608

35.5469 1.16608
35.9375 1.16511

35.9375 1.16511
36.3281 1.16411

36.3281 1.1641
36.7188 1.16307

36.7188 1.16307
37.1094 1.16201

37.1094 1.16201
37.5 1.16094

37.5 1.16094
37.8906 1.15988

37.8906 1.15988
38.2812 1.15882

38.2812 1.15882
38.6719 1.15779

38.6719 1.15778
39.0625 1.15678

39.0625 1.15678
39.4531 1.15581

39.4531 1.15581
39.8438 1.15489

39.8438 1.15489
40.2344 1.15403

40.2344 1.15403
40.625 1.15323

40.625 1.15323
41.0156 1.15251

41.0156 1.1525
41.4062 1.15185

41.4062 1.15185
41.7969 1.15128

41.7969 1.15128
42.1875 1.15079

42.1875 1.15079
42.5781 1.15038

42.5781 1.15038
42.9688 1.15005

42.9688 1.15005
43.3594 1.14981

43.3594 1.14981
43.75 1.14964

43.75 1.14964
44.1406 1.14954

44.1406 1.14954
44.5312 1.1495

44.5312 1.1495
44.9219 1.14951

44.9219 1.14951
45.3125 1.14955

45.3125 1.14956
45.7031 1.14961

45.7031 1.14962
46.0938 1.14968

46.0938 1.14968
46.4844 1.14972

46.4844 1.14972
46.875 1.14971

46.875 1.14972
47.2656 1.14964

47.2656 1.14965
47.6562 1.14946

47.6562 1.14947
48.0469 1.14916

48.0469 1.14917
48.4375 1.1487

48.4375 1.14871
48.8281 1.14806

48.8281 1.14806
49.2188 1.14719

49.2188 1.1472
49.6094 1.14609

49.6094 1.14609
50 1.14471

50 1.14471
50.3906 1.14303

50.3906 1.14304
50.7812 1.14104

50.7812 1.14104
51.1719 1.13872

51.1719 1.13872
51.5625 1.13606

51.5625 1.13606
51.9531 1.13304

51.9531 1.13304
52.3438 1.12968

52.3438 1.12968
52.7344 1.12598

52.7344 1.12598
53.125 1.12195

53.125 1.12195
53.5156 1.11761

53.5156 1.11761
53.9062 1.11299

53.9062 1.11298
54.2969 1.10811

54.2969 1.1081
54.6875 1.103

54.6875 1.10299
55.0781 1.09771

55.0781 1.0977
55.4688 1.09228

55.4688 1.09227
55.8594 1.08674

55.8594 1.08673
56.25 1.08115

56.25 1.08114
56.6406 1.07554

56.6406 1.07553
57.0312 1.06996

57.0312 1.06995
57.4219 1.06444

57.4219 1.06444
57.8125 1.05903

57.8125 1.05902
58.2031 1.05376

58.2031 1.05375
58.5938 1.04865

58.5938 1.04864
58.9844 1.04372

58.9844 1.04372
59.375 1.03901

59.375 1.03901
59.7656 1.03453

59.7656 1.03453
60.1562 1.03028

60.1562 1.03028
60.5469 1.02628

60.5469 1.02628
60.9375 1.02252

60.9375 1.02253
61.3281 1.01902

61.3281 1.01902
61.7188 1.01576

61.7188 1.01576
62.1094 1.01274

62.1094 1.01274
62.5 1.00995

62.5 1.00996
62.8906 1.0074

62.8906 1.0074
63.2812 1.00505

63.2812 1.00506
63.6719 1.00292

63.6719 1.00292
64.0625 1.00098

64.0625 1.00099
64.4531 0.999237

64.4531 0.999239
64.8438 0.997671

64.8438 0.997673
65.2344 0.996275

65.2344 0.996277
65.625 0.995044

65.625 0.995046
66.0156 0.993969

66.0156 0.993971
66.4062 0.993044

66.4062 0.993046
66.7969 0.992263

66.7969 0.992265
67.1875 0.991621

67.1875 0.991623
67.5781 0.991113

67.5781 0.991114
67.9688 0.990734

67.9688 0.990735
68.3594 0.99048

68.3594 0.990481
68.75 0.990346

68.75 0.990347
69.1406 0.990328

69.1406 0.990329
69.5312 0.990421

69.5312 0.990422
69.9219 0.990622

69.9219 0.990623
70.3125 0.990924

70.3125 0.990926
70.7031 0.991323

70.7031 0.991325
71.0938 0.991813

71.0938 0.991814
71.4844 0.992387

71.4844 0.992388
71.875 0.993038

71.875 0.99304
72.2656 0.993761

72.2656 0.993763
72.6562 0.994546

73.2322 0
73.2697 0.390625

73.3671 0.390625
73.2845 0.78125

72.6562 1.02443
73.0469 0.965505

73.0469 1.15273
73.4375 0.823274

73.4375 0.913698
73.4909 0.78125

