6.64062 1.17181
6.28644 1.17188

6.64062 1.17182
7.03125 1.17166

7.03125 1.17166
7.42188 1.17139

7.42188 1.17139
7.8125 1.17103

7.8125 1.17103
8.20312 1.17057

8.20312 1.17057
8.59375 1.17002

8.59375 1.17001
8.98438 1.16938

8.98438 1.16937
9.375 1.16866

9.375 1.16865
9.76562 1.16786

9.76562 1.16786
10.1562 1.167

10.1562 1.167
10.5469 1.16608

10.5469 1.16608
10.9375 1.16511

10.9375 1.16511
11.3281 1.16411

11.3281 1.1641
11.7188 1.16307

11.7188 1.16307
12.1094 1.16201

12.1094 1.16201
12.5 1.16094

12.5 1.16094
12.8906 1.15988

12.8906 1.15988
13.2812 1.15882

13.2812 1.15882
13.6719 1.15779

13.6719 1.15778
14.0625 1.15678

14.0625 1.15678
14.4531 1.15582

14.4531 1.15582
14.8438 1.15491

14.8438 1.1549
15.2344 1.15405

15.2344 1.15405
15.625 1.15326

15.625 1.15326
16.0156 1.15255

16.0156 1.15255
16.4062 1.15192

16.4062 1.15191
16.7969 1.15137

16.7969 1.15137
17.1875 1.15092

17.1875 1.15092
17.5781 1.15056

17.5781 1.15056
17.9688 1.15031

17.9688 1.15031
18.3594 1.15015

18.3594 1.15015
18.75 1.15011

18.75 1.15011
19.1406 1.15016

19.1406 1.15016
19.5312 1.15032

19.5312 1.15032
19.9219 1.15059

19.9219 1.15059
20.3125 1.15095

20.3125 1.15095
20.7031 1.15141

20.7031 1.15141
21.0938 1.15196

21.0938 1.15196
21.4844 1.1526

21.4844 1.1526
21.875 1.15332

21.875 1.15332
22.2656 1.15412

22.2656 1.15412
22.6562 1.15498

22.6562 1.15498
23.0469 1.15589

23.0469 1.1559
23.4375 1.15686

23.4375 1.15686
23.8281 1.15787

23.8281 1.15787
24.2188 1.15891

24.2188 1.15891
24.6094 1.15996

24.6094 1.15996
25 1.16103

25 1.16103
25.3906 1.1621

25.3906 1.1621
25.7812 1.16315

25.7812 1.16316
26.1719 1.16419

26.1719 1.16419
26.5625 1.16519

26.5625 1.1652
26.9531 1.16616

26.9531 1.16616
27.3438 1.16707

27.3438 1.16707
27.7344 1.16793

27.7344 1.16793
28.125 1.16872

28.125 1.16872
28.5156 1.16943

28.5156 1.16943
28.9062 1.17007

28.9062 1.17007
29.2969 1.17061

29.2969 1.17061
29.6875 1.17107

29.6875 1.17107
30.0781 1.17142

30.0781 1.17142
30.4688 1.17168

30.4688 1.17167
30.8594 1.17184

31.6406 1.17181
31.2864 1.17188

31.6406 1.17182
32.0312 1.17166

32.0312 1.17166
32.4219 1.17139

32.4219 1.17139
32.8125 1.17103

32.8125 1.17103
33.2031 1.17057

33.2031 1.17057
33.5938 1.17002

33.5938 1.17001
33.9844 1.16938

33.9844 1.16937
34.375 1.16865

34.375 1.16865
34.7656 1.16786

34.7656 1.16785
35.1562 1.16699

35.1562 1.16699
35.5469 1.16607

35.5469 1.16606
35.9375 1.16509

35.9375 1.16509
36.3281 1.16406

36.3281 1.16406
36.7188 1.163

36.7188 1.163
37.1094 1.16191

37.1094 1.16191
37.5 1.1608

37.5 1.1608
37.8906 1.15967

37.8906 1.15967
38.2812 1.15853

38.2812 1.15853
38.6719 1.15739

38.6719 1.15739
39.0625 1.15624

39.0625 1.15624
39.4531 1.15508

39.4531 1.15508
39.8438 1.15392

39.8438 1.15392
40.2344 1.15275

40.2344 1.15275
40.625 1.15156

40.625 1.15157
41.0156 1.15035

41.0156 1.15036
41.4062 1.1491

41.4062 1.14911
41.7969 1.1478

41.7969 1.14781
42.1875 1.14644

42.1875 1.14644
42.5781 1.14499

42.5781 1.14499
42.9688 1.14343

42.9688 1.14344
43.3594 1.14174

43.3594 1.14175
43.75 1.13991

43.75 1.13992
44.1406 1.13791

44.1406 1.13791
44.5312 1.13571

44.5312 1.13572
44.9219 1.1333

44.9219 1.13331
45.3125 1.13067

45.3125 1.13067
45.7031 1.1278

45.7031 1.1278
46.0938 1.12467

46.0938 1.12467
46.4844 1.1213

46.4844 1.1213
46.875 1.11767

46.875 1.11767
47.2656 1.1138

47.2656 1.11379
47.6562 1.1097

47.6562 1.10969
48.0469 1.10538

48.0469 1.10537
48.4375 1.10088

48.4375 1.10087
48.8281 1.09621

48.8281 1.09621
49.2188 1.09143

49.2188 1.09142
49.6094 1.08655

49.6094 1.08654
50 1.08163

50 1.08162
50.3906 1.0767

50.3906 1.07669
50.7812 1.0718

50.7812 1.07179
51.1719 1.06697

51.1719 1.06696
51.5625 1.06226

51.5625 1.06225
51.9531 1.05768

51.9531 1.05768
52.3438 1.05329

52.3438 1.05328
52.7344 1.04909

52.7344 1.04908
53.125 1.04511

53.125 1.04511
53.5156 1.04136

53.5156 1.04136
53.9062 1.03786

53.9062 1.03786
54.2969 1.0346

54.2969 1.03461
54.6875 1.03159

54.6875 1.03159
55.0781 1.02881

55.0781 1.02882
55.4688 1.02626

55.4688 1.02627
55.8594 1.02393

55.8594 1.02393
56.25 1.02178

56.25 1.02179
56.6406 1.01982

56.6406 1.01982
57.0312 1.01801

57.0312 1.01801
57.4219 1.01634

57.4219 1.01634
57.8125 1.01479

57.8125 1.01479
58.2031 1.01333

58.2031 1.01334
58.5938 1.01196

58.5938 1.01196
58.9844 1.01065

58.9844 1.01066
59.375 1.0094

59.375 1.0094
59.7656 1.00819

59.7656 1.00819
60.1562 1.00701

60.1562 1.00701
60.5469 1.00585

60.5469 1.00585
60.9375 1.00471

60.9375 1.00471
61.3281 1.00359

61.3281 1.00359
61.7188 1.00249

61.7188 1.00249
62.1094 1.0014

62.1094 1.0014
62.5 1.00033

62.5 1.00033
62.8906 0.99928

62.8906 0.999278
63.2812 0.998259

63.2812 0.998258
63.6719 0.997271

63.6719 0.997269
64.0625 0.996321

64.0625 0.996319
64.4531 0.995415

64.4531 0.995413
64.8438 0.994561

64.8438 0.994559
65.2344 0.993765

65.2344 0.993765
65.625 0.99303

65.9796 0
66.0156 0.372118

66.0156 0.776808
66.0141 0.78125

66.0156 0.372285
66.0174 0.390625

66.0914 0.390625
66.0569 0.78125

65.625 1.10552
66.0156 0.879882

66.0156 1.12249
66.2285 0.78125

