6.64062 1.17181
6.28643 1.17188

6.64062 1.17182
7.03125 1.17166

7.03125 1.17166
7.42188 1.17139

7.42188 1.17139
7.8125 1.17103

7.8125 1.17103
8.20312 1.17057

8.20312 1.17057
8.59375 1.17002

8.59375 1.17001
8.98438 1.16938

8.98438 1.16937
9.375 1.16866

9.375 1.16865
9.76562 1.16786

9.76562 1.16786
10.1562 1.167

10.1562 1.167
10.5469 1.16608

10.5469 1.16608
10.9375 1.16511

10.9375 1.16511
11.3281 1.16411

11.3281 1.1641
11.7188 1.16307

11.7188 1.16307
12.1094 1.16201

12.1094 1.16201
12.5 1.16094

12.5 1.16094
12.8906 1.15988

12.8906 1.15988
13.2812 1.15882

13.2812 1.15882
13.6719 1.15779

13.6719 1.15778
14.0625 1.15678

14.0625 1.15678
14.4531 1.15582

14.4531 1.15582
14.8438 1.15491

14.8438 1.1549
15.2344 1.15405

15.2344 1.15405
15.625 1.15326

15.625 1.15326
16.0156 1.15255

16.0156 1.15255
16.4062 1.15192

16.4062 1.15191
16.7969 1.15137

16.7969 1.15137
17.1875 1.15092

17.1875 1.15092
17.5781 1.15056

17.5781 1.15056
17.9688 1.15031

17.9688 1.15031
18.3594 1.15015

18.3594 1.15015
18.75 1.15011

18.75 1.15011
19.1406 1.15016

19.1406 1.15016
19.5312 1.15032

19.5312 1.15032
19.9219 1.15059

19.9219 1.15059
20.3125 1.15095

20.3125 1.15095
20.7031 1.15141

20.7031 1.15141
21.0938 1.15196

21.0938 1.15196
21.4844 1.1526

21.4844 1.1526
21.875 1.15332

21.875 1.15332
22.2656 1.15412

22.2656 1.15412
22.6562 1.15498

22.6562 1.15498
23.0469 1.15589

23.0469 1.1559
23.4375 1.15686

23.4375 1.15686
23.8281 1.15787

23.8281 1.15787
24.2188 1.1589

24.2188 1.15891
24.6094 1.15996

24.6094 1.15996
25 1.16103

25 1.16103
25.3906 1.1621

25.3906 1.1621
25.7812 1.16315

25.7812 1.16316
26.1719 1.16419

26.1719 1.16419
26.5625 1.16519

26.5625 1.1652
26.9531 1.16616

26.9531 1.16616
27.3438 1.16707

27.3438 1.16707
27.7344 1.16793

27.7344 1.16793
28.125 1.16872

28.125 1.16872
28.5156 1.16943

28.5156 1.16943
28.9062 1.17007

28.9062 1.17007
29.2969 1.17061

29.2969 1.17061
29.6875 1.17107

29.6875 1.17107
30.0781 1.17142

30.0781 1.17142
30.4688 1.17168

30.4688 1.17168
30.8594 1.17184

31.6406 1.17181
31.2867 1.17188

31.6406 1.17182
32.0312 1.17166

32.0312 1.17166
32.4219 1.17139

32.4219 1.17139
32.8125 1.17103

32.8125 1.17103
33.2031 1.17057

33.2031 1.17057
33.5938 1.17001

33.5938 1.17001
33.9844 1.16937

33.9844 1.16937
34.375 1.16864

34.375 1.16864
34.7656 1.16784

34.7656 1.16784
35.1562 1.16697

35.1562 1.16696
35.5469 1.16603

35.5469 1.16603
35.9375 1.16503

35.9375 1.16503
36.3281 1.16399

36.3281 1.16398
36.7188 1.16289

36.7188 1.16289
37.1094 1.16176

37.1094 1.16176
37.5 1.16059

37.5 1.16059
37.8906 1.15939

37.8906 1.15939
38.2812 1.15816

38.2812 1.15816
38.6719 1.1569

38.6719 1.1569
39.0625 1.1556

39.0625 1.1556
39.4531 1.15426

39.4531 1.15426
39.8438 1.15287

39.8438 1.15287
40.2344 1.15143

40.2344 1.15143
40.625 1.14991

40.625 1.14992
41.0156 1.14832

41.0156 1.14832
41.4062 1.14662

41.4062 1.14663
41.7969 1.14481

41.7969 1.14481
42.1875 1.14286

42.1875 1.14286
42.5781 1.14075

42.5781 1.14075
42.9688 1.13846

42.9688 1.13847
43.3594 1.13598

43.3594 1.13598
43.75 1.13328

43.75 1.13329
44.1406 1.13036

44.1406 1.13036
44.5312 1.1272

44.5312 1.1272
44.9219 1.12379

44.9219 1.12379
45.3125 1.12014

45.3125 1.12014
45.7031 1.11625

45.7031 1.11624
46.0938 1.11212

46.0938 1.11211
46.4844 1.10777

46.4844 1.10776
46.875 1.10322

46.875 1.10322
47.2656 1.09851

47.2656 1.0985
47.6562 1.09366

47.6562 1.09365
48.0469 1.0887

48.0469 1.08869
48.4375 1.08368

48.4375 1.08367
48.8281 1.07865

48.8281 1.07863
49.2188 1.07363

49.2188 1.07362
49.6094 1.06867

49.6094 1.06866
50 1.06382

50 1.06381
50.3906 1.05911

50.3906 1.05911
50.7812 1.05458

50.7812 1.05458
51.1719 1.05026

51.1719 1.05025
51.5625 1.04617

51.5625 1.04616
51.9531 1.04233

51.9531 1.04232
52.3438 1.03875

52.3438 1.03875
52.7344 1.03544

52.7344 1.03544
53.125 1.03241

53.125 1.03241
53.5156 1.02964

53.5156 1.02964
53.9062 1.02713

53.9062 1.02713
54.2969 1.02486

54.2969 1.02486
54.6875 1.02282

54.6875 1.02282
55.0781 1.02098

55.0781 1.02098
55.4688 1.01933

55.4688 1.01933
55.8594 1.01783

55.8594 1.01784
56.25 1.01648

56.25 1.01648
56.6406 1.01524

56.6406 1.01524
57.0312 1.01409

57.0312 1.01409
57.4219 1.01301

57.4219 1.01301
57.8125 1.01198

57.8125 1.01199
58.2031 1.01099

58.2031 1.011
58.5938 1.01002

58.5938 1.01003
58.9844 1.00907

58.9844 1.00907
59.375 1.00811

59.375 1.00811
59.7656 1.00715

59.7656 1.00715
60.1562 1.00618

60.1562 1.00618
60.5469 1.0052

60.5469 1.0052
60.9375 1.0042

60.9375 1.0042
61.3281 1.0032

61.3281 1.0032
61.7188 1.00218

61.7188 1.00218
62.1094 1.00117

62.1094 1.00117
62.5 1.00016

62.5 1.00016
62.8906 0.999156

62.8906 0.999154
63.2812 0.99817

63.2812 0.998168
63.6719 0.997208

63.6719 0.997206
64.0625 0.996278

64.4462 0
64.4531 0.0713863

64.4531 0.0722247
64.4839 0.390625

64.5599 0.390625
64.5211 0.78125

64.0625 1.09794
64.4531 0.893719

64.4531 1.13483
64.6969 0.78125

