6.64062 1.17181
6.28617 1.17188

6.64062 1.17182
7.03125 1.17166

7.03125 1.17166
7.42188 1.17139

7.42188 1.17139
7.8125 1.17103

7.8125 1.17103
8.20312 1.17057

8.20312 1.17057
8.59375 1.17002

8.59375 1.17001
8.98438 1.16938

8.98438 1.16937
9.375 1.16866

9.375 1.16865
9.76562 1.16786

9.76562 1.16786
10.1562 1.167

10.1562 1.167
10.5469 1.16608

10.5469 1.16608
10.9375 1.16511

10.9375 1.16511
11.3281 1.16411

11.3281 1.1641
11.7188 1.16307

11.7188 1.16307
12.1094 1.16201

12.1094 1.16201
12.5 1.16094

12.5 1.16094
12.8906 1.15988

12.8906 1.15988
13.2812 1.15882

13.2812 1.15882
13.6719 1.15779

13.6719 1.15778
14.0625 1.15678

14.0625 1.15678
14.4531 1.15582

14.4531 1.15582
14.8438 1.15491

14.8438 1.1549
15.2344 1.15405

15.2344 1.15405
15.625 1.15326

15.625 1.15326
16.0156 1.15255

16.0156 1.15255
16.4062 1.15192

16.4062 1.15191
16.7969 1.15137

16.7969 1.15137
17.1875 1.15092

17.1875 1.15092
17.5781 1.15056

17.5781 1.15056
17.9688 1.15031

17.9688 1.15031
18.3594 1.15015

18.3594 1.15015
18.75 1.15011

18.75 1.15011
19.1406 1.15016

19.1406 1.15016
19.5312 1.15032

19.5312 1.15032
19.9219 1.15059

19.9219 1.15059
20.3125 1.15095

20.3125 1.15095
20.7031 1.15141

20.7031 1.15141
21.0938 1.15196

21.0938 1.15196
21.4844 1.1526

21.4844 1.1526
21.875 1.15332

21.875 1.15332
22.2656 1.15412

22.2656 1.15412
22.6562 1.15498

22.6562 1.15498
23.0469 1.15589

23.0469 1.1559
23.4375 1.15686

23.4375 1.15686
23.8281 1.15787

23.8281 1.15787
24.2188 1.1589

24.2188 1.15891
24.6094 1.15996

24.6094 1.15996
25 1.16103

25 1.16103
25.3906 1.1621

25.3906 1.1621
25.7812 1.16315

25.7812 1.16315
26.1719 1.16419

26.1719 1.16419
26.5625 1.16519

26.5625 1.16519
26.9531 1.16616

26.9531 1.16616
27.3438 1.16707

27.3438 1.16707
27.7344 1.16793

27.7344 1.16793
28.125 1.16872

28.125 1.16872
28.5156 1.16943

28.5156 1.16943
28.9062 1.17006

28.9062 1.17007
29.2969 1.17061

29.2969 1.17061
29.6875 1.17106

29.6875 1.17106
30.0781 1.17142

30.0781 1.17142
30.4688 1.17168

30.4688 1.17167
30.8594 1.17183

31.6406 1.17181
31.2861 1.17188

31.6406 1.17182
32.0312 1.17166

32.0312 1.17166
32.4219 1.17139

32.4219 1.17139
32.8125 1.17103

32.8125 1.17103
33.2031 1.17057

33.2031 1.17057
33.5938 1.17002

33.5938 1.17001
33.9844 1.16938

33.9844 1.16937
34.375 1.16866

34.375 1.16865
34.7656 1.16786

34.7656 1.16786
35.1562 1.167

35.1562 1.167
35.5469 1.16608

35.5469 1.16608
35.9375 1.16511

35.9375 1.16511
36.3281 1.16411

36.3281 1.1641
36.7188 1.16307

36.7188 1.16307
37.1094 1.16201

37.1094 1.16201
37.5 1.16094

37.5 1.16094
37.8906 1.15988

37.8906 1.15988
38.2812 1.15882

38.2812 1.15882
38.6719 1.15779

38.6719 1.15778
39.0625 1.15678

39.0625 1.15678
39.4531 1.15582

39.4531 1.15582
39.8438 1.15491

39.8438 1.1549
40.2344 1.15405

40.2344 1.15405
40.625 1.15326

40.625 1.15326
41.0156 1.15255

41.0156 1.15255
41.4062 1.15192

41.4062 1.15191
41.7969 1.15137

41.7969 1.15137
42.1875 1.15092

42.1875 1.15091
42.5781 1.15056

42.5781 1.15056
42.9688 1.1503

42.9688 1.1503
43.3594 1.15015

43.3594 1.15015
43.75 1.15009

43.75 1.15009
44.1406 1.15014

44.1406 1.15014
44.5312 1.15029

44.5312 1.15029
44.9219 1.15054

44.9219 1.15054
45.3125 1.15089

45.3125 1.15089
45.7031 1.15132

45.7031 1.15132
46.0938 1.15184

46.0938 1.15184
46.4844 1.15243

46.4844 1.15244
46.875 1.15309

46.875 1.15309
47.2656 1.1538

47.2656 1.15381
47.6562 1.15456

47.6562 1.15456
48.0469 1.15534

48.0469 1.15535
48.4375 1.15614

48.4375 1.15614
48.8281 1.15693

48.8281 1.15694
49.2188 1.1577

49.2188 1.1577
49.6094 1.15842

49.6094 1.15842
50 1.15907

50 1.15908
50.3906 1.15963

50.3906 1.15964
50.7812 1.16008

50.7812 1.16009
51.1719 1.16038

51.1719 1.16039
51.5625 1.16052

51.5625 1.16053
51.9531 1.16045

51.9531 1.16046
52.3438 1.16017

52.3438 1.16017
52.7344 1.15963

52.7344 1.15963
53.125 1.15881

53.125 1.15881
53.5156 1.15768

53.5156 1.15769
53.9062 1.15623

53.9062 1.15624
54.2969 1.15444

54.2969 1.15444
54.6875 1.15228

54.6875 1.15228
55.0781 1.14975

55.0781 1.14975
55.4688 1.14683

55.4688 1.14683
55.8594 1.14353

55.8594 1.14352
56.25 1.13984

56.25 1.13983
56.6406 1.13577

56.6406 1.13577
57.0312 1.13134

57.0312 1.13134
57.4219 1.12657

57.4219 1.12656
57.8125 1.12147

57.8125 1.12147
58.2031 1.11609

58.2031 1.11608
58.5938 1.11045

58.5938 1.11044
58.9844 1.1046

58.9844 1.10459
59.375 1.09857

59.375 1.09855
59.7656 1.0924

59.7656 1.09239
60.1562 1.08616

60.1562 1.08615
60.5469 1.07987

60.5469 1.07986
60.9375 1.0736

60.9375 1.07359
61.3281 1.06738

61.3281 1.06737
61.7188 1.06125

61.7188 1.06124
62.1094 1.05527

62.1094 1.05526
62.5 1.04946

62.5 1.04945
62.8906 1.04386

62.8906 1.04385
63.2812 1.0385

63.2812 1.03849
63.6719 1.03341

63.6719 1.0334
64.0625 1.0286

64.0625 1.0286
64.4531 1.0241

64.4531 1.0241
64.8438 1.01992

64.8438 1.01992
65.2344 1.01606

65.2344 1.01606
65.625 1.01252

65.625 1.01252
66.0156 1.00932

66.0156 1.00932
66.4062 1.00644

66.4062 1.00644
66.7969 1.00388

66.7969 1.00389
67.1875 1.00164

67.1875 1.00164
67.5781 0.999691

67.5781 0.999694
67.9688 0.998034

67.9688 0.998038
68.3594 0.996653

68.3594 0.996657
68.75 0.995532

68.75 0.995536
69.1406 0.994657

69.1406 0.994661
69.5312 0.994011

69.5312 0.994015
69.9219 0.993578

69.9219 0.993582
70.3125 0.993342

70.3125 0.993346
70.7031 0.993287

70.7031 0.993291
71.0938 0.993396

71.0938 0.9934
71.4844 0.993654

71.4844 0.993658
71.875 0.994045

71.875 0.994049
72.2656 0.994553

72.2656 0.994557
72.6562 0.995165

72.6562 0.995169
73.0469 0.995865

73.0469 0.995869
73.4375 0.996639

73.4375 0.996643
73.8281 0.997474

73.8281 0.997478
74.2188 0.998357

74.2188 0.99836
74.6094 0.999273

74.6094 0.999276
75 1.00021

75 1.00021
75.3906 1.00116

75.3906 1.00116
75.7812 1.00211

75.7812 1.00211
76.1719 1.00304

76.1719 1.00304
76.5625 1.00395

76.5625 1.00396
76.9531 1.00483

76.9531 1.00483
77.3438 1.00567

77.3438 1.00567
77.7344 1.00645

77.7344 1.00645
78.125 1.00717

78.125 1.00718
78.5156 1.00783

78.5156 1.01333
78.9062 1.00292

79.1907 0
79.2279 0.390625

79.2969 0.507723
79.234 0.78125

79.2988 0.390625
79.3125 0.78125

78.9062 1.14585
79.2969 0.871479

79.2969 1.09264
79.4473 0.78125

