6.64062 1.17181
6.28619 1.17188

6.64062 1.17182
7.03125 1.17166

7.03125 1.17166
7.42188 1.17139

7.42188 1.17139
7.8125 1.17103

7.8125 1.17103
8.20312 1.17057

8.20312 1.17057
8.59375 1.17002

8.59375 1.17001
8.98438 1.16938

8.98438 1.16937
9.375 1.16866

9.375 1.16865
9.76562 1.16786

9.76562 1.16786
10.1562 1.167

10.1562 1.167
10.5469 1.16608

10.5469 1.16608
10.9375 1.16511

10.9375 1.16511
11.3281 1.16411

11.3281 1.1641
11.7188 1.16307

11.7188 1.16307
12.1094 1.16201

12.1094 1.16201
12.5 1.16094

12.5 1.16094
12.8906 1.15988

12.8906 1.15988
13.2812 1.15882

13.2812 1.15882
13.6719 1.15779

13.6719 1.15778
14.0625 1.15678

14.0625 1.15678
14.4531 1.15582

14.4531 1.15582
14.8438 1.15491

14.8438 1.1549
15.2344 1.15405

15.2344 1.15405
15.625 1.15326

15.625 1.15326
16.0156 1.15255

16.0156 1.15255
16.4062 1.15192

16.4062 1.15191
16.7969 1.15137

16.7969 1.15137
17.1875 1.15092

17.1875 1.15092
17.5781 1.15056

17.5781 1.15056
17.9688 1.15031

17.9688 1.15031
18.3594 1.15015

18.3594 1.15015
18.75 1.15011

18.75 1.15011
19.1406 1.15016

19.1406 1.15016
19.5312 1.15032

19.5312 1.15032
19.9219 1.15059

19.9219 1.15059
20.3125 1.15095

20.3125 1.15095
20.7031 1.15141

20.7031 1.15141
21.0938 1.15196

21.0938 1.15196
21.4844 1.1526

21.4844 1.1526
21.875 1.15332

21.875 1.15332
22.2656 1.15412

22.2656 1.15412
22.6562 1.15498

22.6562 1.15498
23.0469 1.15589

23.0469 1.1559
23.4375 1.15686

23.4375 1.15686
23.8281 1.15787

23.8281 1.15787
24.2188 1.15891

24.2188 1.15891
24.6094 1.15996

24.6094 1.15996
25 1.16103

25 1.16103
25.3906 1.1621

25.3906 1.1621
25.7812 1.16315

25.7812 1.16316
26.1719 1.16419

26.1719 1.16419
26.5625 1.16519

26.5625 1.1652
26.9531 1.16616

26.9531 1.16616
27.3438 1.16707

27.3438 1.16707
27.7344 1.16793

27.7344 1.16793
28.125 1.16872

28.125 1.16872
28.5156 1.16943

28.5156 1.16943
28.9062 1.17007

28.9062 1.17007
29.2969 1.17061

29.2969 1.17061
29.6875 1.17106

29.6875 1.17107
30.0781 1.17142

30.0781 1.17142
30.4688 1.17168

30.4688 1.17167
30.8594 1.17184

31.6406 1.17181
31.2863 1.17188

31.6406 1.17182
32.0312 1.17166

32.0312 1.17166
32.4219 1.17139

32.4219 1.17139
32.8125 1.17103

32.8125 1.17103
33.2031 1.17057

33.2031 1.17057
33.5938 1.17002

33.5938 1.17002
33.9844 1.16938

33.9844 1.16938
34.375 1.16866

34.375 1.16865
34.7656 1.16786

34.7656 1.16786
35.1562 1.167

35.1562 1.167
35.5469 1.16608

35.5469 1.16608
35.9375 1.16511

35.9375 1.16511
36.3281 1.16411

36.3281 1.1641
36.7188 1.16307

36.7188 1.16307
37.1094 1.16201

37.1094 1.16201
37.5 1.16094

37.5 1.16094
37.8906 1.15987

37.8906 1.15986
38.2812 1.1588

38.2812 1.1588
38.6719 1.15776

38.6719 1.15775
39.0625 1.15673

39.0625 1.15673
39.4531 1.15575

39.4531 1.15574
39.8438 1.1548

39.8438 1.1548
40.2344 1.1539

40.2344 1.1539
40.625 1.15305

40.625 1.15304
41.0156 1.15225

41.0156 1.15225
41.4062 1.1515

41.4062 1.1515
41.7969 1.15081

41.7969 1.15081
42.1875 1.15017

42.1875 1.15017
42.5781 1.14958

42.5781 1.14958
42.9688 1.14902

42.9688 1.14902
43.3594 1.14848

43.3594 1.14849
43.75 1.14796

43.75 1.14796
44.1406 1.14743

44.1406 1.14744
44.5312 1.14688

44.5312 1.14689
44.9219 1.14629

44.9219 1.1463
45.3125 1.14563

45.3125 1.14563
45.7031 1.14487

45.7031 1.14488
46.0938 1.144

46.0938 1.144
46.4844 1.14298

46.4844 1.14298
46.875 1.14178

46.875 1.14179
47.2656 1.14039

47.2656 1.14039
47.6562 1.13876

47.6562 1.13877
48.0469 1.13689

48.0469 1.1369
48.4375 1.13475

48.4375 1.13476
48.8281 1.13233

48.8281 1.13233
49.2188 1.12961

49.2188 1.12962
49.6094 1.1266

49.6094 1.1266
50 1.12328

50 1.12328
50.3906 1.11966

50.3906 1.11966
50.7812 1.11577

50.7812 1.11576
51.1719 1.1116

51.1719 1.1116
51.5625 1.1072

51.5625 1.10719
51.9531 1.10258

51.9531 1.10257
52.3438 1.09778

52.3438 1.09777
52.7344 1.09283

52.7344 1.09282
53.125 1.08778

53.125 1.08777
53.5156 1.08266

53.5156 1.08265
53.9062 1.07752

53.9062 1.07751
54.2969 1.0724

54.2969 1.07239
54.6875 1.06732

54.6875 1.06731
55.0781 1.06234

55.0781 1.06233
55.4688 1.05747

55.4688 1.05747
55.8594 1.05276

55.8594 1.05276
56.25 1.04822

56.25 1.04822
56.6406 1.04387

56.6406 1.04387
57.0312 1.03973

57.0312 1.03973
57.4219 1.0358

57.4219 1.0358
57.8125 1.03209

57.8125 1.03209
58.2031 1.02861

58.2031 1.02861
58.5938 1.02534

58.5938 1.02534
58.9844 1.02229

58.9844 1.02229
59.375 1.01944

59.375 1.01944
59.7656 1.01678

59.7656 1.01678
60.1562 1.01431

60.1562 1.01431
60.5469 1.012

60.5469 1.01201
60.9375 1.00986

60.9375 1.00986
61.3281 1.00786

61.3281 1.00787
61.7188 1.006

61.7188 1.00601
62.1094 1.00427

62.1094 1.00427
62.5 1.00265

62.5 1.00266
62.8906 1.00115

62.8906 1.00115
63.2812 0.999747

63.2812 0.999748
63.6719 0.998445

63.6719 0.998446
64.0625 0.997238

64.0625 0.997239
64.4531 0.996125

64.4531 0.996126
64.8438 0.995105

64.8438 0.995105
65.2344 0.994176

65.2344 0.994176
65.625 0.99334

65.625 0.99334
66.0156 0.992597

66.0156 0.992596
66.4062 0.991948

66.4062 0.991948
66.7969 0.991396

66.7969 0.991395
67.1875 0.99094

67.1875 0.99094
67.5781 0.990584

67.5781 0.990584
67.9688 0.990327

67.9688 0.990326
68.3594 0.990169

68.3594 0.990169
68.75 0.990112

68.75 0.990112
69.1406 0.990154

69.1406 0.990155
69.5312 0.990294

69.9935 0
70.0311 0.390625

70.1182 0.390625
70.0568 0.78125

69.5312 1.06164
69.9219 0.919185

69.9219 1.14252
70.2442 0.78125

