6.64062 1.17181
6.28641 1.17188

6.64062 1.17182
7.03125 1.17166

7.03125 1.17166
7.42188 1.17139

7.42188 1.17139
7.8125 1.17103

7.8125 1.17103
8.20312 1.17057

8.20312 1.17057
8.59375 1.17002

8.59375 1.17001
8.98438 1.16938

8.98438 1.16937
9.375 1.16866

9.375 1.16865
9.76562 1.16786

9.76562 1.16786
10.1562 1.167

10.1562 1.167
10.5469 1.16608

10.5469 1.16608
10.9375 1.16511

10.9375 1.16511
11.3281 1.16411

11.3281 1.1641
11.7188 1.16307

11.7188 1.16307
12.1094 1.16201

12.1094 1.16201
12.5 1.16094

12.5 1.16094
12.8906 1.15988

12.8906 1.15988
13.2812 1.15882

13.2812 1.15882
13.6719 1.15779

13.6719 1.15778
14.0625 1.15678

14.0625 1.15678
14.4531 1.15582

14.4531 1.15582
14.8438 1.15491

14.8438 1.1549
15.2344 1.15405

15.2344 1.15405
15.625 1.15326

15.625 1.15326
16.0156 1.15255

16.0156 1.15255
16.4062 1.15192

16.4062 1.15191
16.7969 1.15137

16.7969 1.15137
17.1875 1.15092

17.1875 1.15092
17.5781 1.15056

17.5781 1.15056
17.9688 1.15031

17.9688 1.15031
18.3594 1.15015

18.3594 1.15015
18.75 1.15011

18.75 1.15011
19.1406 1.15016

19.1406 1.15016
19.5312 1.15032

19.5312 1.15032
19.9219 1.15059

19.9219 1.15059
20.3125 1.15095

20.3125 1.15095
20.7031 1.15141

20.7031 1.15141
21.0938 1.15196

21.0938 1.15196
21.4844 1.1526

21.4844 1.1526
21.875 1.15332

21.875 1.15332
22.2656 1.15412

22.2656 1.15412
22.6562 1.15498

22.6562 1.15498
23.0469 1.15589

23.0469 1.1559
23.4375 1.15686

23.4375 1.15686
23.8281 1.15787

23.8281 1.15787
24.2188 1.1589

24.2188 1.15891
24.6094 1.15996

24.6094 1.15996
25 1.16103

25 1.16103
25.3906 1.1621

25.3906 1.1621
25.7812 1.16315

25.7812 1.16316
26.1719 1.16419

26.1719 1.16419
26.5625 1.16519

26.5625 1.1652
26.9531 1.16616

26.9531 1.16616
27.3438 1.16707

27.3438 1.16707
27.7344 1.16793

27.7344 1.16793
28.125 1.16872

28.125 1.16872
28.5156 1.16943

28.5156 1.16943
28.9062 1.17007

28.9062 1.17007
29.2969 1.17061

29.2969 1.17061
29.6875 1.17107

29.6875 1.17107
30.0781 1.17142

30.0781 1.17142
30.4688 1.17168

30.4688 1.17167
30.8594 1.17184

31.6406 1.17181
31.2866 1.17188

31.6406 1.17182
32.0312 1.17166

32.0312 1.17166
32.4219 1.17139

32.4219 1.17139
32.8125 1.17103

32.8125 1.17103
33.2031 1.17057

33.2031 1.17057
33.5938 1.17002

33.5938 1.17001
33.9844 1.16937

33.9844 1.16937
34.375 1.16865

34.375 1.16865
34.7656 1.16785

34.7656 1.16785
35.1562 1.16698

35.1562 1.16698
35.5469 1.16605

35.5469 1.16605
35.9375 1.16506

35.9375 1.16506
36.3281 1.16403

36.3281 1.16403
36.7188 1.16295

36.7188 1.16295
37.1094 1.16185

37.1094 1.16184
37.5 1.16071

37.5 1.16071
37.8906 1.15955

37.8906 1.15954
38.2812 1.15836

38.2812 1.15836
38.6719 1.15716

38.6719 1.15716
39.0625 1.15594

39.0625 1.15594
39.4531 1.15469

39.4531 1.1547
39.8438 1.15342

39.8438 1.15343
40.2344 1.15212

40.2344 1.15212
40.625 1.15077

40.625 1.15078
41.0156 1.14937

41.0156 1.14938
41.4062 1.1479

41.4062 1.1479
41.7969 1.14634

41.7969 1.14635
42.1875 1.14468

42.1875 1.14468
42.5781 1.14289

42.5781 1.14289
42.9688 1.14096

42.9688 1.14096
43.3594 1.13886

43.3594 1.13886
43.75 1.13657

43.75 1.13657
44.1406 1.13408

44.1406 1.13408
44.5312 1.13137

44.5312 1.13137
44.9219 1.12842

44.9219 1.12842
45.3125 1.12523

45.3125 1.12523
45.7031 1.12179

45.7031 1.12179
46.0938 1.1181

46.0938 1.1181
46.4844 1.11418

46.4844 1.11417
46.875 1.11002

46.875 1.11002
47.2656 1.10566

47.2656 1.10565
47.6562 1.1011

47.6562 1.1011
48.0469 1.09639

48.0469 1.09638
48.4375 1.09156

48.4375 1.09155
48.8281 1.08664

48.8281 1.08663
49.2188 1.08167

49.2188 1.08166
49.6094 1.07669

49.6094 1.07668
50 1.07175

50 1.07174
50.3906 1.06689

50.3906 1.06688
50.7812 1.06214

50.7812 1.06213
51.1719 1.05754

51.1719 1.05753
51.5625 1.05313

51.5625 1.05312
51.9531 1.04892

51.9531 1.04891
52.3438 1.04494

52.3438 1.04494
52.7344 1.04121

52.7344 1.04121
53.125 1.03774

53.125 1.03773
53.5156 1.03452

53.5156 1.03452
53.9062 1.03156

53.9062 1.03156
54.2969 1.02885

54.2969 1.02885
54.6875 1.02638

54.6875 1.02638
55.0781 1.02414

55.0781 1.02414
55.4688 1.0221

55.4688 1.0221
55.8594 1.02025

55.8594 1.02025
56.25 1.01856

56.25 1.01857
56.6406 1.01702

56.6406 1.01702
57.0312 1.0156

57.0312 1.0156
57.4219 1.01428

57.4219 1.01429
57.8125 1.01304

57.8125 1.01305
58.2031 1.01187

58.2031 1.01187
58.5938 1.01074

58.5938 1.01075
58.9844 1.00965

58.9844 1.00965
59.375 1.00858

59.375 1.00858
59.7656 1.00752

59.7656 1.00752
60.1562 1.00647

60.1562 1.00647
60.5469 1.00543

60.5469 1.00543
60.9375 1.00438

60.9375 1.00438
61.3281 1.00333

61.3281 1.00333
61.7188 1.00229

61.7188 1.00228
62.1094 1.00124

62.1094 1.00124
62.5 1.00021

62.5 1.00021
62.8906 0.999195

62.8906 0.999193
63.2812 0.998197

63.2812 0.998195
63.6719 0.997226

63.6719 0.997225
64.0625 0.99629

64.0625 0.996288
64.4531 0.995394

64.4531 1.00043
64.8438 0.989505

65.1303 0
65.168 0.390625

65.2344 0.540609
65.1689 0.78125

65.2538 0.390625
65.2359 0.78125

64.8438 1.12841
65.2344 0.859891

65.2344 1.08178
65.3821 0.78125

