6.64062 1.17181
6.28639 1.17188

6.64062 1.17182
7.03125 1.17166

7.03125 1.17166
7.42188 1.17139

7.42188 1.17139
7.8125 1.17103

7.8125 1.17103
8.20312 1.17057

8.20312 1.17057
8.59375 1.17002

8.59375 1.17001
8.98438 1.16938

8.98438 1.16937
9.375 1.16866

9.375 1.16865
9.76562 1.16786

9.76562 1.16786
10.1562 1.167

10.1562 1.167
10.5469 1.16608

10.5469 1.16608
10.9375 1.16511

10.9375 1.16511
11.3281 1.16411

11.3281 1.1641
11.7188 1.16307

11.7188 1.16307
12.1094 1.16201

12.1094 1.16201
12.5 1.16094

12.5 1.16094
12.8906 1.15988

12.8906 1.15988
13.2812 1.15882

13.2812 1.15882
13.6719 1.15779

13.6719 1.15778
14.0625 1.15678

14.0625 1.15678
14.4531 1.15582

14.4531 1.15582
14.8438 1.15491

14.8438 1.1549
15.2344 1.15405

15.2344 1.15405
15.625 1.15326

15.625 1.15326
16.0156 1.15255

16.0156 1.15255
16.4062 1.15192

16.4062 1.15191
16.7969 1.15137

16.7969 1.15137
17.1875 1.15092

17.1875 1.15092
17.5781 1.15056

17.5781 1.15056
17.9688 1.15031

17.9688 1.15031
18.3594 1.15015

18.3594 1.15015
18.75 1.15011

18.75 1.15011
19.1406 1.15016

19.1406 1.15016
19.5312 1.15032

19.5312 1.15032
19.9219 1.15059

19.9219 1.15059
20.3125 1.15095

20.3125 1.15095
20.7031 1.15141

20.7031 1.15141
21.0938 1.15196

21.0938 1.15196
21.4844 1.1526

21.4844 1.1526
21.875 1.15332

21.875 1.15332
22.2656 1.15412

22.2656 1.15412
22.6562 1.15498

22.6562 1.15498
23.0469 1.15589

23.0469 1.1559
23.4375 1.15686

23.4375 1.15686
23.8281 1.15787

23.8281 1.15787
24.2188 1.15891

24.2188 1.15891
24.6094 1.15996

24.6094 1.15997
25 1.16103

25 1.16103
25.3906 1.1621

25.3906 1.1621
25.7812 1.16315

25.7812 1.16316
26.1719 1.16419

26.1719 1.16419
26.5625 1.16519

26.5625 1.1652
26.9531 1.16616

26.9531 1.16616
27.3438 1.16707

27.3438 1.16707
27.7344 1.16793

27.7344 1.16793
28.125 1.16872

28.125 1.16872
28.5156 1.16943

28.5156 1.16943
28.9062 1.17007

28.9062 1.17007
29.2969 1.17061

29.2969 1.17061
29.6875 1.17106

29.6875 1.17107
30.0781 1.17142

30.0781 1.17142
30.4688 1.17168

30.4688 1.17167
30.8594 1.17183

31.6406 1.17181
31.2841 1.17188

31.6406 1.17182
32.0312 1.17166

32.0312 1.17166
32.4219 1.17139

32.4219 1.17139
32.8125 1.17103

32.8125 1.17103
33.2031 1.17057

33.2031 1.17057
33.5938 1.17002

33.5938 1.17002
33.9844 1.16938

33.9844 1.16938
34.375 1.16866

34.375 1.16865
34.7656 1.16786

34.7656 1.16786
35.1562 1.167

35.1562 1.167
35.5469 1.16608

35.5469 1.16608
35.9375 1.16511

35.9375 1.16511
36.3281 1.16411

36.3281 1.1641
36.7188 1.16307

36.7188 1.16307
37.1094 1.16201

37.1094 1.16201
37.5 1.16095

37.5 1.16094
37.8906 1.15988

37.8906 1.15988
38.2812 1.15882

38.2812 1.15882
38.6719 1.15779

38.6719 1.15779
39.0625 1.15678

39.0625 1.15678
39.4531 1.15582

39.4531 1.15582
39.8438 1.1549

39.8438 1.1549
40.2344 1.15405

40.2344 1.15405
40.625 1.15326

40.625 1.15326
41.0156 1.15254

41.0156 1.15254
41.4062 1.1519

41.4062 1.1519
41.7969 1.15135

41.7969 1.15135
42.1875 1.15088

42.1875 1.15088
42.5781 1.15051

42.5781 1.15051
42.9688 1.15023

42.9688 1.15023
43.3594 1.15004

43.3594 1.15004
43.75 1.14995

43.75 1.14995
44.1406 1.14995

44.1406 1.14995
44.5312 1.15003

44.5312 1.15003
44.9219 1.15019

44.9219 1.15019
45.3125 1.15042

45.3125 1.15042
45.7031 1.1507

45.7031 1.15071
46.0938 1.15104

46.0938 1.15104
46.4844 1.1514

46.4844 1.1514
46.875 1.15178

46.875 1.15178
47.2656 1.15214

47.2656 1.15215
47.6562 1.15248

47.6562 1.15249
48.0469 1.15277

48.0469 1.15277
48.4375 1.15297

48.4375 1.15298
48.8281 1.15307

48.8281 1.15307
49.2188 1.15303

49.2188 1.15303
49.6094 1.15282

49.6094 1.15282
50 1.15241

50 1.15242
50.3906 1.15177

50.3906 1.15178
50.7812 1.15089

50.7812 1.15089
51.1719 1.14971

51.1719 1.14972
51.5625 1.14823

51.5625 1.14824
51.9531 1.14642

51.9531 1.14642
52.3438 1.14426

52.3438 1.14426
52.7344 1.14174

52.7344 1.14174
53.125 1.13885

53.125 1.13885
53.5156 1.13559

53.5156 1.13559
53.9062 1.13196

53.9062 1.13196
54.2969 1.12797

54.2969 1.12797
54.6875 1.12364

54.6875 1.12364
55.0781 1.119

55.0781 1.11899
55.4688 1.11405

55.4688 1.11405
55.8594 1.10885

55.8594 1.10884
56.25 1.10343

56.25 1.10342
56.6406 1.09782

56.6406 1.09781
57.0312 1.09207

57.0312 1.09206
57.4219 1.08622

57.4219 1.08621
57.8125 1.08032

57.8125 1.08031
58.2031 1.07442

58.2031 1.07441
58.5938 1.06855

58.5938 1.06854
58.9844 1.06276

58.9844 1.06276
59.375 1.05709

59.375 1.05708
59.7656 1.05157

59.7656 1.05156
60.1562 1.04623

60.1562 1.04622
60.5469 1.0411

60.5469 1.04109
60.9375 1.0362

60.9375 1.03619
61.3281 1.03154

61.3281 1.03154
61.7188 1.02715

61.7188 1.02715
62.1094 1.02303

62.1094 1.02303
62.5 1.01919

62.5 1.01919
62.8906 1.01562

62.8906 1.01562
63.2812 1.01233

63.2812 1.01233
63.6719 1.00931

63.6719 1.00931
64.0625 1.00655

64.0625 1.00656
64.4531 1.00406

64.4531 1.00406
64.8438 1.00182

64.8438 1.00182
65.2344 0.999818

65.2344 0.999821
65.625 0.998048

65.625 0.998051
66.0156 0.996498

66.0156 0.9965
66.4062 0.995157

66.4062 0.99516
66.7969 0.994016

66.7969 0.994019
67.1875 0.993065

67.1875 0.993067
67.5781 0.992293

67.5781 0.992295
67.9688 0.99169

67.9688 0.991692
68.3594 0.991249

68.3594 0.991251
68.75 0.990959

68.75 0.990961
69.1406 0.990813

69.1406 0.990815
69.5312 0.990802

69.5312 0.990804
69.9219 0.990917

69.9219 0.990919
70.3125 0.991151

70.3125 0.991153
70.7031 0.991496

70.7031 0.991498
71.0938 0.991943

71.0938 0.991945
71.4844 0.992483

71.4844 0.992485
71.875 0.993109

71.875 0.993111
72.2656 0.993811

72.2656 0.993814
72.6562 0.994582

72.6562 0.994584
73.0469 0.99541

73.0469 0.995412
73.4375 0.996288

73.4375 0.99629
73.8281 0.997205

73.8281 0.997208
74.2188 0.998153

74.2188 0.998156
74.6094 0.999121

74.6094 1.00758
75 0.99164

75.2669 0
75.3042 0.390625

75.3906 0.452498
75.3102 0.78125

75.3906 0.722965
75.3986 0.390625

75 1.14013
75.3906 0.861052

75.3906 1.06474
75.5213 0.78125

