6.64062 1.17181
6.28629 1.17188

6.64062 1.17182
7.03125 1.17166

7.03125 1.17166
7.42188 1.17139

7.42188 1.17139
7.8125 1.17103

7.8125 1.17103
8.20312 1.17057

8.20312 1.17057
8.59375 1.17002

8.59375 1.17001
8.98438 1.16938

8.98438 1.16937
9.375 1.16866

9.375 1.16865
9.76562 1.16786

9.76562 1.16786
10.1562 1.167

10.1562 1.167
10.5469 1.16608

10.5469 1.16608
10.9375 1.16511

10.9375 1.16511
11.3281 1.16411

11.3281 1.1641
11.7188 1.16307

11.7188 1.16307
12.1094 1.16201

12.1094 1.16201
12.5 1.16094

12.5 1.16094
12.8906 1.15988

12.8906 1.15988
13.2812 1.15882

13.2812 1.15882
13.6719 1.15779

13.6719 1.15778
14.0625 1.15678

14.0625 1.15678
14.4531 1.15582

14.4531 1.15582
14.8438 1.15491

14.8438 1.1549
15.2344 1.15405

15.2344 1.15405
15.625 1.15326

15.625 1.15326
16.0156 1.15255

16.0156 1.15255
16.4062 1.15192

16.4062 1.15191
16.7969 1.15137

16.7969 1.15137
17.1875 1.15092

17.1875 1.15092
17.5781 1.15056

17.5781 1.15056
17.9688 1.15031

17.9688 1.15031
18.3594 1.15015

18.3594 1.15015
18.75 1.15011

18.75 1.15011
19.1406 1.15016

19.1406 1.15016
19.5312 1.15032

19.5312 1.15032
19.9219 1.15059

19.9219 1.15059
20.3125 1.15095

20.3125 1.15095
20.7031 1.15141

20.7031 1.15141
21.0938 1.15196

21.0938 1.15196
21.4844 1.1526

21.4844 1.1526
21.875 1.15332

21.875 1.15332
22.2656 1.15411

22.2656 1.15412
22.6562 1.15498

22.6562 1.15498
23.0469 1.15589

23.0469 1.1559
23.4375 1.15686

23.4375 1.15686
23.8281 1.15787

23.8281 1.15787
24.2188 1.1589

24.2188 1.15891
24.6094 1.15996

24.6094 1.15996
25 1.16103

25 1.16103
25.3906 1.1621

25.3906 1.1621
25.7812 1.16315

25.7812 1.16316
26.1719 1.16419

26.1719 1.16419
26.5625 1.16519

26.5625 1.1652
26.9531 1.16616

26.9531 1.16616
27.3438 1.16707

27.3438 1.16707
27.7344 1.16793

27.7344 1.16793
28.125 1.16872

28.125 1.16872
28.5156 1.16943

28.5156 1.16943
28.9062 1.17007

28.9062 1.17007
29.2969 1.17061

29.2969 1.17061
29.6875 1.17107

29.6875 1.17107
30.0781 1.17142

30.0781 1.17142
30.4688 1.17168

30.4688 1.17168
30.8594 1.17184

31.6406 1.17181
31.2866 1.17188

31.6406 1.17182
32.0312 1.17166

32.0312 1.17166
32.4219 1.17139

32.4219 1.17139
32.8125 1.17103

32.8125 1.17103
33.2031 1.17056

33.2031 1.17056
33.5938 1.17001

33.5938 1.17001
33.9844 1.16936

33.9844 1.16936
34.375 1.16863

34.375 1.16862
34.7656 1.16781

34.7656 1.16781
35.1562 1.16693

35.1562 1.16692
35.5469 1.16597

35.5469 1.16597
35.9375 1.16495

35.9375 1.16495
36.3281 1.16387

36.3281 1.16387
36.7188 1.16274

36.7188 1.16274
37.1094 1.16155

37.1094 1.16155
37.5 1.16031

37.5 1.16032
37.8906 1.15902

37.8906 1.15903
38.2812 1.15768

38.2812 1.15768
38.6719 1.15628

38.6719 1.15628
39.0625 1.15481

39.0625 1.15481
39.4531 1.15327

39.4531 1.15327
39.8438 1.15163

39.8438 1.15164
40.2344 1.1499

40.2344 1.14991
40.625 1.14806

40.625 1.14806
41.0156 1.14608

41.0156 1.14608
41.4062 1.14395

41.4062 1.14395
41.7969 1.14165

41.7969 1.14165
42.1875 1.13916

42.1875 1.13916
42.5781 1.13646

42.5781 1.13646
42.9688 1.13354

42.9688 1.13355
43.3594 1.13039

43.3594 1.13039
43.75 1.127

43.75 1.127
44.1406 1.12335

44.1406 1.12335
44.5312 1.11946

44.5312 1.11946
44.9219 1.11533

44.9219 1.11532
45.3125 1.11097

45.3125 1.11096
45.7031 1.10639

45.7031 1.10639
46.0938 1.10163

46.0938 1.10162
46.4844 1.09671

46.4844 1.0967
46.875 1.09167

46.875 1.09166
47.2656 1.08654

47.2656 1.08653
47.6562 1.08137

47.6562 1.08136
48.0469 1.0762

48.0469 1.07619
48.4375 1.07108

48.4375 1.07107
48.8281 1.06604

48.8281 1.06603
49.2188 1.06114

49.2188 1.06113
49.6094 1.0564

49.6094 1.05639
50 1.05187

50 1.05186
50.3906 1.04757

50.3906 1.04756
50.7812 1.04353

50.7812 1.04353
51.1719 1.03977

51.1719 1.03977
51.5625 1.03629

51.5625 1.03629
51.9531 1.03311

51.9531 1.03311
52.3438 1.03022

52.3438 1.03023
52.7344 1.02762

52.7344 1.02762
53.125 1.02529

53.125 1.0253
53.5156 1.02322

53.5156 1.02323
53.9062 1.02139

53.9062 1.0214
54.2969 1.01977

54.2969 1.01978
54.6875 1.01835

54.6875 1.01835
55.0781 1.01708

55.0781 1.01709
55.4688 1.01596

55.4688 1.01597
55.8594 1.01495

55.8594 1.01496
56.25 1.01403

56.25 1.01404
56.6406 1.01318

56.6406 1.01318
57.0312 1.01237

57.0312 1.01237
57.4219 1.01159

57.4219 1.01159
57.8125 1.01082

57.8125 1.01082
58.2031 1.01005

58.2031 1.01005
58.5938 1.00927

58.5938 1.00927
58.9844 1.00846

58.9844 1.00847
59.375 1.00764

59.375 1.00764
59.7656 1.00678

59.7656 1.00678
60.1562 1.00589

60.1562 1.00589
60.5469 1.00498

60.5469 1.00498
60.9375 1.00404

60.9375 1.00404
61.3281 1.00308

61.3281 1.00307
61.7188 1.0021

61.7188 1.00209
62.1094 1.00111

62.1094 1.00111
62.5 1.00011

62.5 1.00011
62.8906 0.999126

62.8906 1.06092
63.2812 0.936353

63.3791 0
63.4165 0.390625

63.5028 0.390625
63.4422 0.78125

63.2812 1.15629
63.6325 0.78125

