6.64062 1.17181
6.28641 1.17188

6.64062 1.17182
7.03125 1.17166

7.03125 1.17166
7.42188 1.17139

7.42188 1.17139
7.8125 1.17103

7.8125 1.17103
8.20312 1.17057

8.20312 1.17057
8.59375 1.17002

8.59375 1.17001
8.98438 1.16938

8.98438 1.16937
9.375 1.16866

9.375 1.16865
9.76562 1.16786

9.76562 1.16786
10.1562 1.167

10.1562 1.167
10.5469 1.16608

10.5469 1.16608
10.9375 1.16511

10.9375 1.16511
11.3281 1.16411

11.3281 1.1641
11.7188 1.16307

11.7188 1.16307
12.1094 1.16201

12.1094 1.16201
12.5 1.16094

12.5 1.16094
12.8906 1.15988

12.8906 1.15988
13.2812 1.15882

13.2812 1.15882
13.6719 1.15779

13.6719 1.15778
14.0625 1.15678

14.0625 1.15678
14.4531 1.15582

14.4531 1.15582
14.8438 1.15491

14.8438 1.1549
15.2344 1.15405

15.2344 1.15405
15.625 1.15326

15.625 1.15326
16.0156 1.15255

16.0156 1.15255
16.4062 1.15192

16.4062 1.15191
16.7969 1.15137

16.7969 1.15137
17.1875 1.15092

17.1875 1.15092
17.5781 1.15056

17.5781 1.15056
17.9688 1.15031

17.9688 1.15031
18.3594 1.15015

18.3594 1.15015
18.75 1.15011

18.75 1.15011
19.1406 1.15016

19.1406 1.15016
19.5312 1.15032

19.5312 1.15032
19.9219 1.15059

19.9219 1.15059
20.3125 1.15095

20.3125 1.15095
20.7031 1.15141

20.7031 1.15141
21.0938 1.15196

21.0938 1.15196
21.4844 1.1526

21.4844 1.1526
21.875 1.15332

21.875 1.15332
22.2656 1.15412

22.2656 1.15412
22.6562 1.15498

22.6562 1.15498
23.0469 1.15589

23.0469 1.1559
23.4375 1.15686

23.4375 1.15686
23.8281 1.15787

23.8281 1.15787
24.2188 1.1589

24.2188 1.15891
24.6094 1.15996

24.6094 1.15996
25 1.16103

25 1.16103
25.3906 1.1621

25.3906 1.1621
25.7812 1.16315

25.7812 1.16316
26.1719 1.16419

26.1719 1.16419
26.5625 1.16519

26.5625 1.1652
26.9531 1.16616

26.9531 1.16616
27.3438 1.16707

27.3438 1.16707
27.7344 1.16793

27.7344 1.16793
28.125 1.16872

28.125 1.16872
28.5156 1.16943

28.5156 1.16943
28.9062 1.17007

28.9062 1.17007
29.2969 1.17061

29.2969 1.17061
29.6875 1.17107

29.6875 1.17107
30.0781 1.17142

30.0781 1.17142
30.4688 1.17168

30.4688 1.17167
30.8594 1.17184

31.6406 1.17181
31.2866 1.17188

31.6406 1.17182
32.0312 1.17166

32.0312 1.17166
32.4219 1.17139

32.4219 1.17139
32.8125 1.17103

32.8125 1.17103
33.2031 1.17057

33.2031 1.17057
33.5938 1.17002

33.5938 1.17001
33.9844 1.16937

33.9844 1.16937
34.375 1.16865

34.375 1.16865
34.7656 1.16785

34.7656 1.16785
35.1562 1.16698

35.1562 1.16698
35.5469 1.16605

35.5469 1.16605
35.9375 1.16506

35.9375 1.16506
36.3281 1.16403

36.3281 1.16403
36.7188 1.16296

36.7188 1.16296
37.1094 1.16185

37.1094 1.16185
37.5 1.16071

37.5 1.16071
37.8906 1.15955

37.8906 1.15955
38.2812 1.15837

38.2812 1.15837
38.6719 1.15717

38.6719 1.15717
39.0625 1.15595

39.0625 1.15595
39.4531 1.15471

39.4531 1.15471
39.8438 1.15344

39.8438 1.15345
40.2344 1.15215

40.2344 1.15215
40.625 1.1508

40.625 1.15081
41.0156 1.14941

41.0156 1.14941
41.4062 1.14795

41.4062 1.14795
41.7969 1.1464

41.7969 1.1464
42.1875 1.14475

42.1875 1.14475
42.5781 1.14297

42.5781 1.14297
42.9688 1.14105

42.9688 1.14105
43.3594 1.13896

43.3594 1.13897
43.75 1.13669

43.75 1.1367
44.1406 1.13422

44.1406 1.13422
44.5312 1.13153

44.5312 1.13153
44.9219 1.1286

44.9219 1.1286
45.3125 1.12543

45.3125 1.12543
45.7031 1.12201

45.7031 1.12201
46.0938 1.11834

46.0938 1.11834
46.4844 1.11443

46.4844 1.11443
46.875 1.11029

46.875 1.11029
47.2656 1.10594

47.2656 1.10594
47.6562 1.1014

47.6562 1.1014
48.0469 1.0967

48.0469 1.0967
48.4375 1.09188

48.4375 1.09187
48.8281 1.08696

48.8281 1.08695
49.2188 1.082

49.2188 1.08199
49.6094 1.07702

49.6094 1.07701
50 1.07208

50 1.07207
50.3906 1.06721

50.3906 1.0672
50.7812 1.06246

50.7812 1.06245
51.1719 1.05785

51.1719 1.05784
51.5625 1.05342

51.5625 1.05342
51.9531 1.0492

51.9531 1.0492
52.3438 1.04521

52.3438 1.04521
52.7344 1.04146

52.7344 1.04146
53.125 1.03797

53.125 1.03797
53.5156 1.03473

53.5156 1.03473
53.9062 1.03176

53.9062 1.03176
54.2969 1.02903

54.2969 1.02903
54.6875 1.02654

54.6875 1.02654
55.0781 1.02428

55.0781 1.02428
55.4688 1.02222

55.4688 1.02223
55.8594 1.02036

55.8594 1.02036
56.25 1.01866

56.25 1.01866
56.6406 1.0171

56.6406 1.01711
57.0312 1.01567

57.0312 1.01568
57.4219 1.01434

57.4219 1.01435
57.8125 1.01309

57.8125 1.0131
58.2031 1.01191

58.2031 1.01191
58.5938 1.01078

58.5938 1.01078
58.9844 1.00968

58.9844 1.00968
59.375 1.0086

59.375 1.0086
59.7656 1.00754

59.7656 1.00754
60.1562 1.00649

60.1562 1.00649
60.5469 1.00544

60.5469 1.00544
60.9375 1.00439

60.9375 1.00439
61.3281 1.00334

61.3281 1.00334
61.7188 1.00229

61.7188 1.00229
62.1094 1.00125

62.1094 1.00125
62.5 1.00022

62.5 1.00021
62.8906 0.999197

62.8906 0.999195
63.2812 0.998199

63.2812 0.998197
63.6719 0.997227

63.6719 0.997226
64.0625 0.99629

64.0625 0.996289
64.4531 0.995395

64.4531 0.997161
64.8438 0.99278

65.1587 0
65.1964 0.390625

65.2344 0.642924
65.1944 0.78125

65.2724 0.390625
65.248 0.78125

64.8438 1.12073
65.2344 0.867569

65.2344 1.10517
65.4085 0.78125

