6.64062 1.17181
6.28617 1.17188

6.64062 1.17182
7.03125 1.17166

7.03125 1.17166
7.42188 1.17139

7.42188 1.17139
7.8125 1.17103

7.8125 1.17103
8.20312 1.17057

8.20312 1.17057
8.59375 1.17002

8.59375 1.17001
8.98438 1.16938

8.98438 1.16937
9.375 1.16866

9.375 1.16865
9.76562 1.16786

9.76562 1.16786
10.1562 1.167

10.1562 1.167
10.5469 1.16608

10.5469 1.16608
10.9375 1.16511

10.9375 1.16511
11.3281 1.16411

11.3281 1.1641
11.7188 1.16307

11.7188 1.16307
12.1094 1.16201

12.1094 1.16201
12.5 1.16094

12.5 1.16094
12.8906 1.15988

12.8906 1.15988
13.2812 1.15882

13.2812 1.15882
13.6719 1.15779

13.6719 1.15778
14.0625 1.15678

14.0625 1.15678
14.4531 1.15582

14.4531 1.15582
14.8438 1.15491

14.8438 1.1549
15.2344 1.15405

15.2344 1.15405
15.625 1.15326

15.625 1.15326
16.0156 1.15255

16.0156 1.15255
16.4062 1.15192

16.4062 1.15191
16.7969 1.15137

16.7969 1.15137
17.1875 1.15092

17.1875 1.15092
17.5781 1.15056

17.5781 1.15056
17.9688 1.15031

17.9688 1.15031
18.3594 1.15015

18.3594 1.15015
18.75 1.15011

18.75 1.15011
19.1406 1.15016

19.1406 1.15016
19.5312 1.15032

19.5312 1.15032
19.9219 1.15059

19.9219 1.15059
20.3125 1.15095

20.3125 1.15095
20.7031 1.15141

20.7031 1.15141
21.0938 1.15196

21.0938 1.15196
21.4844 1.1526

21.4844 1.1526
21.875 1.15332

21.875 1.15332
22.2656 1.15412

22.2656 1.15412
22.6562 1.15498

22.6562 1.15498
23.0469 1.15589

23.0469 1.1559
23.4375 1.15686

23.4375 1.15686
23.8281 1.15787

23.8281 1.15787
24.2188 1.1589

24.2188 1.15891
24.6094 1.15996

24.6094 1.15996
25 1.16103

25 1.16103
25.3906 1.1621

25.3906 1.1621
25.7812 1.16315

25.7812 1.16315
26.1719 1.16419

26.1719 1.16419
26.5625 1.16519

26.5625 1.16519
26.9531 1.16616

26.9531 1.16616
27.3438 1.16707

27.3438 1.16707
27.7344 1.16793

27.7344 1.16793
28.125 1.16872

28.125 1.16872
28.5156 1.16943

28.5156 1.16943
28.9062 1.17006

28.9062 1.17007
29.2969 1.17061

29.2969 1.17061
29.6875 1.17106

29.6875 1.17106
30.0781 1.17142

30.0781 1.17142
30.4688 1.17168

30.4688 1.17167
30.8594 1.17183

31.6406 1.17181
31.2863 1.17188

31.6406 1.17182
32.0312 1.17166

32.0312 1.17166
32.4219 1.17139

32.4219 1.17139
32.8125 1.17103

32.8125 1.17103
33.2031 1.17057

33.2031 1.17057
33.5938 1.17002

33.5938 1.17001
33.9844 1.16938

33.9844 1.16937
34.375 1.16866

34.375 1.16865
34.7656 1.16786

34.7656 1.16786
35.1562 1.167

35.1562 1.167
35.5469 1.16608

35.5469 1.16608
35.9375 1.16511

35.9375 1.16511
36.3281 1.16411

36.3281 1.1641
36.7188 1.16307

36.7188 1.16307
37.1094 1.16201

37.1094 1.16201
37.5 1.16094

37.5 1.16094
37.8906 1.15988

37.8906 1.15988
38.2812 1.15882

38.2812 1.15882
38.6719 1.15779

38.6719 1.15778
39.0625 1.15678

39.0625 1.15678
39.4531 1.15582

39.4531 1.15582
39.8438 1.15491

39.8438 1.1549
40.2344 1.15405

40.2344 1.15405
40.625 1.15326

40.625 1.15326
41.0156 1.15255

41.0156 1.15255
41.4062 1.15191

41.4062 1.15191
41.7969 1.15137

41.7969 1.15137
42.1875 1.15091

42.1875 1.15091
42.5781 1.15056

42.5781 1.15055
42.9688 1.1503

42.9688 1.1503
43.3594 1.15014

43.3594 1.15014
43.75 1.15008

43.75 1.15008
44.1406 1.15013

44.1406 1.15013
44.5312 1.15027

44.5312 1.15027
44.9219 1.15051

44.9219 1.15051
45.3125 1.15084

45.3125 1.15085
45.7031 1.15126

45.7031 1.15127
46.0938 1.15176

46.0938 1.15176
46.4844 1.15233

46.4844 1.15233
46.875 1.15296

46.875 1.15296
47.2656 1.15363

47.2656 1.15363
47.6562 1.15433

47.6562 1.15434
48.0469 1.15506

48.0469 1.15506
48.4375 1.15577

48.4375 1.15578
48.8281 1.15647

48.8281 1.15648
49.2188 1.15713

49.2188 1.15713
49.6094 1.15772

49.6094 1.15772
50 1.15822

50 1.15822
50.3906 1.1586

50.3906 1.1586
50.7812 1.15884

50.7812 1.15884
51.1719 1.1589

51.1719 1.15891
51.5625 1.15877

51.5625 1.15877
51.9531 1.1584

51.9531 1.15841
52.3438 1.15778

52.3438 1.15778
52.7344 1.15687

52.7344 1.15688
53.125 1.15566

53.125 1.15566
53.5156 1.15411

53.5156 1.15411
53.9062 1.15221

53.9062 1.15221
54.2969 1.14994

54.2969 1.14995
54.6875 1.1473

54.6875 1.1473
55.0781 1.14427

55.0781 1.14427
55.4688 1.14085

55.4688 1.14085
55.8594 1.13705

55.8594 1.13705
56.25 1.13288

56.25 1.13287
56.6406 1.12835

56.6406 1.12834
57.0312 1.12348

57.0312 1.12348
57.4219 1.11831

57.4219 1.1183
57.8125 1.11287

57.8125 1.11286
58.2031 1.10718

58.2031 1.10717
58.5938 1.10129

58.5938 1.10128
58.9844 1.09525

58.9844 1.09524
59.375 1.0891

59.375 1.08909
59.7656 1.08289

59.7656 1.08288
60.1562 1.07666

60.1562 1.07664
60.5469 1.07045

60.5469 1.07044
60.9375 1.06432

60.9375 1.06431
61.3281 1.05831

61.3281 1.0583
61.7188 1.05245

61.7188 1.05244
62.1094 1.04677

62.1094 1.04677
62.5 1.04132

62.5 1.04132
62.8906 1.03612

62.8906 1.03612
63.2812 1.03119

63.2812 1.03118
63.6719 1.02654

63.6719 1.02654
64.0625 1.0222

64.0625 1.0222
64.4531 1.01817

64.4531 1.01817
64.8438 1.01446

64.8438 1.01446
65.2344 1.01107

65.2344 1.01107
65.625 1.008

65.625 1.008
66.0156 1.00524

66.0156 1.00524
66.4062 1.00278

66.4062 1.00278
66.7969 1.00062

66.7969 1.00063
67.1875 0.998754

67.1875 0.998758
67.5781 0.997158

67.5781 0.997162
67.9688 0.995824

67.9688 0.995827
68.3594 0.994736

68.3594 0.99474
68.75 0.993881

68.75 0.993885
69.1406 0.993244

69.1406 0.993248
69.5312 0.99281

69.5312 0.992814
69.9219 0.992565

69.9219 0.992568
70.3125 0.992493

70.3125 0.992496
70.7031 0.99258

70.7031 0.992583
71.0938 0.992812

71.0938 0.992815
71.4844 0.993175

71.4844 0.993178
71.875 0.993654

71.875 0.993658
72.2656 0.994238

72.2656 0.994241
72.6562 0.994912

72.6562 0.994915
73.0469 0.995664

73.0469 0.995667
73.4375 0.99648

73.4375 0.996484
73.8281 0.99735

73.8281 0.997353
74.2188 0.99826

74.2188 0.998263
74.6094 0.999199

74.6094 0.999202
75 1.00016

75 1.00016
75.3906 1.00112

75.3906 1.00112
75.7812 1.00208

75.7812 1.00208
76.1719 1.00302

76.1719 1.00302
76.5625 1.00394

76.5625 1.00394
76.9531 1.00482

76.9531 1.00482
77.3438 1.00566

77.3438 1.00566
77.7344 1.00644

77.7344 1.03812
78.125 0.975495

78.3058 0
78.3429 0.390625

78.4333 0.390625
78.3638 0.78125

78.125 1.16952
78.5156 0.826219

78.5156 0.914583
78.5672 0.78125

