6.64062 1.17181
6.28623 1.17188

6.64062 1.17182
7.03125 1.17166

7.03125 1.17166
7.42188 1.17139

7.42188 1.17139
7.8125 1.17103

7.8125 1.17103
8.20312 1.17057

8.20312 1.17057
8.59375 1.17002

8.59375 1.17001
8.98438 1.16938

8.98438 1.16937
9.375 1.16866

9.375 1.16865
9.76562 1.16786

9.76562 1.16786
10.1562 1.167

10.1562 1.167
10.5469 1.16608

10.5469 1.16608
10.9375 1.16511

10.9375 1.16511
11.3281 1.16411

11.3281 1.1641
11.7188 1.16307

11.7188 1.16307
12.1094 1.16201

12.1094 1.16201
12.5 1.16094

12.5 1.16094
12.8906 1.15988

12.8906 1.15988
13.2812 1.15882

13.2812 1.15882
13.6719 1.15779

13.6719 1.15778
14.0625 1.15678

14.0625 1.15678
14.4531 1.15582

14.4531 1.15582
14.8438 1.15491

14.8438 1.1549
15.2344 1.15405

15.2344 1.15405
15.625 1.15326

15.625 1.15326
16.0156 1.15255

16.0156 1.15255
16.4062 1.15192

16.4062 1.15191
16.7969 1.15137

16.7969 1.15137
17.1875 1.15092

17.1875 1.15092
17.5781 1.15056

17.5781 1.15056
17.9688 1.15031

17.9688 1.15031
18.3594 1.15015

18.3594 1.15015
18.75 1.15011

18.75 1.15011
19.1406 1.15016

19.1406 1.15016
19.5312 1.15032

19.5312 1.15032
19.9219 1.15059

19.9219 1.15059
20.3125 1.15095

20.3125 1.15095
20.7031 1.15141

20.7031 1.15141
21.0938 1.15196

21.0938 1.15196
21.4844 1.1526

21.4844 1.1526
21.875 1.15332

21.875 1.15332
22.2656 1.15411

22.2656 1.15412
22.6562 1.15497

22.6562 1.15498
23.0469 1.15589

23.0469 1.1559
23.4375 1.15686

23.4375 1.15686
23.8281 1.15787

23.8281 1.15787
24.2188 1.1589

24.2188 1.15891
24.6094 1.15996

24.6094 1.15996
25 1.16103

25 1.16103
25.3906 1.1621

25.3906 1.1621
25.7812 1.16315

25.7812 1.16315
26.1719 1.16419

26.1719 1.16419
26.5625 1.16519

26.5625 1.16519
26.9531 1.16616

26.9531 1.16616
27.3438 1.16707

27.3438 1.16707
27.7344 1.16793

27.7344 1.16793
28.125 1.16872

28.125 1.16872
28.5156 1.16943

28.5156 1.16943
28.9062 1.17006

28.9062 1.17007
29.2969 1.17061

29.2969 1.17061
29.6875 1.17106

29.6875 1.17106
30.0781 1.17142

30.0781 1.17142
30.4688 1.17168

30.4688 1.17167
30.8594 1.17183

31.6406 1.17181
31.2861 1.17188

31.6406 1.17182
32.0312 1.17166

32.0312 1.17166
32.4219 1.17139

32.4219 1.17139
32.8125 1.17103

32.8125 1.17103
33.2031 1.17057

33.2031 1.17057
33.5938 1.17002

33.5938 1.17001
33.9844 1.16938

33.9844 1.16937
34.375 1.16865

34.375 1.16865
34.7656 1.16786

34.7656 1.16786
35.1562 1.167

35.1562 1.167
35.5469 1.16608

35.5469 1.16608
35.9375 1.16511

35.9375 1.16511
36.3281 1.16411

36.3281 1.1641
36.7188 1.16307

36.7188 1.16307
37.1094 1.16201

37.1094 1.16201
37.5 1.16094

37.5 1.16094
37.8906 1.15988

37.8906 1.15988
38.2812 1.15882

38.2812 1.15882
38.6719 1.15779

38.6719 1.15778
39.0625 1.15678

39.0625 1.15678
39.4531 1.15582

39.4531 1.15581
39.8438 1.1549

39.8438 1.1549
40.2344 1.15404

40.2344 1.15404
40.625 1.15325

40.625 1.15325
41.0156 1.15253

41.0156 1.15253
41.4062 1.15188

41.4062 1.15188
41.7969 1.15132

41.7969 1.15132
42.1875 1.15085

42.1875 1.15085
42.5781 1.15046

42.5781 1.15046
42.9688 1.15017

42.9688 1.15017
43.3594 1.14996

43.3594 1.14996
43.75 1.14984

43.75 1.14984
44.1406 1.1498

44.1406 1.1498
44.5312 1.14983

44.5312 1.14984
44.9219 1.14994

44.9219 1.14994
45.3125 1.15009

45.3125 1.1501
45.7031 1.15029

45.7031 1.1503
46.0938 1.15052

46.0938 1.15052
46.4844 1.15075

46.4844 1.15076
46.875 1.15098

46.875 1.15098
47.2656 1.15117

47.2656 1.15117
47.6562 1.15129

47.6562 1.1513
48.0469 1.15133

48.0469 1.15134
48.4375 1.15126

48.4375 1.15127
48.8281 1.15104

48.8281 1.15105
49.2188 1.15065

49.2188 1.15065
49.6094 1.15005

49.6094 1.15005
50 1.14921

50 1.14922
50.3906 1.14811

50.3906 1.14812
50.7812 1.14673

50.7812 1.14673
51.1719 1.14503

51.1719 1.14503
51.5625 1.143

51.5625 1.143
51.9531 1.14062

51.9531 1.14062
52.3438 1.13789

52.3438 1.13789
52.7344 1.1348

52.7344 1.13479
53.125 1.13134

53.125 1.13134
53.5156 1.12753

53.5156 1.12753
53.9062 1.12339

53.9062 1.12338
54.2969 1.11893

54.2969 1.11892
54.6875 1.11417

54.6875 1.11416
55.0781 1.10915

55.0781 1.10914
55.4688 1.1039

55.4688 1.10389
55.8594 1.09846

55.8594 1.09845
56.25 1.09287

56.25 1.09286
56.6406 1.08718

56.6406 1.08717
57.0312 1.08142

57.0312 1.08141
57.4219 1.07566

57.4219 1.07565
57.8125 1.06991

57.8125 1.0699
58.2031 1.06424

58.2031 1.06423
58.5938 1.05867

58.5938 1.05866
58.9844 1.05324

58.9844 1.05323
59.375 1.04798

59.375 1.04797
59.7656 1.04292

59.7656 1.04291
60.1562 1.03807

60.1562 1.03807
60.5469 1.03346

60.5469 1.03346
60.9375 1.0291

60.9375 1.02909
61.3281 1.02499

61.3281 1.02499
61.7188 1.02115

61.7188 1.02115
62.1094 1.01757

62.1094 1.01757
62.5 1.01425

62.5 1.01425
62.8906 1.01119

62.8906 1.01119
63.2812 1.00838

63.2812 1.00838
63.6719 1.00581

63.6719 1.00582
64.0625 1.00349

64.0625 1.00349
64.4531 1.00138

64.4531 1.00139
64.8438 0.9995

64.8438 0.999502
65.2344 0.997823

65.2344 0.997825
65.625 0.996343

65.625 0.996345
66.0156 0.995052

66.0156 0.995054
66.4062 0.99394

66.4062 0.993942
66.7969 0.992999

66.7969 0.993001
67.1875 0.99222

67.1875 0.992222
67.5781 0.991597

67.5781 0.991599
67.9688 0.991122

67.9688 0.991123
68.3594 0.990788

68.3594 0.990789
68.75 0.990588

68.75 0.99059
69.1406 0.990517

69.1406 0.990519
69.5312 0.990568

69.5312 0.990569
69.9219 0.990734

69.9219 0.990735
70.3125 0.991009

70.3125 0.991011
70.7031 0.991386

70.7031 0.991388
71.0938 0.991859

71.0938 0.991861
71.4844 0.992421

71.4844 0.992422
71.875 0.993062

71.875 0.993064
72.2656 0.993777

72.2656 0.993779
72.6562 0.994557

72.6562 0.994559
73.0469 0.995393

73.0469 0.995395
73.4375 0.996276

73.4375 0.996278
73.8281 0.997198

73.8281 1.06709
74.2188 0.928254

74.2962 0
74.3335 0.390625

74.4174 0.390625
74.3612 0.78125

74.2188 1.15378
74.5498 0.78125

