6.64062 1.17181
6.28645 1.17188

6.64062 1.17182
7.03125 1.17166

7.03125 1.17166
7.42188 1.17139

7.42188 1.17139
7.8125 1.17103

7.8125 1.17103
8.20312 1.17057

8.20312 1.17057
8.59375 1.17002

8.59375 1.17001
8.98438 1.16938

8.98438 1.16937
9.375 1.16866

9.375 1.16865
9.76562 1.16786

9.76562 1.16786
10.1562 1.167

10.1562 1.167
10.5469 1.16608

10.5469 1.16608
10.9375 1.16511

10.9375 1.16511
11.3281 1.16411

11.3281 1.1641
11.7188 1.16307

11.7188 1.16307
12.1094 1.16201

12.1094 1.16201
12.5 1.16094

12.5 1.16094
12.8906 1.15988

12.8906 1.15988
13.2812 1.15882

13.2812 1.15882
13.6719 1.15779

13.6719 1.15778
14.0625 1.15678

14.0625 1.15678
14.4531 1.15582

14.4531 1.15582
14.8438 1.15491

14.8438 1.1549
15.2344 1.15405

15.2344 1.15405
15.625 1.15326

15.625 1.15326
16.0156 1.15255

16.0156 1.15255
16.4062 1.15192

16.4062 1.15191
16.7969 1.15137

16.7969 1.15137
17.1875 1.15092

17.1875 1.15092
17.5781 1.15056

17.5781 1.15056
17.9688 1.15031

17.9688 1.15031
18.3594 1.15015

18.3594 1.15015
18.75 1.15011

18.75 1.15011
19.1406 1.15016

19.1406 1.15016
19.5312 1.15032

19.5312 1.15032
19.9219 1.15059

19.9219 1.15059
20.3125 1.15095

20.3125 1.15095
20.7031 1.15141

20.7031 1.15141
21.0938 1.15196

21.0938 1.15196
21.4844 1.1526

21.4844 1.1526
21.875 1.15332

21.875 1.15332
22.2656 1.15411

22.2656 1.15412
22.6562 1.15498

22.6562 1.15498
23.0469 1.15589

23.0469 1.1559
23.4375 1.15686

23.4375 1.15686
23.8281 1.15787

23.8281 1.15787
24.2188 1.1589

24.2188 1.15891
24.6094 1.15996

24.6094 1.15996
25 1.16103

25 1.16103
25.3906 1.1621

25.3906 1.1621
25.7812 1.16315

25.7812 1.16316
26.1719 1.16419

26.1719 1.16419
26.5625 1.16519

26.5625 1.1652
26.9531 1.16616

26.9531 1.16616
27.3438 1.16707

27.3438 1.16708
27.7344 1.16793

27.7344 1.16793
28.125 1.16872

28.125 1.16872
28.5156 1.16943

28.5156 1.16944
28.9062 1.17007

28.9062 1.17007
29.2969 1.17061

29.2969 1.17061
29.6875 1.17107

29.6875 1.17107
30.0781 1.17142

30.0781 1.17142
30.4688 1.17168

30.4688 1.17168
30.8594 1.17183

30.8594 1.17184
31.1739 1.17188

31.6406 1.17182
31.2663 1.17188

31.6406 1.17182
32.0312 1.17165

32.0312 1.17165
32.4219 1.17139

32.4219 1.17139
32.8125 1.17101

32.8125 1.17101
33.2031 1.17054

33.2031 1.17054
33.5938 1.16997

33.5938 1.16997
33.9844 1.16931

33.9844 1.16931
34.375 1.16855

34.375 1.16855
34.7656 1.16771

34.7656 1.1677
35.1562 1.16678

35.1562 1.16677
35.5469 1.16576

35.5469 1.16576
35.9375 1.16467

35.9375 1.16467
36.3281 1.16349

36.3281 1.16349
36.7188 1.16223

36.7188 1.16223
37.1094 1.16088

37.1094 1.16088
37.5 1.15944

37.5 1.15944
37.8906 1.1579

37.8906 1.1579
38.2812 1.15625

38.2812 1.15626
38.6719 1.15449

38.6719 1.15449
39.0625 1.15258

39.0625 1.15259
39.4531 1.15053

39.4531 1.15054
39.8438 1.14831

39.8438 1.14832
40.2344 1.14591

40.2344 1.14592
40.625 1.14331

40.625 1.14331
41.0156 1.14049

41.0156 1.14049
41.4062 1.13743

41.4062 1.13743
41.7969 1.13413

41.7969 1.13413
42.1875 1.13057

42.1875 1.13057
42.5781 1.12675

42.5781 1.12675
42.9688 1.12267

42.9688 1.12267
43.3594 1.11834

43.3594 1.11833
43.75 1.11376

43.75 1.11375
44.1406 1.10895

44.1406 1.10894
44.5312 1.10394

44.5312 1.10393
44.9219 1.09875

44.9219 1.09874
45.3125 1.09343

45.3125 1.09342
45.7031 1.08801

45.7031 1.088
46.0938 1.08253

46.0938 1.08252
46.4844 1.07705

46.4844 1.07704
46.875 1.07161

46.875 1.0716
47.2656 1.06626

47.2656 1.06625
47.6562 1.06105

47.6562 1.06104
48.0469 1.05601

48.0469 1.056
48.4375 1.0512

48.4375 1.05119
48.8281 1.04664

48.8281 1.04663
49.2188 1.04236

49.2188 1.04236
49.6094 1.0384

49.6094 1.03839
50 1.03475

50 1.03475
50.3906 1.03143

50.3906 1.03144
50.7812 1.02845

50.7812 1.02846
51.1719 1.0258

51.1719 1.02581
51.5625 1.02347

51.5625 1.02347
51.9531 1.02144

51.9531 1.02144
52.3438 1.01969

52.3438 1.01969
52.7344 1.01819

52.7344 1.0182
53.125 1.01693

53.125 1.01694
53.5156 1.01587

53.5156 1.01587
53.9062 1.01498

53.9062 1.01499
54.2969 1.01423

54.2969 1.01424
54.6875 1.0136

54.6875 1.01361
55.0781 1.01306

55.0781 1.01306
55.4688 1.01257

55.4688 1.01258
55.8594 1.01213

55.8594 1.01213
56.25 1.0117

56.25 1.0117
56.6406 1.01127

56.6406 1.01127
57.0312 1.01082

57.0312 1.01083
57.4219 1.01035

57.4219 1.01035
57.8125 1.00984

57.8125 1.00984
58.2031 1.00928

58.2031 1.00928
58.5938 1.00867

58.5938 1.00867
58.9844 1.008

58.9844 1.008
59.375 1.00729

59.375 1.00729
59.7656 1.00652

59.7656 1.00652
60.1562 1.0057

60.1562 1.0057
60.5469 1.00484

60.5469 1.00484
60.9375 1.00394

61.6822 0
61.7188 0.380511

61.7188 0.774155
61.7165 0.78125

60.9375 1.00394
61.3281 1.003

61.3281 1.11711
61.7188 0.887952

61.7188 0.380668
61.7197 0.390625

61.7896 0.390625
61.7624 0.78125

61.7188 1.13536
61.9334 0.78125

