6.64062 1.17181
6.28629 1.17188

6.64062 1.17182
7.03125 1.17166

7.03125 1.17166
7.42188 1.17139

7.42188 1.17139
7.8125 1.17103

7.8125 1.17103
8.20312 1.17057

8.20312 1.17057
8.59375 1.17002

8.59375 1.17001
8.98438 1.16938

8.98438 1.16937
9.375 1.16866

9.375 1.16865
9.76562 1.16786

9.76562 1.16786
10.1562 1.167

10.1562 1.167
10.5469 1.16608

10.5469 1.16608
10.9375 1.16511

10.9375 1.16511
11.3281 1.16411

11.3281 1.1641
11.7188 1.16307

11.7188 1.16307
12.1094 1.16201

12.1094 1.16201
12.5 1.16094

12.5 1.16094
12.8906 1.15988

12.8906 1.15988
13.2812 1.15882

13.2812 1.15882
13.6719 1.15779

13.6719 1.15778
14.0625 1.15678

14.0625 1.15678
14.4531 1.15582

14.4531 1.15582
14.8438 1.15491

14.8438 1.1549
15.2344 1.15405

15.2344 1.15405
15.625 1.15326

15.625 1.15326
16.0156 1.15255

16.0156 1.15255
16.4062 1.15192

16.4062 1.15191
16.7969 1.15137

16.7969 1.15137
17.1875 1.15092

17.1875 1.15092
17.5781 1.15056

17.5781 1.15056
17.9688 1.15031

17.9688 1.15031
18.3594 1.15015

18.3594 1.15015
18.75 1.15011

18.75 1.15011
19.1406 1.15016

19.1406 1.15016
19.5312 1.15032

19.5312 1.15032
19.9219 1.15059

19.9219 1.15059
20.3125 1.15095

20.3125 1.15095
20.7031 1.15141

20.7031 1.15141
21.0938 1.15196

21.0938 1.15196
21.4844 1.1526

21.4844 1.1526
21.875 1.15332

21.875 1.15332
22.2656 1.15412

22.2656 1.15412
22.6562 1.15498

22.6562 1.15498
23.0469 1.15589

23.0469 1.1559
23.4375 1.15686

23.4375 1.15686
23.8281 1.15787

23.8281 1.15787
24.2188 1.1589

24.2188 1.15891
24.6094 1.15996

24.6094 1.15996
25 1.16103

25 1.16103
25.3906 1.1621

25.3906 1.1621
25.7812 1.16315

25.7812 1.16316
26.1719 1.16419

26.1719 1.16419
26.5625 1.16519

26.5625 1.1652
26.9531 1.16616

26.9531 1.16616
27.3438 1.16707

27.3438 1.16707
27.7344 1.16793

27.7344 1.16793
28.125 1.16872

28.125 1.16872
28.5156 1.16943

28.5156 1.16943
28.9062 1.17006

28.9062 1.17007
29.2969 1.17061

29.2969 1.17061
29.6875 1.17106

29.6875 1.17106
30.0781 1.17142

30.0781 1.17142
30.4688 1.17168

30.4688 1.17167
30.8594 1.17183

31.6406 1.17181
31.2877 1.17188

31.6406 1.17182
32.0312 1.17166

32.0312 1.17166
32.4219 1.17139

32.4219 1.17139
32.8125 1.17103

32.8125 1.17103
33.2031 1.17057

33.2031 1.17057
33.5938 1.17002

33.5938 1.17002
33.9844 1.16938

33.9844 1.16938
34.375 1.16866

34.375 1.16865
34.7656 1.16786

34.7656 1.16786
35.1562 1.167

35.1562 1.167
35.5469 1.16608

35.5469 1.16608
35.9375 1.16511

35.9375 1.16511
36.3281 1.16411

36.3281 1.1641
36.7188 1.16307

36.7188 1.16307
37.1094 1.16201

37.1094 1.16201
37.5 1.16095

37.5 1.16094
37.8906 1.15988

37.8906 1.15988
38.2812 1.15882

38.2812 1.15882
38.6719 1.15779

38.6719 1.15779
39.0625 1.15678

39.0625 1.15678
39.4531 1.15582

39.4531 1.15582
39.8438 1.15491

39.8438 1.1549
40.2344 1.15405

40.2344 1.15405
40.625 1.15326

40.625 1.15326
41.0156 1.15255

41.0156 1.15255
41.4062 1.15192

41.4062 1.15191
41.7969 1.15137

41.7969 1.15137
42.1875 1.15092

42.1875 1.15092
42.5781 1.15056

42.5781 1.15056
42.9688 1.15031

42.9688 1.15031
43.3594 1.15015

43.3594 1.15015
43.75 1.15011

43.75 1.15011
44.1406 1.15016

44.1406 1.15016
44.5312 1.15032

44.5312 1.15032
44.9219 1.15059

44.9219 1.15059
45.3125 1.15095

45.3125 1.15095
45.7031 1.15141

45.7031 1.15141
46.0938 1.15196

46.0938 1.15196
46.4844 1.1526

46.4844 1.1526
46.875 1.15332

46.875 1.15332
47.2656 1.15412

47.2656 1.15412
47.6562 1.15498

47.6562 1.15498
48.0469 1.15589

48.0469 1.1559
48.4375 1.15686

48.4375 1.15686
48.8281 1.15786

48.8281 1.15787
49.2188 1.1589

49.2188 1.1589
49.6094 1.15995

49.6094 1.15995
50 1.16101

50 1.16101
50.3906 1.16207

50.3906 1.16207
50.7812 1.16312

50.7812 1.16312
51.1719 1.16414

51.1719 1.16414
51.5625 1.16512

51.5625 1.16512
51.9531 1.16606

51.9531 1.16606
52.3438 1.16693

52.3438 1.16694
52.7344 1.16774

52.7344 1.16774
53.125 1.16847

53.125 1.16847
53.5156 1.1691

53.5156 1.1691
53.9062 1.16963

53.9062 1.16963
54.2969 1.17004

54.2969 1.17005
54.6875 1.17033

54.6875 1.17033
55.0781 1.17048

55.0781 1.17049
55.4688 1.17048

55.4688 1.17049
55.8594 1.17032

55.8594 1.17033
56.25 1.16999

56.25 1.17
56.6406 1.16948

56.6406 1.16948
57.0312 1.16877

57.0312 1.16877
57.4219 1.16785

57.4219 1.16786
57.8125 1.16672

57.8125 1.16672
58.2031 1.16536

58.2031 1.16536
58.5938 1.16376

58.5938 1.16376
58.9844 1.16191

58.9844 1.16191
59.375 1.15981

59.375 1.15981
59.7656 1.15744

59.7656 1.15744
60.1562 1.15481

60.1562 1.15481
60.5469 1.1519

60.5469 1.1519
60.9375 1.14871

60.9375 1.14871
61.3281 1.14526

61.3281 1.14526
61.7188 1.14153

61.7188 1.14153
62.1094 1.13754

62.1094 1.13754
62.5 1.1333

62.5 1.1333
62.8906 1.12882

62.8906 1.12881
63.2812 1.12411

63.2812 1.12411
63.6719 1.1192

63.6719 1.11919
64.0625 1.1141

64.0625 1.1141
64.4531 1.10885

64.4531 1.10884
64.8438 1.10347

64.8438 1.10346
65.2344 1.09799

65.2344 1.09798
65.625 1.09244

65.625 1.09243
66.0156 1.08686

66.0156 1.08685
66.4062 1.08129

66.4062 1.08128
66.7969 1.07575

66.7969 1.07574
67.1875 1.07028

67.1875 1.07027
67.5781 1.06492

67.5781 1.06491
67.9688 1.0597

67.9688 1.05969
68.3594 1.05465

68.3594 1.05464
68.75 1.04979

68.75 1.04979
69.1406 1.04517

69.1406 1.04516
69.5312 1.04079

69.5312 1.04078
69.9219 1.03668

69.9219 1.03667
70.3125 1.03285

70.3125 1.03284
70.7031 1.02931

70.7031 1.02931
71.0938 1.02608

71.0938 1.02608
71.4844 1.02315

71.4844 1.02315
71.875 1.02053

71.875 1.02053
72.2656 1.0182

72.2656 1.01821
72.6562 1.01618

72.6562 1.01618
73.0469 1.01444

73.0469 1.01444
73.4375 1.01297

73.4375 1.01297
73.8281 1.01175

73.8281 1.01175
74.2188 1.01077

74.2188 1.01078
74.6094 1.01001

74.6094 1.01002
75 1.00945

75 1.00946
75.3906 1.00907

75.3906 1.00907
75.7812 1.00883

75.7812 1.00884
76.1719 1.00873

76.1719 1.00874
76.5625 1.00874

76.5625 1.00874
76.9531 1.00883

76.9531 1.00884
77.3438 1.00899

77.3438 1.009
77.7344 1.0092

77.7344 1.00921
78.125 1.00943

78.125 1.00944
78.5156 1.00968

78.5156 1.00968
78.9062 1.00991

78.9062 1.00992
79.2969 1.01013

79.2969 1.01013
79.6875 1.01031

79.6875 1.01031
80.0781 1.01044

80.0781 1.01044
80.4688 1.01052

80.4688 1.01052
80.8594 1.01053

80.8594 1.01053
81.25 1.01047

81.25 1.01047
81.6406 1.01034

81.6406 1.01034
82.0312 1.01013

82.0312 1.01013
82.4219 1.00984

82.4219 1.00984
82.8125 1.00947

82.8125 1.00946
83.2031 1.00901

83.2031 1.00901
83.5938 1.00848

83.5938 1.00848
83.9844 1.00788

83.9844 1.00788
84.375 1.00721

84.375 1.00721
84.7656 1.00647

84.7656 1.00647
85.1562 1.00567

85.1562 1.00567
85.5469 1.00483

85.5469 1.00483
85.9375 1.00394

85.9375 1.00393
86.3281 1.00301

86.3281 1.00301
86.7188 1.00206

86.7188 1.00205
87.1094 1.00108

87.1094 1.00108
87.5 1.0001

88.2229 0
88.2608 0.390625

88.2812 0.701849
88.2583 0.78125

87.5 1.00068
87.8906 0.998537

87.8906 1.12018
88.2812 0.877086

88.3323 0.390625
88.3075 0.78125

88.2812 1.12212
88.4741 0.78125

