6.64062 1.17181
6.28617 1.17188

6.64062 1.17182
7.03125 1.17166

7.03125 1.17166
7.42188 1.17139

7.42188 1.17139
7.8125 1.17103

7.8125 1.17103
8.20312 1.17057

8.20312 1.17057
8.59375 1.17002

8.59375 1.17001
8.98438 1.16938

8.98438 1.16937
9.375 1.16866

9.375 1.16865
9.76562 1.16786

9.76562 1.16786
10.1562 1.167

10.1562 1.167
10.5469 1.16608

10.5469 1.16608
10.9375 1.16511

10.9375 1.16511
11.3281 1.16411

11.3281 1.1641
11.7188 1.16307

11.7188 1.16307
12.1094 1.16201

12.1094 1.16201
12.5 1.16094

12.5 1.16094
12.8906 1.15988

12.8906 1.15988
13.2812 1.15882

13.2812 1.15882
13.6719 1.15779

13.6719 1.15778
14.0625 1.15678

14.0625 1.15678
14.4531 1.15582

14.4531 1.15582
14.8438 1.15491

14.8438 1.1549
15.2344 1.15405

15.2344 1.15405
15.625 1.15326

15.625 1.15326
16.0156 1.15255

16.0156 1.15255
16.4062 1.15192

16.4062 1.15191
16.7969 1.15137

16.7969 1.15137
17.1875 1.15092

17.1875 1.15092
17.5781 1.15056

17.5781 1.15056
17.9688 1.15031

17.9688 1.15031
18.3594 1.15015

18.3594 1.15015
18.75 1.15011

18.75 1.15011
19.1406 1.15016

19.1406 1.15016
19.5312 1.15032

19.5312 1.15032
19.9219 1.15059

19.9219 1.15059
20.3125 1.15095

20.3125 1.15095
20.7031 1.15141

20.7031 1.15141
21.0938 1.15196

21.0938 1.15196
21.4844 1.1526

21.4844 1.1526
21.875 1.15332

21.875 1.15332
22.2656 1.15412

22.2656 1.15412
22.6562 1.15498

22.6562 1.15498
23.0469 1.15589

23.0469 1.1559
23.4375 1.15686

23.4375 1.15686
23.8281 1.15787

23.8281 1.15787
24.2188 1.1589

24.2188 1.15891
24.6094 1.15996

24.6094 1.15996
25 1.16103

25 1.16103
25.3906 1.1621

25.3906 1.1621
25.7812 1.16315

25.7812 1.16315
26.1719 1.16419

26.1719 1.16419
26.5625 1.16519

26.5625 1.16519
26.9531 1.16616

26.9531 1.16616
27.3438 1.16707

27.3438 1.16707
27.7344 1.16793

27.7344 1.16793
28.125 1.16872

28.125 1.16872
28.5156 1.16943

28.5156 1.16943
28.9062 1.17006

28.9062 1.17007
29.2969 1.17061

29.2969 1.17061
29.6875 1.17106

29.6875 1.17106
30.0781 1.17142

30.0781 1.17142
30.4688 1.17168

30.4688 1.17167
30.8594 1.17183

31.6406 1.17181
31.2861 1.17188

31.6406 1.17182
32.0312 1.17166

32.0312 1.17166
32.4219 1.17139

32.4219 1.17139
32.8125 1.17103

32.8125 1.17103
33.2031 1.17057

33.2031 1.17057
33.5938 1.17002

33.5938 1.17001
33.9844 1.16938

33.9844 1.16937
34.375 1.16866

34.375 1.16865
34.7656 1.16786

34.7656 1.16786
35.1562 1.167

35.1562 1.167
35.5469 1.16608

35.5469 1.16608
35.9375 1.16511

35.9375 1.16511
36.3281 1.16411

36.3281 1.1641
36.7188 1.16307

36.7188 1.16307
37.1094 1.16201

37.1094 1.16201
37.5 1.16094

37.5 1.16094
37.8906 1.15988

37.8906 1.15988
38.2812 1.15882

38.2812 1.15882
38.6719 1.15779

38.6719 1.15778
39.0625 1.15678

39.0625 1.15678
39.4531 1.15582

39.4531 1.15582
39.8438 1.15491

39.8438 1.1549
40.2344 1.15405

40.2344 1.15405
40.625 1.15326

40.625 1.15326
41.0156 1.15255

41.0156 1.15255
41.4062 1.15192

41.4062 1.15191
41.7969 1.15137

41.7969 1.15137
42.1875 1.15092

42.1875 1.15091
42.5781 1.15056

42.5781 1.15056
42.9688 1.1503

42.9688 1.1503
43.3594 1.15015

43.3594 1.15015
43.75 1.15009

43.75 1.15009
44.1406 1.15014

44.1406 1.15014
44.5312 1.15029

44.5312 1.15029
44.9219 1.15054

44.9219 1.15054
45.3125 1.15089

45.3125 1.15089
45.7031 1.15132

45.7031 1.15132
46.0938 1.15184

46.0938 1.15184
46.4844 1.15243

46.4844 1.15243
46.875 1.15309

46.875 1.15309
47.2656 1.1538

47.2656 1.1538
47.6562 1.15455

47.6562 1.15455
48.0469 1.15533

48.0469 1.15534
48.4375 1.15612

48.4375 1.15613
48.8281 1.15691

48.8281 1.15692
49.2188 1.15767

49.2188 1.15768
49.6094 1.15839

49.6094 1.15839
50 1.15903

50 1.15904
50.3906 1.15959

50.3906 1.1596
50.7812 1.16003

50.7812 1.16003
51.1719 1.16032

51.1719 1.16033
51.5625 1.16044

51.5625 1.16045
51.9531 1.16036

51.9531 1.16037
52.3438 1.16006

52.3438 1.16006
52.7344 1.1595

52.7344 1.15951
53.125 1.15866

53.125 1.15867
53.5156 1.15752

53.5156 1.15752
53.9062 1.15605

53.9062 1.15605
54.2969 1.15423

54.2969 1.15423
54.6875 1.15205

54.6875 1.15205
55.0781 1.14949

55.0781 1.14949
55.4688 1.14655

55.4688 1.14655
55.8594 1.14322

55.8594 1.14321
56.25 1.1395

56.25 1.1395
56.6406 1.13541

56.6406 1.13541
57.0312 1.13096

57.0312 1.13095
57.4219 1.12616

57.4219 1.12616
57.8125 1.12105

57.8125 1.12104
58.2031 1.11565

58.2031 1.11564
58.5938 1.11

58.5938 1.10999
58.9844 1.10413

58.9844 1.10412
59.375 1.09809

59.375 1.09808
59.7656 1.09192

59.7656 1.09191
60.1562 1.08567

60.1562 1.08566
60.5469 1.07939

60.5469 1.07938
60.9375 1.07312

60.9375 1.07311
61.3281 1.06691

61.3281 1.0669
61.7188 1.06079

61.7188 1.06078
62.1094 1.05482

62.1094 1.05481
62.5 1.04903

62.5 1.04902
62.8906 1.04345

62.8906 1.04344
63.2812 1.03811

63.2812 1.0381
63.6719 1.03304

63.6719 1.03303
64.0625 1.02826

64.0625 1.02825
64.4531 1.02378

64.4531 1.02378
64.8438 1.01962

64.8438 1.01962
65.2344 1.01578

65.2344 1.01578
65.625 1.01227

65.625 1.01227
66.0156 1.00909

66.0156 1.00909
66.4062 1.00624

66.4062 1.00624
66.7969 1.0037

66.7969 1.0037
67.1875 1.00147

67.1875 1.00148
67.5781 0.999546

67.5781 0.99955
67.9688 0.997907

67.9688 0.997911
68.3594 0.996542

68.3594 0.996546
68.75 0.995436

68.75 0.99544
69.1406 0.994574

69.1406 0.994578
69.5312 0.99394

69.5312 0.993944
69.9219 0.993518

69.9219 0.993522
70.3125 0.993292

70.3125 0.993296
70.7031 0.993245

70.7031 0.993248
71.0938 0.993361

71.0938 0.993365
71.4844 0.993625

71.4844 0.993629
71.875 0.994021

71.875 0.994025
72.2656 0.994534

72.2656 0.994538
72.6562 0.995149

72.6562 0.995153
73.0469 0.995852

73.0469 0.995856
73.4375 0.996629

73.4375 0.996633
73.8281 0.997466

73.8281 0.99747
74.2188 0.99835

74.2188 0.998353
74.6094 0.999268

74.6094 0.999271
75 1.00021

75 1.00021
75.3906 1.00116

75.3906 1.00116
75.7812 1.00211

75.7812 1.00211
76.1719 1.00304

76.1719 1.00304
76.5625 1.00395

76.5625 1.00395
76.9531 1.00483

76.9531 1.00483
77.3438 1.00567

77.3438 1.00567
77.7344 1.00645

77.7344 1.00645
78.125 1.00717

78.125 1.00718
78.5156 1.00783

78.5156 1.02248
78.9062 0.993772

79.1456 0
79.1827 0.390625

79.2786 0.390625
79.1983 0.78125

78.9062 1.15451
79.2969 0.862611

79.2969 1.03011
79.4027 0.78125

