6.64062 1.17181
6.28598 1.17188

6.64062 1.17182
7.03125 1.17166

7.03125 1.17166
7.42188 1.17139

7.42188 1.17139
7.8125 1.17103

7.8125 1.17103
8.20312 1.17057

8.20312 1.17057
8.59375 1.17002

8.59375 1.17001
8.98438 1.16938

8.98438 1.16937
9.375 1.16865

9.375 1.16865
9.76562 1.16786

9.76562 1.16786
10.1562 1.167

10.1562 1.167
10.5469 1.16608

10.5469 1.16608
10.9375 1.16511

10.9375 1.16511
11.3281 1.16411

11.3281 1.1641
11.7188 1.16307

11.7188 1.16307
12.1094 1.16201

12.1094 1.16201
12.5 1.16094

12.5 1.16094
12.8906 1.15988

12.8906 1.15987
13.2812 1.15882

13.2812 1.15882
13.6719 1.15779

13.6719 1.15778
14.0625 1.15678

14.0625 1.15678
14.4531 1.15582

14.4531 1.15582
14.8438 1.1549

14.8438 1.1549
15.2344 1.15405

15.2344 1.15405
15.625 1.15326

15.625 1.15326
16.0156 1.15255

16.0156 1.15255
16.4062 1.15191

16.4062 1.15191
16.7969 1.15137

16.7969 1.15137
17.1875 1.15092

17.1875 1.15092
17.5781 1.15056

17.5781 1.15056
17.9688 1.15031

17.9688 1.1503
18.3594 1.15015

18.3594 1.15015
18.75 1.1501

18.75 1.1501
19.1406 1.15016

19.1406 1.15016
19.5312 1.15032

19.5312 1.15032
19.9219 1.15058

19.9219 1.15059
20.3125 1.15095

20.3125 1.15095
20.7031 1.15141

20.7031 1.15141
21.0938 1.15196

21.0938 1.15196
21.4844 1.1526

21.4844 1.1526
21.875 1.15332

21.875 1.15332
22.2656 1.15411

22.2656 1.15412
22.6562 1.15497

22.6562 1.15498
23.0469 1.15589

23.0469 1.15589
23.4375 1.15686

23.4375 1.15686
23.8281 1.15787

23.8281 1.15787
24.2188 1.1589

24.2188 1.15891
24.6094 1.15996

24.6094 1.15996
25 1.16103

25 1.16103
25.3906 1.1621

25.3906 1.1621
25.7812 1.16315

25.7812 1.16315
26.1719 1.16419

26.1719 1.16419
26.5625 1.16519

26.5625 1.16519
26.9531 1.16616

26.9531 1.16616
27.3438 1.16707

27.3438 1.16707
27.7344 1.16793

27.7344 1.16793
28.125 1.16872

28.125 1.16872
28.5156 1.16943

28.5156 1.16943
28.9062 1.17006

28.9062 1.17006
29.2969 1.17061

29.2969 1.17061
29.6875 1.17106

29.6875 1.17106
30.0781 1.17142

30.0781 1.17142
30.4688 1.17167

30.4688 1.17167
30.8594 1.17183

31.6406 1.17181
31.2858 1.17188

31.6406 1.17182
32.0312 1.17166

32.0312 1.17166
32.4219 1.17139

32.4219 1.17139
32.8125 1.17103

32.8125 1.17103
33.2031 1.17057

33.2031 1.17057
33.5938 1.17002

33.5938 1.17001
33.9844 1.16938

33.9844 1.16937
34.375 1.16865

34.375 1.16865
34.7656 1.16786

34.7656 1.16786
35.1562 1.167

35.1562 1.167
35.5469 1.16608

35.5469 1.16608
35.9375 1.16511

35.9375 1.16511
36.3281 1.16411

36.3281 1.1641
36.7188 1.16307

36.7188 1.16307
37.1094 1.16201

37.1094 1.16201
37.5 1.16094

37.5 1.16094
37.8906 1.15988

37.8906 1.15987
38.2812 1.15882

38.2812 1.15882
38.6719 1.15779

38.6719 1.15778
39.0625 1.15678

39.0625 1.15678
39.4531 1.15582

39.4531 1.15582
39.8438 1.15491

39.8438 1.1549
40.2344 1.15405

40.2344 1.15405
40.625 1.15326

40.625 1.15326
41.0156 1.15255

41.0156 1.15255
41.4062 1.15191

41.4062 1.15191
41.7969 1.15137

41.7969 1.15137
42.1875 1.15092

42.1875 1.15092
42.5781 1.15056

42.5781 1.15056
42.9688 1.15031

42.9688 1.15031
43.3594 1.15015

43.3594 1.15015
43.75 1.1501

43.75 1.1501
44.1406 1.15016

44.1406 1.15016
44.5312 1.15032

44.5312 1.15032
44.9219 1.15059

44.9219 1.15059
45.3125 1.15095

45.3125 1.15095
45.7031 1.15141

45.7031 1.15141
46.0938 1.15196

46.0938 1.15196
46.4844 1.1526

46.4844 1.1526
46.875 1.15332

46.875 1.15332
47.2656 1.15411

47.2656 1.15412
47.6562 1.15498

47.6562 1.15498
48.0469 1.15589

48.0469 1.1559
48.4375 1.15686

48.4375 1.15686
48.8281 1.15787

48.8281 1.15787
49.2188 1.1589

49.2188 1.15891
49.6094 1.15996

49.6094 1.15996
50 1.16103

50 1.16103
50.3906 1.1621

50.3906 1.1621
50.7812 1.16315

50.7812 1.16315
51.1719 1.16419

51.1719 1.16419
51.5625 1.16519

51.5625 1.16519
51.9531 1.16616

51.9531 1.16616
52.3438 1.16707

52.3438 1.16707
52.7344 1.16793

52.7344 1.16793
53.125 1.16872

53.125 1.16872
53.5156 1.16943

53.5156 1.16943
53.9062 1.17006

53.9062 1.17006
54.2969 1.17061

54.2969 1.17061
54.6875 1.17106

54.6875 1.17106
55.0781 1.17141

55.0781 1.17141
55.4688 1.17167

55.4688 1.17167
55.8594 1.17181

55.8594 1.17181
56.25 1.17186

56.25 1.17186
56.6406 1.17179

56.6406 1.17179
57.0312 1.17162

57.0312 1.17162
57.4219 1.17134

57.4219 1.17134
57.8125 1.17095

57.8125 1.17095
58.2031 1.17047

58.2031 1.17047
58.5938 1.16988

58.5938 1.16988
58.9844 1.16919

58.9844 1.16919
59.375 1.16842

59.375 1.16842
59.7656 1.16755

59.7656 1.16755
60.1562 1.1666

60.1562 1.1666
60.5469 1.16556

60.5469 1.16556
60.9375 1.16445

60.9375 1.16445
61.3281 1.16327

61.3281 1.16327
61.7188 1.16202

61.7188 1.16202
62.1094 1.1607

62.1094 1.1607
62.5 1.15932

62.5 1.15932
62.8906 1.15788

62.8906 1.15788
63.2812 1.15637

63.2812 1.15637
63.6719 1.15481

63.6719 1.15481
64.0625 1.15319

64.0625 1.15319
64.4531 1.1515

64.4531 1.1515
64.8438 1.14974

64.8438 1.14975
65.2344 1.14792

65.2344 1.14792
65.625 1.14603

65.625 1.14603
66.0156 1.14406

66.0156 1.14406
66.4062 1.142

66.4062 1.142
66.7969 1.13986

66.7969 1.13986
67.1875 1.13762

67.1875 1.13762
67.5781 1.13528

67.5781 1.13528
67.9688 1.13284

67.9688 1.13284
68.3594 1.13029

68.3594 1.13029
68.75 1.12762

68.75 1.12762
69.1406 1.12484

69.1406 1.12484
69.5312 1.12194

69.5312 1.12194
69.9219 1.11893

69.9219 1.11893
70.3125 1.1158

70.3125 1.1158
70.7031 1.11255

70.7031 1.11255
71.0938 1.1092

71.0938 1.1092
71.4844 1.10575

71.4844 1.10575
71.875 1.10221

71.875 1.10221
72.2656 1.09859

72.2656 1.09859
72.6562 1.0949

72.6562 1.0949
73.0469 1.09116

73.0469 1.09116
73.4375 1.08738

73.4375 1.08738
73.8281 1.08358

73.8281 1.08357
74.2188 1.07977

74.2188 1.07976
74.6094 1.07597

74.6094 1.07597
75 1.0722

75 1.0722
75.3906 1.06848

75.3906 1.06847
75.7812 1.06481

75.7812 1.06481
76.1719 1.06123

76.1719 1.06122
76.5625 1.05773

76.5625 1.05773
76.9531 1.05433

76.9531 1.05433
77.3438 1.05105

77.3438 1.05105
77.7344 1.04788

77.7344 1.04788
78.125 1.04484

78.125 1.04484
78.5156 1.04193

78.5156 1.04193
78.9062 1.03915

78.9062 1.03915
79.2969 1.03651

79.2969 1.03651
79.6875 1.03399

79.6875 1.03399
80.0781 1.0316

80.0781 1.0316
80.4688 1.02933

80.4688 1.02933
80.8594 1.02718

80.8594 1.02718
81.25 1.02513

81.25 1.02513
81.6406 1.02319

81.6406 1.02319
82.0312 1.02133

82.0312 1.02133
82.4219 1.01956

82.4219 1.01956
82.8125 1.01786

82.8125 1.01786
83.2031 1.01623

83.2031 1.01623
83.5938 1.01465

83.5938 1.01465
83.9844 1.01313

83.9844 1.01313
84.375 1.01165

84.375 1.01165
84.7656 1.01021

84.7656 1.01021
85.1562 1.00881

85.1562 1.00881
85.5469 1.00744

85.5469 1.00744
85.9375 1.00611

85.9375 1.00611
86.3281 1.0048

86.3281 1.0048
86.7188 1.00353

86.7188 1.00352
87.1094 1.00228

87.1094 1.00228
87.5 1.00108

87.5 1.00108
87.8906 0.999909

87.8906 0.999908
88.2812 0.998783

88.2812 0.998782
88.6719 0.997704

88.6719 0.997702
89.0625 0.996675

89.0625 0.996674
89.4531 0.995704

89.4531 0.995702
89.8438 0.994794

89.8438 0.994792
90.2344 0.993951

90.2344 0.993949
90.625 0.99318

90.625 0.993178
91.0156 0.992486

91.0156 0.992485
91.4062 0.991874

91.4062 0.991873
91.7969 0.991348

91.7969 0.991347
92.1875 0.990912

92.1875 0.990911
92.5781 0.990568

92.5781 0.990568
92.9688 0.99032

92.9688 0.990319
93.3594 0.990168

93.3594 0.990168
93.75 0.990114

93.75 0.990114
94.1406 0.990158

94.1406 0.990159
94.5312 0.990299

94.5312 0.9903
94.9219 0.990535

94.9219 0.990536
95.3125 0.990864

95.3125 0.990865
95.7031 0.991282

95.7031 0.991283
96.0938 0.991786

96.0938 0.991787
96.4844 0.99237

96.4844 0.992371
96.875 0.993028

97.5956 0
97.6333 0.390625

97.6562 0.694996
97.6303 0.78125

96.875 0.993745
97.2656 0.99304

97.2656 1.11555
97.6562 0.872746

97.7065 0.390625
97.6789 0.78125

97.6562 1.11498
97.8452 0.78125

