6.64062 1.17181
6.28598 1.17188

6.64062 1.17182
7.03125 1.17166

7.03125 1.17166
7.42188 1.17139

7.42188 1.17139
7.8125 1.17103

7.8125 1.17103
8.20312 1.17057

8.20312 1.17057
8.59375 1.17002

8.59375 1.17001
8.98438 1.16938

8.98438 1.16937
9.375 1.16865

9.375 1.16865
9.76562 1.16786

9.76562 1.16786
10.1562 1.167

10.1562 1.167
10.5469 1.16608

10.5469 1.16608
10.9375 1.16511

10.9375 1.16511
11.3281 1.16411

11.3281 1.1641
11.7188 1.16307

11.7188 1.16307
12.1094 1.16201

12.1094 1.16201
12.5 1.16094

12.5 1.16094
12.8906 1.15988

12.8906 1.15987
13.2812 1.15882

13.2812 1.15882
13.6719 1.15779

13.6719 1.15778
14.0625 1.15678

14.0625 1.15678
14.4531 1.15582

14.4531 1.15582
14.8438 1.1549

14.8438 1.1549
15.2344 1.15405

15.2344 1.15405
15.625 1.15326

15.625 1.15326
16.0156 1.15255

16.0156 1.15255
16.4062 1.15191

16.4062 1.15191
16.7969 1.15137

16.7969 1.15137
17.1875 1.15092

17.1875 1.15092
17.5781 1.15056

17.5781 1.15056
17.9688 1.15031

17.9688 1.1503
18.3594 1.15015

18.3594 1.15015
18.75 1.1501

18.75 1.1501
19.1406 1.15016

19.1406 1.15016
19.5312 1.15032

19.5312 1.15032
19.9219 1.15058

19.9219 1.15059
20.3125 1.15095

20.3125 1.15095
20.7031 1.15141

20.7031 1.15141
21.0938 1.15196

21.0938 1.15196
21.4844 1.1526

21.4844 1.1526
21.875 1.15332

21.875 1.15332
22.2656 1.15411

22.2656 1.15412
22.6562 1.15497

22.6562 1.15498
23.0469 1.15589

23.0469 1.15589
23.4375 1.15686

23.4375 1.15686
23.8281 1.15787

23.8281 1.15787
24.2188 1.1589

24.2188 1.15891
24.6094 1.15996

24.6094 1.15996
25 1.16103

25 1.16103
25.3906 1.1621

25.3906 1.1621
25.7812 1.16315

25.7812 1.16315
26.1719 1.16419

26.1719 1.16419
26.5625 1.16519

26.5625 1.16519
26.9531 1.16616

26.9531 1.16616
27.3438 1.16707

27.3438 1.16707
27.7344 1.16793

27.7344 1.16793
28.125 1.16872

28.125 1.16872
28.5156 1.16943

28.5156 1.16943
28.9062 1.17006

28.9062 1.17006
29.2969 1.17061

29.2969 1.17061
29.6875 1.17106

29.6875 1.17106
30.0781 1.17142

30.0781 1.17142
30.4688 1.17167

30.4688 1.17167
30.8594 1.17183

31.6406 1.17181
31.2858 1.17188

31.6406 1.17182
32.0312 1.17166

32.0312 1.17166
32.4219 1.17139

32.4219 1.17139
32.8125 1.17103

32.8125 1.17103
33.2031 1.17057

33.2031 1.17057
33.5938 1.17002

33.5938 1.17001
33.9844 1.16938

33.9844 1.16937
34.375 1.16865

34.375 1.16865
34.7656 1.16786

34.7656 1.16786
35.1562 1.167

35.1562 1.167
35.5469 1.16608

35.5469 1.16608
35.9375 1.16511

35.9375 1.16511
36.3281 1.16411

36.3281 1.1641
36.7188 1.16307

36.7188 1.16307
37.1094 1.16201

37.1094 1.16201
37.5 1.16094

37.5 1.16094
37.8906 1.15988

37.8906 1.15987
38.2812 1.15882

38.2812 1.15882
38.6719 1.15779

38.6719 1.15778
39.0625 1.15678

39.0625 1.15678
39.4531 1.15582

39.4531 1.15582
39.8438 1.15491

39.8438 1.1549
40.2344 1.15405

40.2344 1.15405
40.625 1.15326

40.625 1.15326
41.0156 1.15255

41.0156 1.15255
41.4062 1.15192

41.4062 1.15191
41.7969 1.15137

41.7969 1.15137
42.1875 1.15092

42.1875 1.15092
42.5781 1.15056

42.5781 1.15056
42.9688 1.15031

42.9688 1.15031
43.3594 1.15015

43.3594 1.15015
43.75 1.15011

43.75 1.15011
44.1406 1.15016

44.1406 1.15016
44.5312 1.15032

44.5312 1.15032
44.9219 1.15059

44.9219 1.15059
45.3125 1.15095

45.3125 1.15095
45.7031 1.15141

45.7031 1.15141
46.0938 1.15196

46.0938 1.15196
46.4844 1.1526

46.4844 1.1526
46.875 1.15332

46.875 1.15332
47.2656 1.15412

47.2656 1.15412
47.6562 1.15498

47.6562 1.15498
48.0469 1.15589

48.0469 1.1559
48.4375 1.15686

48.4375 1.15686
48.8281 1.15787

48.8281 1.15787
49.2188 1.1589

49.2188 1.15891
49.6094 1.15996

49.6094 1.15996
50 1.16103

50 1.16103
50.3906 1.1621

50.3906 1.1621
50.7812 1.16315

50.7812 1.16315
51.1719 1.16419

51.1719 1.16419
51.5625 1.16519

51.5625 1.1652
51.9531 1.16616

51.9531 1.16616
52.3438 1.16707

52.3438 1.16707
52.7344 1.16793

52.7344 1.16793
53.125 1.16872

53.125 1.16872
53.5156 1.16943

53.5156 1.16943
53.9062 1.17006

53.9062 1.17006
54.2969 1.17061

54.2969 1.17061
54.6875 1.17106

54.6875 1.17106
55.0781 1.17141

55.0781 1.17141
55.4688 1.17166

55.4688 1.17166
55.8594 1.17181

55.8594 1.17181
56.25 1.17185

56.25 1.17185
56.6406 1.17179

56.6406 1.17179
57.0312 1.17161

57.0312 1.17161
57.4219 1.17133

57.4219 1.17133
57.8125 1.17095

57.8125 1.17095
58.2031 1.17046

58.2031 1.17046
58.5938 1.16986

58.5938 1.16986
58.9844 1.16918

58.9844 1.16917
59.375 1.16839

59.375 1.16839
59.7656 1.16752

59.7656 1.16752
60.1562 1.16656

60.1562 1.16656
60.5469 1.16551

60.5469 1.16551
60.9375 1.16439

60.9375 1.16439
61.3281 1.1632

61.3281 1.1632
61.7188 1.16193

61.7188 1.16193
62.1094 1.16059

62.1094 1.16059
62.5 1.15919

62.5 1.15919
62.8906 1.15772

62.8906 1.15772
63.2812 1.15619

63.2812 1.15619
63.6719 1.15459

63.6719 1.15459
64.0625 1.15293

64.0625 1.15293
64.4531 1.15119

64.4531 1.15119
64.8438 1.14939

64.8438 1.14939
65.2344 1.14752

65.2344 1.14752
65.625 1.14557

65.625 1.14557
66.0156 1.14353

66.0156 1.14353
66.4062 1.14141

66.4062 1.14141
66.7969 1.13919

66.7969 1.13919
67.1875 1.13688

67.1875 1.13688
67.5781 1.13446

67.5781 1.13446
67.9688 1.13193

67.9688 1.13193
68.3594 1.12929

68.3594 1.12929
68.75 1.12654

68.75 1.12654
69.1406 1.12367

69.1406 1.12367
69.5312 1.12068

69.5312 1.12068
69.9219 1.11758

69.9219 1.11758
70.3125 1.11436

70.3125 1.11436
70.7031 1.11103

70.7031 1.11103
71.0938 1.10761

71.0938 1.1076
71.4844 1.10408

71.4844 1.10408
71.875 1.10047

71.875 1.10047
72.2656 1.09679

72.2656 1.09679
72.6562 1.09306

72.6562 1.09305
73.0469 1.08927

73.0469 1.08927
73.4375 1.08546

73.4375 1.08546
73.8281 1.08164

73.8281 1.08163
74.2188 1.07782

74.2188 1.07781
74.6094 1.07402

74.6094 1.07402
75 1.07027

75 1.07026
75.3906 1.06656

75.3906 1.06656
75.7812 1.06293

75.7812 1.06293
76.1719 1.05939

76.1719 1.05939
76.5625 1.05594

76.5625 1.05594
76.9531 1.05261

76.9531 1.0526
77.3438 1.04939

77.3438 1.04939
77.7344 1.04629

77.7344 1.04629
78.125 1.04333

78.125 1.04333
78.5156 1.04051

78.5156 1.04051
78.9062 1.03781

78.9062 1.03781
79.2969 1.03525

79.2969 1.03525
79.6875 1.03282

79.6875 1.03283
80.0781 1.03052

80.0781 1.03052
80.4688 1.02834

80.4688 1.02834
80.8594 1.02627

80.8594 1.02627
81.25 1.02431

81.25 1.02431
81.6406 1.02244

81.6406 1.02244
82.0312 1.02066

82.0312 1.02066
82.4219 1.01895

82.4219 1.01896
82.8125 1.01732

82.8125 1.01732
83.2031 1.01575

83.2031 1.01575
83.5938 1.01423

83.5938 1.01423
83.9844 1.01276

83.9844 1.01276
84.375 1.01133

84.375 1.01133
84.7656 1.00993

84.7656 1.00994
85.1562 1.00857

85.1562 1.00857
85.5469 1.00724

85.5469 1.00724
85.9375 1.00593

85.9375 1.00593
86.3281 1.00465

86.3281 1.00465
86.7188 1.0034

86.7188 1.0034
87.1094 1.00218

87.1094 1.00218
87.5 1.00099

87.5 1.00099
87.8906 0.999836

87.8906 0.999835
88.2812 0.998723

88.2812 0.998722
88.6719 0.997654

88.6719 0.997653
89.0625 0.996635

89.0625 0.996634
89.4531 0.995671

89.4531 0.99567
89.8438 0.994767

89.8438 0.994766
90.2344 0.993929

90.2344 0.993928
90.625 0.993163

90.625 0.993162
91.0156 0.992472

91.0156 0.992471
91.4062 0.991863

91.4062 0.991862
91.7969 0.99134

91.7969 0.991339
92.1875 0.990905

92.1875 0.990905
92.5781 0.990563

92.5781 0.990563
92.9688 0.990316

92.9688 0.990316
93.3594 0.990165

93.3594 0.990165
93.75 0.990112

93.75 0.990112
94.1406 0.990157

94.1406 0.990157
94.5312 0.990298

94.5312 0.990298
94.9219 0.990534

94.9219 0.990535
95.3125 0.990863

95.3125 0.990864
95.7031 0.991282

95.7031 0.991283
96.0938 0.991786

96.0938 0.991787
96.4844 0.99237

96.4844 0.992371
96.875 0.993028

97.3915 0
97.4287 0.390625

97.5201 0.390625
97.4486 0.78125

96.875 1.04429
97.2656 0.942496

97.2656 1.15301
97.6434 0.78125

