6.64062 1.17181
6.28669 1.17188

6.64062 1.17182
7.03125 1.17166

7.03125 1.17166
7.42188 1.17139

7.42188 1.17139
7.8125 1.17103

7.8125 1.17103
8.20312 1.17057

8.20312 1.17057
8.59375 1.17002

8.59375 1.17001
8.98438 1.16938

8.98438 1.16937
9.375 1.16866

9.375 1.16865
9.76562 1.16786

9.76562 1.16786
10.1562 1.167

10.1562 1.167
10.5469 1.16608

10.5469 1.16608
10.9375 1.16511

10.9375 1.16511
11.3281 1.16411

11.3281 1.1641
11.7188 1.16307

11.7188 1.16307
12.1094 1.16201

12.1094 1.16201
12.5 1.16094

12.5 1.16094
12.8906 1.15988

12.8906 1.15988
13.2812 1.15882

13.2812 1.15882
13.6719 1.15779

13.6719 1.15778
14.0625 1.15678

14.0625 1.15678
14.4531 1.15582

14.4531 1.15582
14.8438 1.15491

14.8438 1.1549
15.2344 1.15405

15.2344 1.15405
15.625 1.15326

15.625 1.15326
16.0156 1.15255

16.0156 1.15255
16.4062 1.15192

16.4062 1.15191
16.7969 1.15137

16.7969 1.15137
17.1875 1.15092

17.1875 1.15092
17.5781 1.15056

17.5781 1.15056
17.9688 1.15031

17.9688 1.15031
18.3594 1.15015

18.3594 1.15015
18.75 1.15011

18.75 1.15011
19.1406 1.15016

19.1406 1.15016
19.5312 1.15032

19.5312 1.15032
19.9219 1.15059

19.9219 1.15059
20.3125 1.15095

20.3125 1.15095
20.7031 1.15141

20.7031 1.15141
21.0938 1.15196

21.0938 1.15196
21.4844 1.1526

21.4844 1.1526
21.875 1.15332

21.875 1.15332
22.2656 1.15412

22.2656 1.15412
22.6562 1.15498

22.6562 1.15498
23.0469 1.15589

23.0469 1.1559
23.4375 1.15686

23.4375 1.15686
23.8281 1.15787

23.8281 1.15787
24.2188 1.1589

24.2188 1.15891
24.6094 1.15996

24.6094 1.15996
25 1.16103

25 1.16103
25.3906 1.1621

25.3906 1.1621
25.7812 1.16315

25.7812 1.16316
26.1719 1.16419

26.1719 1.16419
26.5625 1.16519

26.5625 1.1652
26.9531 1.16616

26.9531 1.16616
27.3438 1.16707

27.3438 1.16707
27.7344 1.16793

27.7344 1.16793
28.125 1.16872

28.125 1.16872
28.5156 1.16943

28.5156 1.16943
28.9062 1.17007

28.9062 1.17007
29.2969 1.17061

29.2969 1.17061
29.6875 1.17107

29.6875 1.17107
30.0781 1.17142

30.0781 1.17142
30.4688 1.17168

30.4688 1.17167
30.8594 1.17184

31.6406 1.17181
31.2874 1.17188

31.6406 1.17182
32.0312 1.17166

32.0312 1.17166
32.4219 1.17139

32.4219 1.17139
32.8125 1.17103

32.8125 1.17103
33.2031 1.17057

33.2031 1.17057
33.5938 1.17002

33.5938 1.17001
33.9844 1.16937

33.9844 1.16937
34.375 1.16865

34.375 1.16865
34.7656 1.16785

34.7656 1.16785
35.1562 1.16698

35.1562 1.16698
35.5469 1.16605

35.5469 1.16605
35.9375 1.16507

35.9375 1.16507
36.3281 1.16404

36.3281 1.16404
36.7188 1.16297

36.7188 1.16297
37.1094 1.16186

37.1094 1.16186
37.5 1.16073

37.5 1.16073
37.8906 1.15958

37.8906 1.15958
38.2812 1.15841

38.2812 1.15841
38.6719 1.15722

38.6719 1.15722
39.0625 1.15602

39.0625 1.15602
39.4531 1.1548

39.4531 1.1548
39.8438 1.15356

39.8438 1.15356
40.2344 1.15229

40.2344 1.15229
40.625 1.15098

40.625 1.15099
41.0156 1.14963

41.0156 1.14963
41.4062 1.14822

41.4062 1.14822
41.7969 1.14672

41.7969 1.14673
42.1875 1.14514

42.1875 1.14514
42.5781 1.14343

42.5781 1.14344
42.9688 1.14159

42.9688 1.1416
43.3594 1.1396

43.3594 1.1396
43.75 1.13742

43.75 1.13743
44.1406 1.13505

44.1406 1.13505
44.5312 1.13246

44.5312 1.13247
44.9219 1.12965

44.9219 1.12965
45.3125 1.12659

45.3125 1.12659
45.7031 1.12328

45.7031 1.12328
46.0938 1.11973

46.0938 1.11973
46.4844 1.11593

46.4844 1.11593
46.875 1.11189

46.875 1.11189
47.2656 1.10764

47.2656 1.10763
47.6562 1.10318

47.6562 1.10318
48.0469 1.09856

48.0469 1.09855
48.4375 1.09379

48.4375 1.09378
48.8281 1.08892

48.8281 1.08891
49.2188 1.08398

49.2188 1.08397
49.6094 1.07902

49.6094 1.07901
50 1.07407

50 1.07406
50.3906 1.06918

50.3906 1.06917
50.7812 1.06438

50.7812 1.06437
51.1719 1.05972

51.1719 1.05971
51.5625 1.05522

51.5625 1.05521
51.9531 1.05092

51.9531 1.05091
52.3438 1.04684

52.3438 1.04683
52.7344 1.04299

52.7344 1.04299
53.125 1.03939

53.125 1.03939
53.5156 1.03605

53.5156 1.03605
53.9062 1.03296

53.9062 1.03296
54.2969 1.03012

54.2969 1.03012
54.6875 1.02752

54.6875 1.02753
55.0781 1.02516

55.0781 1.02516
55.4688 1.023

55.4688 1.023
55.8594 1.02104

55.8594 1.02104
56.25 1.01925

56.25 1.01926
56.6406 1.01761

56.6406 1.01762
57.0312 1.01611

57.0312 1.01611
57.4219 1.01471

57.4219 1.01472
57.8125 1.01341

57.8125 1.01341
58.2031 1.01217

58.2031 1.01218
58.5938 1.01099

58.5938 1.011
58.9844 1.00985

58.9844 1.00986
59.375 1.00875

59.375 1.00875
59.7656 1.00766

59.7656 1.00766
60.1562 1.00658

60.1562 1.00658
60.5469 1.00551

60.5469 1.00551
60.9375 1.00444

60.9375 1.00444
61.3281 1.00338

61.3281 1.00338
61.7188 1.00232

61.7188 1.00232
62.1094 1.00127

62.1094 1.00127
62.5 1.00023

62.5 1.00023
62.8906 0.99921

62.8906 0.999209
63.2812 0.998208

63.2812 0.998207
63.6719 0.997234

63.6719 0.997232
64.0625 0.996295

64.0625 0.996293
64.4531 0.995398

64.4531 0.995396
64.8438 0.99455

65.3289 0
65.3664 0.390625

65.4545 0.390625
65.3907 0.78125

64.8438 1.05734
65.2344 0.930966

65.2344 1.14982
65.5807 0.78125

