6.64062 1.17181
6.28684 1.17188

6.64062 1.17182
7.03125 1.17166

7.03125 1.17166
7.42188 1.17139

7.42188 1.17139
7.8125 1.17103

7.8125 1.17103
8.20312 1.17057

8.20312 1.17057
8.59375 1.17002

8.59375 1.17001
8.98438 1.16938

8.98438 1.16937
9.375 1.16866

9.375 1.16865
9.76562 1.16786

9.76562 1.16786
10.1562 1.167

10.1562 1.167
10.5469 1.16608

10.5469 1.16608
10.9375 1.16511

10.9375 1.16511
11.3281 1.16411

11.3281 1.1641
11.7188 1.16307

11.7188 1.16307
12.1094 1.16201

12.1094 1.16201
12.5 1.16094

12.5 1.16094
12.8906 1.15988

12.8906 1.15988
13.2812 1.15882

13.2812 1.15882
13.6719 1.15779

13.6719 1.15778
14.0625 1.15678

14.0625 1.15678
14.4531 1.15582

14.4531 1.15582
14.8438 1.15491

14.8438 1.1549
15.2344 1.15405

15.2344 1.15405
15.625 1.15326

15.625 1.15326
16.0156 1.15255

16.0156 1.15255
16.4062 1.15192

16.4062 1.15191
16.7969 1.15137

16.7969 1.15137
17.1875 1.15092

17.1875 1.15092
17.5781 1.15056

17.5781 1.15056
17.9688 1.15031

17.9688 1.15031
18.3594 1.15015

18.3594 1.15015
18.75 1.15011

18.75 1.15011
19.1406 1.15016

19.1406 1.15016
19.5312 1.15032

19.5312 1.15032
19.9219 1.15059

19.9219 1.15059
20.3125 1.15095

20.3125 1.15095
20.7031 1.15141

20.7031 1.15141
21.0938 1.15196

21.0938 1.15196
21.4844 1.1526

21.4844 1.1526
21.875 1.15332

21.875 1.15332
22.2656 1.15412

22.2656 1.15412
22.6562 1.15498

22.6562 1.15498
23.0469 1.15589

23.0469 1.1559
23.4375 1.15686

23.4375 1.15686
23.8281 1.15787

23.8281 1.15787
24.2188 1.15891

24.2188 1.15891
24.6094 1.15996

24.6094 1.15996
25 1.16103

25 1.16103
25.3906 1.1621

25.3906 1.1621
25.7812 1.16315

25.7812 1.16316
26.1719 1.16419

26.1719 1.16419
26.5625 1.16519

26.5625 1.1652
26.9531 1.16616

26.9531 1.16616
27.3438 1.16707

27.3438 1.16707
27.7344 1.16793

27.7344 1.16793
28.125 1.16872

28.125 1.16872
28.5156 1.16943

28.5156 1.16943
28.9062 1.17007

28.9062 1.17007
29.2969 1.17061

29.2969 1.17061
29.6875 1.17107

29.6875 1.17107
30.0781 1.17142

30.0781 1.17142
30.4688 1.17168

30.4688 1.17168
30.8594 1.17184

31.6406 1.17181
31.288 1.17188

31.6406 1.17182
32.0312 1.17166

32.0312 1.17166
32.4219 1.17139

32.4219 1.17139
32.8125 1.17103

32.8125 1.17103
33.2031 1.17057

33.2031 1.17057
33.5938 1.17001

33.5938 1.17001
33.9844 1.16937

33.9844 1.16937
34.375 1.16864

34.375 1.16864
34.7656 1.16783

34.7656 1.16783
35.1562 1.16695

35.1562 1.16695
35.5469 1.16601

35.5469 1.166
35.9375 1.165

35.9375 1.165
36.3281 1.16394

36.3281 1.16394
36.7188 1.16283

36.7188 1.16283
37.1094 1.16168

37.1094 1.16168
37.5 1.16048

37.5 1.16048
37.8906 1.15925

37.8906 1.15925
38.2812 1.15797

38.2812 1.15797
38.6719 1.15665

38.6719 1.15665
39.0625 1.15528

39.0625 1.15528
39.4531 1.15386

39.4531 1.15386
39.8438 1.15237

39.8438 1.15237
40.2344 1.1508

40.2344 1.15081
40.625 1.14915

40.625 1.14916
41.0156 1.14739

41.0156 1.1474
41.4062 1.14551

41.4062 1.14552
41.7969 1.14349

41.7969 1.14349
42.1875 1.1413

42.1875 1.14131
42.5781 1.13894

42.5781 1.13894
42.9688 1.13637

42.9688 1.13638
43.3594 1.1336

43.3594 1.1336
43.75 1.13059

43.75 1.13059
44.1406 1.12734

44.1406 1.12734
44.5312 1.12385

44.5312 1.12385
44.9219 1.12011

44.9219 1.12011
45.3125 1.11613

45.3125 1.11612
45.7031 1.11191

45.7031 1.11191
46.0938 1.10748

46.0938 1.10747
46.4844 1.10286

46.4844 1.10285
46.875 1.09806

46.875 1.09806
47.2656 1.09314

47.2656 1.09313
47.6562 1.08812

47.6562 1.08811
48.0469 1.08304

48.0469 1.08303
48.4375 1.07794

48.4375 1.07793
48.8281 1.07287

48.8281 1.07286
49.2188 1.06788

49.2188 1.06787
49.6094 1.063

49.6094 1.06299
50 1.05827

50 1.05826
50.3906 1.05372

50.3906 1.05372
50.7812 1.0494

50.7812 1.04939
51.1719 1.04531

51.1719 1.04531
51.5625 1.04149

51.5625 1.04149
51.9531 1.03794

51.9531 1.03794
52.3438 1.03467

52.3438 1.03467
52.7344 1.03168

52.7344 1.03168
53.125 1.02897

53.125 1.02897
53.5156 1.02652

53.5156 1.02652
53.9062 1.02432

53.9062 1.02433
54.2969 1.02236

54.2969 1.02237
54.6875 1.02061

54.6875 1.02062
55.0781 1.01905

55.0781 1.01905
55.4688 1.01765

55.4688 1.01765
55.8594 1.01639

55.8594 1.0164
56.25 1.01525

56.25 1.01525
56.6406 1.01419

56.6406 1.0142
57.0312 1.01321

57.0312 1.01322
57.4219 1.01228

57.4219 1.01229
57.8125 1.01138

57.8125 1.01139
58.2031 1.0105

58.2031 1.01051
58.5938 1.00963

58.5938 1.00963
58.9844 1.00875

58.9844 1.00875
59.375 1.00786

59.375 1.00786
59.7656 1.00695

59.7656 1.00695
60.1562 1.00603

60.1562 1.00603
60.5469 1.00508

60.5469 1.00508
60.9375 1.00411

60.9375 1.00411
61.3281 1.00313

61.3281 1.00313
61.7188 1.00214

61.7188 1.00213
62.1094 1.00113

62.1094 1.00113
62.5 1.00013

62.5 1.00013
62.8906 0.999139

62.8906 0.999137
63.2812 0.998158

63.9551 0
63.9928 0.390625

64.0625 0.524383
63.9951 0.78125

63.2812 1.0037
63.6719 0.991661

63.6719 1.13227
64.0625 0.861205

64.0793 0.390625
64.0639 0.78125

64.0625 1.08164
64.2078 0.78125

