6.64062 1.17181
6.28607 1.17188

6.64062 1.17182
7.03125 1.17166

7.03125 1.17166
7.42188 1.17139

7.42188 1.17139
7.8125 1.17103

7.8125 1.17103
8.20312 1.17057

8.20312 1.17057
8.59375 1.17002

8.59375 1.17001
8.98438 1.16938

8.98438 1.16937
9.375 1.16866

9.375 1.16865
9.76562 1.16786

9.76562 1.16786
10.1562 1.167

10.1562 1.167
10.5469 1.16608

10.5469 1.16608
10.9375 1.16511

10.9375 1.16511
11.3281 1.16411

11.3281 1.1641
11.7188 1.16307

11.7188 1.16307
12.1094 1.16201

12.1094 1.16201
12.5 1.16094

12.5 1.16094
12.8906 1.15988

12.8906 1.15988
13.2812 1.15882

13.2812 1.15882
13.6719 1.15779

13.6719 1.15778
14.0625 1.15678

14.0625 1.15678
14.4531 1.15582

14.4531 1.15582
14.8438 1.15491

14.8438 1.1549
15.2344 1.15405

15.2344 1.15405
15.625 1.15326

15.625 1.15326
16.0156 1.15255

16.0156 1.15255
16.4062 1.15192

16.4062 1.15191
16.7969 1.15137

16.7969 1.15137
17.1875 1.15092

17.1875 1.15092
17.5781 1.15056

17.5781 1.15056
17.9688 1.15031

17.9688 1.15031
18.3594 1.15015

18.3594 1.15015
18.75 1.15011

18.75 1.15011
19.1406 1.15016

19.1406 1.15016
19.5312 1.15032

19.5312 1.15032
19.9219 1.15059

19.9219 1.15059
20.3125 1.15095

20.3125 1.15095
20.7031 1.15141

20.7031 1.15141
21.0938 1.15196

21.0938 1.15196
21.4844 1.1526

21.4844 1.1526
21.875 1.15332

21.875 1.15332
22.2656 1.15412

22.2656 1.15412
22.6562 1.15498

22.6562 1.15498
23.0469 1.15589

23.0469 1.1559
23.4375 1.15686

23.4375 1.15686
23.8281 1.15787

23.8281 1.15787
24.2188 1.1589

24.2188 1.15891
24.6094 1.15996

24.6094 1.15996
25 1.16103

25 1.16103
25.3906 1.1621

25.3906 1.1621
25.7812 1.16315

25.7812 1.16315
26.1719 1.16419

26.1719 1.16419
26.5625 1.16519

26.5625 1.16519
26.9531 1.16616

26.9531 1.16616
27.3438 1.16707

27.3438 1.16707
27.7344 1.16793

27.7344 1.16793
28.125 1.16872

28.125 1.16872
28.5156 1.16943

28.5156 1.16943
28.9062 1.17006

28.9062 1.17007
29.2969 1.17061

29.2969 1.17061
29.6875 1.17106

29.6875 1.17106
30.0781 1.17142

30.0781 1.17142
30.4688 1.17168

30.4688 1.17167
30.8594 1.17183

31.6406 1.17181
31.2856 1.17188

31.6406 1.17182
32.0312 1.17166

32.0312 1.17166
32.4219 1.17139

32.4219 1.17139
32.8125 1.17103

32.8125 1.17103
33.2031 1.17057

33.2031 1.17057
33.5938 1.17002

33.5938 1.17002
33.9844 1.16938

33.9844 1.16938
34.375 1.16866

34.375 1.16865
34.7656 1.16786

34.7656 1.16786
35.1562 1.167

35.1562 1.167
35.5469 1.16608

35.5469 1.16608
35.9375 1.16511

35.9375 1.16511
36.3281 1.16411

36.3281 1.1641
36.7188 1.16307

36.7188 1.16307
37.1094 1.16201

37.1094 1.16201
37.5 1.16095

37.5 1.16094
37.8906 1.15988

37.8906 1.15988
38.2812 1.15882

38.2812 1.15882
38.6719 1.15779

38.6719 1.15779
39.0625 1.15678

39.0625 1.15678
39.4531 1.15582

39.4531 1.15582
39.8438 1.15491

39.8438 1.1549
40.2344 1.15405

40.2344 1.15405
40.625 1.15326

40.625 1.15326
41.0156 1.15255

41.0156 1.15255
41.4062 1.15192

41.4062 1.15191
41.7969 1.15137

41.7969 1.15137
42.1875 1.15092

42.1875 1.15092
42.5781 1.15056

42.5781 1.15056
42.9688 1.15031

42.9688 1.15031
43.3594 1.15015

43.3594 1.15015
43.75 1.15011

43.75 1.15011
44.1406 1.15016

44.1406 1.15016
44.5312 1.15032

44.5312 1.15032
44.9219 1.15059

44.9219 1.15059
45.3125 1.15095

45.3125 1.15095
45.7031 1.15141

45.7031 1.15141
46.0938 1.15196

46.0938 1.15196
46.4844 1.1526

46.4844 1.1526
46.875 1.15332

46.875 1.15332
47.2656 1.15412

47.2656 1.15412
47.6562 1.15498

47.6562 1.15498
48.0469 1.15589

48.0469 1.1559
48.4375 1.15686

48.4375 1.15686
48.8281 1.15787

48.8281 1.15787
49.2188 1.1589

49.2188 1.1589
49.6094 1.15996

49.6094 1.15996
50 1.16102

50 1.16102
50.3906 1.16208

50.3906 1.16209
50.7812 1.16313

50.7812 1.16314
51.1719 1.16416

51.1719 1.16416
51.5625 1.16516

51.5625 1.16516
51.9531 1.1661

51.9531 1.16611
52.3438 1.167

52.3438 1.167
52.7344 1.16783

52.7344 1.16783
53.125 1.16858

53.125 1.16858
53.5156 1.16924

53.5156 1.16925
53.9062 1.16981

53.9062 1.16982
54.2969 1.17028

54.2969 1.17028
54.6875 1.17063

54.6875 1.17063
55.0781 1.17086

55.0781 1.17086
55.4688 1.17095

55.4688 1.17095
55.8594 1.1709

55.8594 1.1709
56.25 1.1707

56.25 1.1707
56.6406 1.17034

56.6406 1.17034
57.0312 1.1698

57.0312 1.1698
57.4219 1.16909

57.4219 1.16909
57.8125 1.16819

57.8125 1.16819
58.2031 1.16709

58.2031 1.16709
58.5938 1.16579

58.5938 1.16579
58.9844 1.16427

58.9844 1.16427
59.375 1.16253

59.375 1.16253
59.7656 1.16056

59.7656 1.16056
60.1562 1.15835

60.1562 1.15835
60.5469 1.1559

60.5469 1.1559
60.9375 1.1532

60.9375 1.1532
61.3281 1.15025

61.3281 1.15025
61.7188 1.14706

61.7188 1.14706
62.1094 1.14362

62.1094 1.14361
62.5 1.13993

62.5 1.13993
62.8906 1.136

62.8906 1.136
63.2812 1.13185

63.2812 1.13184
63.6719 1.12747

63.6719 1.12747
64.0625 1.1229

64.0625 1.12289
64.4531 1.11814

64.4531 1.11813
64.8438 1.11321

64.8438 1.11321
65.2344 1.10815

65.2344 1.10814
65.625 1.10297

65.625 1.10296
66.0156 1.0977

66.0156 1.0977
66.4062 1.09238

66.4062 1.09237
66.7969 1.08703

66.7969 1.08702
67.1875 1.08168

67.1875 1.08167
67.5781 1.07637

67.5781 1.07637
67.9688 1.07114

67.9688 1.07113
68.3594 1.066

68.3594 1.06599
68.75 1.061

68.75 1.06099
69.1406 1.05616

69.1406 1.05615
69.5312 1.0515

69.5312 1.05149
69.9219 1.04706

69.9219 1.04705
70.3125 1.04285

70.3125 1.04284
70.7031 1.03889

70.7031 1.03889
71.0938 1.0352

71.0938 1.0352
71.4844 1.03178

71.4844 1.03178
71.875 1.02865

71.875 1.02865
72.2656 1.0258

72.2656 1.0258
72.6562 1.02324

72.6562 1.02325
73.0469 1.02097

73.0469 1.02097
73.4375 1.01897

73.4375 1.01897
73.8281 1.01724

73.8281 1.01724
74.2188 1.01576

74.2188 1.01576
74.6094 1.01451

74.6094 1.01452
75 1.01349

75 1.0135
75.3906 1.01267

75.3906 1.01268
75.7812 1.01203

75.7812 1.01204
76.1719 1.01155

76.1719 1.01156
76.5625 1.01121

76.5625 1.01122
76.9531 1.01099

76.9531 1.01099
77.3438 1.01086

77.3438 1.01086
77.7344 1.01081

77.7344 1.01081
78.125 1.01081

78.125 1.01081
78.5156 1.01084

78.5156 1.01085
78.9062 1.0109

78.9062 1.0109
79.2969 1.01096

79.2969 1.01096
79.6875 1.011

79.6875 1.011
80.0781 1.01101

80.0781 1.01101
80.4688 1.01099

80.4688 1.01099
80.8594 1.01092

80.8594 1.01092
81.25 1.01079

81.25 1.01079
81.6406 1.01059

81.6406 1.01059
82.0312 1.01033

82.0312 1.01033
82.4219 1.01

82.4219 1.01
82.8125 1.00959

82.8125 1.00959
83.2031 1.00911

83.2031 1.00911
83.5938 1.00856

83.5938 1.00856
83.9844 1.00794

83.9844 1.00794
84.375 1.00725

84.375 1.00725
84.7656 1.00651

84.7656 1.0065
85.1562 1.0057

85.1562 1.0057
85.5469 1.00485

85.5469 1.00485
85.9375 1.00395

85.9375 1.00395
86.3281 1.00302

86.3281 1.00302
86.7188 1.00206

86.7188 1.00206
87.1094 1.00109

87.1094 1.00109
87.5 1.00011

87.5 1.0001
87.8906 0.999124

87.8906 0.999121
88.2812 0.998152

88.2812 0.998149
88.6719 0.997199

88.6719 0.998481
89.0625 0.99499

89.3833 0
89.4212 0.390625

89.4531 0.662854
89.4192 0.78125

89.4954 0.390625
89.4711 0.78125

89.0625 1.12067
89.4531 0.870988

89.4531 1.11207
89.6341 0.78125

