6.64062 1.17181
6.2863 1.17188

6.64062 1.17182
7.03125 1.17166

7.03125 1.17166
7.42188 1.17139

7.42188 1.17139
7.8125 1.17103

7.8125 1.17103
8.20312 1.17057

8.20312 1.17057
8.59375 1.17002

8.59375 1.17001
8.98438 1.16938

8.98438 1.16937
9.375 1.16866

9.375 1.16865
9.76562 1.16786

9.76562 1.16786
10.1562 1.167

10.1562 1.167
10.5469 1.16608

10.5469 1.16608
10.9375 1.16511

10.9375 1.16511
11.3281 1.16411

11.3281 1.1641
11.7188 1.16307

11.7188 1.16307
12.1094 1.16201

12.1094 1.16201
12.5 1.16094

12.5 1.16094
12.8906 1.15988

12.8906 1.15988
13.2812 1.15882

13.2812 1.15882
13.6719 1.15779

13.6719 1.15778
14.0625 1.15678

14.0625 1.15678
14.4531 1.15582

14.4531 1.15582
14.8438 1.15491

14.8438 1.1549
15.2344 1.15405

15.2344 1.15405
15.625 1.15326

15.625 1.15326
16.0156 1.15255

16.0156 1.15255
16.4062 1.15192

16.4062 1.15191
16.7969 1.15137

16.7969 1.15137
17.1875 1.15092

17.1875 1.15092
17.5781 1.15056

17.5781 1.15056
17.9688 1.15031

17.9688 1.15031
18.3594 1.15015

18.3594 1.15015
18.75 1.15011

18.75 1.15011
19.1406 1.15016

19.1406 1.15016
19.5312 1.15032

19.5312 1.15032
19.9219 1.15059

19.9219 1.15059
20.3125 1.15095

20.3125 1.15095
20.7031 1.15141

20.7031 1.15141
21.0938 1.15196

21.0938 1.15196
21.4844 1.1526

21.4844 1.1526
21.875 1.15332

21.875 1.15332
22.2656 1.15411

22.2656 1.15412
22.6562 1.15498

22.6562 1.15498
23.0469 1.15589

23.0469 1.1559
23.4375 1.15686

23.4375 1.15686
23.8281 1.15787

23.8281 1.15787
24.2188 1.1589

24.2188 1.15891
24.6094 1.15996

24.6094 1.15996
25 1.16103

25 1.16103
25.3906 1.1621

25.3906 1.1621
25.7812 1.16315

25.7812 1.16315
26.1719 1.16419

26.1719 1.16419
26.5625 1.16519

26.5625 1.16519
26.9531 1.16616

26.9531 1.16616
27.3438 1.16707

27.3438 1.16707
27.7344 1.16793

27.7344 1.16793
28.125 1.16872

28.125 1.16872
28.5156 1.16943

28.5156 1.16943
28.9062 1.17006

28.9062 1.17007
29.2969 1.17061

29.2969 1.17061
29.6875 1.17106

29.6875 1.17107
30.0781 1.17142

30.0781 1.17142
30.4688 1.17168

30.4688 1.17167
30.8594 1.17183

31.6406 1.17181
31.2857 1.17188

31.6406 1.17182
32.0312 1.17166

32.0312 1.17166
32.4219 1.17139

32.4219 1.17139
32.8125 1.17103

32.8125 1.17103
33.2031 1.17057

33.2031 1.17057
33.5938 1.17002

33.5938 1.17001
33.9844 1.16938

33.9844 1.16937
34.375 1.16866

34.375 1.16865
34.7656 1.16786

34.7656 1.16786
35.1562 1.167

35.1562 1.167
35.5469 1.16608

35.5469 1.16608
35.9375 1.16511

35.9375 1.16511
36.3281 1.16411

36.3281 1.1641
36.7188 1.16307

36.7188 1.16307
37.1094 1.16201

37.1094 1.16201
37.5 1.16094

37.5 1.16094
37.8906 1.15988

37.8906 1.15987
38.2812 1.15882

38.2812 1.15882
38.6719 1.15778

38.6719 1.15778
39.0625 1.15677

39.0625 1.15677
39.4531 1.15581

39.4531 1.1558
39.8438 1.15488

39.8438 1.15488
40.2344 1.15402

40.2344 1.15401
40.625 1.15321

40.625 1.15321
41.0156 1.15247

41.0156 1.15247
41.4062 1.1518

41.4062 1.1518
41.7969 1.15121

41.7969 1.15121
42.1875 1.1507

42.1875 1.1507
42.5781 1.15026

42.5781 1.15026
42.9688 1.1499

42.9688 1.1499
43.3594 1.1496

43.3594 1.1496
43.75 1.14937

43.75 1.14937
44.1406 1.1492

44.1406 1.1492
44.5312 1.14906

44.5312 1.14907
44.9219 1.14896

44.9219 1.14896
45.3125 1.14887

45.3125 1.14887
45.7031 1.14877

45.7031 1.14878
46.0938 1.14865

46.0938 1.14865
46.4844 1.14847

46.4844 1.14847
46.875 1.14821

46.875 1.14822
47.2656 1.14785

47.2656 1.14786
47.6562 1.14735

47.6562 1.14736
48.0469 1.14669

48.0469 1.1467
48.4375 1.14583

48.4375 1.14584
48.8281 1.14476

48.8281 1.14476
49.2188 1.14343

49.2188 1.14344
49.6094 1.14183

49.6094 1.14183
50 1.13993

50 1.13994
50.3906 1.13772

50.3906 1.13773
50.7812 1.13519

50.7812 1.13519
51.1719 1.13232

51.1719 1.13232
51.5625 1.12911

51.5625 1.12911
51.9531 1.12557

51.9531 1.12557
52.3438 1.12171

52.3438 1.12171
52.7344 1.11754

52.7344 1.11754
53.125 1.11309

53.125 1.11308
53.5156 1.10838

53.5156 1.10838
53.9062 1.10345

53.9062 1.10344
54.2969 1.09833

54.2969 1.09832
54.6875 1.09306

54.6875 1.09305
55.0781 1.08768

55.0781 1.08767
55.4688 1.08223

55.4688 1.08222
55.8594 1.07676

55.8594 1.07675
56.25 1.07131

56.25 1.0713
56.6406 1.06592

56.6406 1.06591
57.0312 1.06061

57.0312 1.06061
57.4219 1.05544

57.4219 1.05543
57.8125 1.05042

57.8125 1.05042
58.2031 1.04558

58.2031 1.04558
58.5938 1.04095

58.5938 1.04094
58.9844 1.03653

58.9844 1.03652
59.375 1.03233

59.375 1.03233
59.7656 1.02837

59.7656 1.02837
60.1562 1.02465

60.1562 1.02465
60.5469 1.02117

60.5469 1.02117
60.9375 1.01792

60.9375 1.01792
61.3281 1.0149

61.3281 1.0149
61.7188 1.0121

61.7188 1.0121
62.1094 1.00951

62.1094 1.00951
62.5 1.00713

62.5 1.00713
62.8906 1.00494

62.8906 1.00494
63.2812 1.00294

63.2812 1.00294
63.6719 1.00111

63.6719 1.00111
64.0625 0.999441

64.0625 0.999443
64.4531 0.997935

64.4531 0.997937
64.8438 0.99658

64.8438 0.996582
65.2344 0.995369

65.2344 0.99537
65.625 0.994296

65.625 0.994297
66.0156 0.993357

66.0156 0.993358
66.4062 0.992547

66.4062 0.992548
66.7969 0.991863

66.7969 0.991864
67.1875 0.991302

67.1875 0.991302
67.5781 0.99086

67.5781 0.990861
67.9688 0.990535

67.9688 0.990536
68.3594 0.990325

68.3594 0.990326
68.75 0.990227

68.75 0.990228
69.1406 0.990237

69.1406 0.990238
69.5312 0.990353

69.5312 0.990354
69.9219 0.990571

69.9219 0.990572
70.3125 0.990887

70.3125 0.990888
70.7031 0.991297

70.7031 0.991298
71.0938 0.991794

71.0938 0.991796
71.4844 0.992374

71.4844 0.992376
71.875 0.99303

72.3282 0
72.3657 0.390625

72.4502 0.390625
72.3936 0.78125

71.875 1.06817
72.2656 0.918613

72.2656 1.14569
72.5801 0.78125

