6.64062 1.17181
6.28604 1.17188

6.64062 1.17182
7.03125 1.17166

7.03125 1.17166
7.42188 1.17139

7.42188 1.17139
7.8125 1.17103

7.8125 1.17103
8.20312 1.17057

8.20312 1.17057
8.59375 1.17002

8.59375 1.17001
8.98438 1.16938

8.98438 1.16937
9.375 1.16866

9.375 1.16865
9.76562 1.16786

9.76562 1.16786
10.1562 1.167

10.1562 1.167
10.5469 1.16608

10.5469 1.16608
10.9375 1.16511

10.9375 1.16511
11.3281 1.16411

11.3281 1.1641
11.7188 1.16307

11.7188 1.16307
12.1094 1.16201

12.1094 1.16201
12.5 1.16094

12.5 1.16094
12.8906 1.15988

12.8906 1.15988
13.2812 1.15882

13.2812 1.15882
13.6719 1.15779

13.6719 1.15778
14.0625 1.15678

14.0625 1.15678
14.4531 1.15582

14.4531 1.15582
14.8438 1.15491

14.8438 1.1549
15.2344 1.15405

15.2344 1.15405
15.625 1.15326

15.625 1.15326
16.0156 1.15255

16.0156 1.15255
16.4062 1.15191

16.4062 1.15191
16.7969 1.15137

16.7969 1.15137
17.1875 1.15092

17.1875 1.15092
17.5781 1.15056

17.5781 1.15056
17.9688 1.15031

17.9688 1.15031
18.3594 1.15015

18.3594 1.15015
18.75 1.1501

18.75 1.1501
19.1406 1.15016

19.1406 1.15016
19.5312 1.15032

19.5312 1.15032
19.9219 1.15059

19.9219 1.15059
20.3125 1.15095

20.3125 1.15095
20.7031 1.15141

20.7031 1.15141
21.0938 1.15196

21.0938 1.15196
21.4844 1.1526

21.4844 1.1526
21.875 1.15332

21.875 1.15332
22.2656 1.15411

22.2656 1.15412
22.6562 1.15497

22.6562 1.15498
23.0469 1.15589

23.0469 1.1559
23.4375 1.15686

23.4375 1.15686
23.8281 1.15787

23.8281 1.15787
24.2188 1.1589

24.2188 1.15891
24.6094 1.15996

24.6094 1.15996
25 1.16103

25 1.16103
25.3906 1.1621

25.3906 1.1621
25.7812 1.16315

25.7812 1.16315
26.1719 1.16419

26.1719 1.16419
26.5625 1.16519

26.5625 1.16519
26.9531 1.16616

26.9531 1.16616
27.3438 1.16707

27.3438 1.16707
27.7344 1.16793

27.7344 1.16793
28.125 1.16872

28.125 1.16872
28.5156 1.16943

28.5156 1.16943
28.9062 1.17006

28.9062 1.17007
29.2969 1.17061

29.2969 1.17061
29.6875 1.17106

29.6875 1.17106
30.0781 1.17142

30.0781 1.17142
30.4688 1.17167

30.4688 1.17167
30.8594 1.17183

31.6406 1.17181
31.2862 1.17188

31.6406 1.17182
32.0312 1.17166

32.0312 1.17166
32.4219 1.17139

32.4219 1.17139
32.8125 1.17103

32.8125 1.17103
33.2031 1.17057

33.2031 1.17057
33.5938 1.17002

33.5938 1.17001
33.9844 1.16938

33.9844 1.16937
34.375 1.16865

34.375 1.16865
34.7656 1.16786

34.7656 1.16786
35.1562 1.167

35.1562 1.167
35.5469 1.16608

35.5469 1.16608
35.9375 1.16511

35.9375 1.16511
36.3281 1.16411

36.3281 1.1641
36.7188 1.16307

36.7188 1.16307
37.1094 1.16201

37.1094 1.16201
37.5 1.16094

37.5 1.16094
37.8906 1.15988

37.8906 1.15988
38.2812 1.15882

38.2812 1.15882
38.6719 1.15779

38.6719 1.15778
39.0625 1.15678

39.0625 1.15678
39.4531 1.15582

39.4531 1.15582
39.8438 1.15491

39.8438 1.1549
40.2344 1.15405

40.2344 1.15405
40.625 1.15326

40.625 1.15326
41.0156 1.15255

41.0156 1.15255
41.4062 1.15192

41.4062 1.15191
41.7969 1.15137

41.7969 1.15137
42.1875 1.15092

42.1875 1.15092
42.5781 1.15056

42.5781 1.15056
42.9688 1.15031

42.9688 1.15031
43.3594 1.15015

43.3594 1.15015
43.75 1.15011

43.75 1.15011
44.1406 1.15016

44.1406 1.15016
44.5312 1.15032

44.5312 1.15032
44.9219 1.15059

44.9219 1.15059
45.3125 1.15095

45.3125 1.15095
45.7031 1.15141

45.7031 1.15141
46.0938 1.15196

46.0938 1.15196
46.4844 1.1526

46.4844 1.1526
46.875 1.15332

46.875 1.15332
47.2656 1.15412

47.2656 1.15412
47.6562 1.15498

47.6562 1.15498
48.0469 1.15589

48.0469 1.1559
48.4375 1.15686

48.4375 1.15686
48.8281 1.15787

48.8281 1.15787
49.2188 1.15891

49.2188 1.15891
49.6094 1.15996

49.6094 1.15997
50 1.16103

50 1.16103
50.3906 1.1621

50.3906 1.1621
50.7812 1.16315

50.7812 1.16316
51.1719 1.16419

51.1719 1.16419
51.5625 1.16519

51.5625 1.1652
51.9531 1.16616

51.9531 1.16616
52.3438 1.16707

52.3438 1.16707
52.7344 1.16793

52.7344 1.16793
53.125 1.16871

53.125 1.16872
53.5156 1.16943

53.5156 1.16943
53.9062 1.17006

53.9062 1.17006
54.2969 1.1706

54.2969 1.1706
54.6875 1.17105

54.6875 1.17105
55.0781 1.1714

55.0781 1.1714
55.4688 1.17165

55.4688 1.17165
55.8594 1.17179

55.8594 1.17179
56.25 1.17182

56.25 1.17182
56.6406 1.17174

56.6406 1.17174
57.0312 1.17155

57.0312 1.17155
57.4219 1.17125

57.4219 1.17125
57.8125 1.17084

57.8125 1.17084
58.2031 1.17031

58.2031 1.17031
58.5938 1.16968

58.5938 1.16968
58.9844 1.16894

58.9844 1.16894
59.375 1.1681

59.375 1.1681
59.7656 1.16715

59.7656 1.16715
60.1562 1.1661

60.1562 1.1661
60.5469 1.16495

60.5469 1.16495
60.9375 1.1637

60.9375 1.1637
61.3281 1.16235

61.3281 1.16235
61.7188 1.1609

61.7188 1.1609
62.1094 1.15936

62.1094 1.15936
62.5 1.15772

62.5 1.15772
62.8906 1.15598

62.8906 1.15598
63.2812 1.15414

63.2812 1.15415
63.6719 1.1522

63.6719 1.1522
64.0625 1.15016

64.0625 1.15016
64.4531 1.148

64.4531 1.148
64.8438 1.14574

64.8438 1.14574
65.2344 1.14336

65.2344 1.14336
65.625 1.14086

65.625 1.14086
66.0156 1.13824

66.0156 1.13824
66.4062 1.1355

66.4062 1.1355
66.7969 1.13263

66.7969 1.13263
67.1875 1.12963

67.1875 1.12963
67.5781 1.12651

67.5781 1.12651
67.9688 1.12327

67.9688 1.12327
68.3594 1.1199

68.3594 1.1199
68.75 1.11642

68.75 1.11642
69.1406 1.11283

69.1406 1.11283
69.5312 1.10913

69.5312 1.10913
69.9219 1.10535

69.9219 1.10535
70.3125 1.10149

70.3125 1.10149
70.7031 1.09756

70.7031 1.09756
71.0938 1.09358

71.0938 1.09358
71.4844 1.08957

71.4844 1.08957
71.875 1.08555

71.875 1.08554
72.2656 1.08152

72.2656 1.08152
72.6562 1.07752

72.6562 1.07751
73.0469 1.07355

73.0469 1.07355
73.4375 1.06965

73.4375 1.06964
73.8281 1.06582

73.8281 1.06582
74.2188 1.06209

74.2188 1.06208
74.6094 1.05846

74.6094 1.05846
75 1.05496

75 1.05495
75.3906 1.05159

75.3906 1.05159
75.7812 1.04837

75.7812 1.04837
76.1719 1.0453

76.1719 1.0453
76.5625 1.04239

76.5625 1.04239
76.9531 1.03964

76.9531 1.03964
77.3438 1.03705

77.3438 1.03705
77.7344 1.03462

77.7344 1.03462
78.125 1.03235

78.125 1.03235
78.5156 1.03023

78.5156 1.03023
78.9062 1.02825

78.9062 1.02825
79.2969 1.0264

79.2969 1.0264
79.6875 1.02468

79.6875 1.02468
80.0781 1.02306

80.0781 1.02307
80.4688 1.02155

80.4688 1.02155
80.8594 1.02012

80.8594 1.02012
81.25 1.01877

81.25 1.01877
81.6406 1.01748

81.6406 1.01748
82.0312 1.01624

82.0312 1.01624
82.4219 1.01504

82.4219 1.01504
82.8125 1.01387

82.8125 1.01387
83.2031 1.01273

83.2031 1.01273
83.5938 1.0116

83.5938 1.0116
83.9844 1.01047

83.9844 1.01048
84.375 1.00936

84.375 1.00936
84.7656 1.00824

84.7656 1.00824
85.1562 1.00713

85.1562 1.00713
85.5469 1.00601

85.5469 1.00601
85.9375 1.0049

85.9375 1.0049
86.3281 1.00378

86.3281 1.00378
86.7188 1.00268

86.7188 1.00268
87.1094 1.00158

87.1094 1.00158
87.5 1.00049

87.5 1.00049
87.8906 0.99943

87.8906 0.999428
88.2812 0.998391

88.2812 0.99839
88.6719 0.997385

88.6719 0.997384
89.0625 0.996418

89.0625 0.996417
89.4531 0.995497

89.4531 0.995495
89.8438 0.994629

89.8438 0.994627
90.2344 0.99382

90.2344 0.993818
90.625 0.993077

90.625 0.993075
91.0156 0.992405

91.0156 0.992404
91.4062 0.991811

91.4062 0.99181
91.7969 0.9913

91.7969 0.991299
92.1875 0.990875

92.1875 0.990874
92.5781 0.99054

92.5781 0.990539
92.9688 0.990299

92.9688 0.990298
93.3594 0.990152

93.3594 0.990152
93.75 0.990103

93.75 0.990103
94.1406 0.99015

94.1406 0.99015
94.5312 0.990293

94.5312 0.990293
94.9219 0.990531

94.9219 0.990532
95.3125 0.990861

95.7131 0
95.751 0.390625

95.8308 0.390625
95.7847 0.78125

95.3125 1.08557
95.7031 0.896572

95.7031 1.13335
95.9638 0.78125

