6.64062 1.17181
6.28598 1.17188

6.64062 1.17182
7.03125 1.17166

7.03125 1.17166
7.42188 1.17139

7.42188 1.17139
7.8125 1.17103

7.8125 1.17103
8.20312 1.17057

8.20312 1.17057
8.59375 1.17002

8.59375 1.17001
8.98438 1.16938

8.98438 1.16937
9.375 1.16865

9.375 1.16865
9.76562 1.16786

9.76562 1.16786
10.1562 1.167

10.1562 1.167
10.5469 1.16608

10.5469 1.16608
10.9375 1.16511

10.9375 1.16511
11.3281 1.16411

11.3281 1.1641
11.7188 1.16307

11.7188 1.16307
12.1094 1.16201

12.1094 1.16201
12.5 1.16094

12.5 1.16094
12.8906 1.15988

12.8906 1.15987
13.2812 1.15882

13.2812 1.15882
13.6719 1.15779

13.6719 1.15778
14.0625 1.15678

14.0625 1.15678
14.4531 1.15582

14.4531 1.15582
14.8438 1.1549

14.8438 1.1549
15.2344 1.15405

15.2344 1.15405
15.625 1.15326

15.625 1.15326
16.0156 1.15255

16.0156 1.15255
16.4062 1.15191

16.4062 1.15191
16.7969 1.15137

16.7969 1.15137
17.1875 1.15092

17.1875 1.15092
17.5781 1.15056

17.5781 1.15056
17.9688 1.15031

17.9688 1.1503
18.3594 1.15015

18.3594 1.15015
18.75 1.1501

18.75 1.1501
19.1406 1.15016

19.1406 1.15016
19.5312 1.15032

19.5312 1.15032
19.9219 1.15058

19.9219 1.15059
20.3125 1.15095

20.3125 1.15095
20.7031 1.15141

20.7031 1.15141
21.0938 1.15196

21.0938 1.15196
21.4844 1.1526

21.4844 1.1526
21.875 1.15332

21.875 1.15332
22.2656 1.15411

22.2656 1.15412
22.6562 1.15497

22.6562 1.15498
23.0469 1.15589

23.0469 1.15589
23.4375 1.15686

23.4375 1.15686
23.8281 1.15787

23.8281 1.15787
24.2188 1.1589

24.2188 1.15891
24.6094 1.15996

24.6094 1.15996
25 1.16103

25 1.16103
25.3906 1.1621

25.3906 1.1621
25.7812 1.16315

25.7812 1.16315
26.1719 1.16419

26.1719 1.16419
26.5625 1.16519

26.5625 1.16519
26.9531 1.16616

26.9531 1.16616
27.3438 1.16707

27.3438 1.16707
27.7344 1.16793

27.7344 1.16793
28.125 1.16872

28.125 1.16872
28.5156 1.16943

28.5156 1.16943
28.9062 1.17006

28.9062 1.17006
29.2969 1.17061

29.2969 1.17061
29.6875 1.17106

29.6875 1.17106
30.0781 1.17142

30.0781 1.17142
30.4688 1.17167

30.4688 1.17167
30.8594 1.17183

31.6406 1.17181
31.2858 1.17188

31.6406 1.17182
32.0312 1.17166

32.0312 1.17166
32.4219 1.17139

32.4219 1.17139
32.8125 1.17103

32.8125 1.17103
33.2031 1.17057

33.2031 1.17057
33.5938 1.17002

33.5938 1.17001
33.9844 1.16938

33.9844 1.16937
34.375 1.16865

34.375 1.16865
34.7656 1.16786

34.7656 1.16786
35.1562 1.167

35.1562 1.167
35.5469 1.16608

35.5469 1.16608
35.9375 1.16511

35.9375 1.16511
36.3281 1.16411

36.3281 1.1641
36.7188 1.16307

36.7188 1.16307
37.1094 1.16201

37.1094 1.16201
37.5 1.16094

37.5 1.16094
37.8906 1.15988

37.8906 1.15987
38.2812 1.15882

38.2812 1.15882
38.6719 1.15779

38.6719 1.15778
39.0625 1.15678

39.0625 1.15678
39.4531 1.15582

39.4531 1.15582
39.8438 1.15491

39.8438 1.1549
40.2344 1.15405

40.2344 1.15405
40.625 1.15326

40.625 1.15326
41.0156 1.15255

41.0156 1.15255
41.4062 1.15191

41.4062 1.15191
41.7969 1.15137

41.7969 1.15137
42.1875 1.15092

42.1875 1.15092
42.5781 1.15056

42.5781 1.15056
42.9688 1.15031

42.9688 1.15031
43.3594 1.15015

43.3594 1.15015
43.75 1.1501

43.75 1.1501
44.1406 1.15016

44.1406 1.15016
44.5312 1.15032

44.5312 1.15032
44.9219 1.15059

44.9219 1.15059
45.3125 1.15095

45.3125 1.15095
45.7031 1.15141

45.7031 1.15141
46.0938 1.15196

46.0938 1.15196
46.4844 1.1526

46.4844 1.1526
46.875 1.15332

46.875 1.15332
47.2656 1.15411

47.2656 1.15412
47.6562 1.15498

47.6562 1.15498
48.0469 1.15589

48.0469 1.1559
48.4375 1.15686

48.4375 1.15686
48.8281 1.15787

48.8281 1.15787
49.2188 1.1589

49.2188 1.15891
49.6094 1.15996

49.6094 1.15996
50 1.16103

50 1.16103
50.3906 1.1621

50.3906 1.1621
50.7812 1.16315

50.7812 1.16315
51.1719 1.16419

51.1719 1.16419
51.5625 1.16519

51.5625 1.16519
51.9531 1.16616

51.9531 1.16616
52.3438 1.16707

52.3438 1.16707
52.7344 1.16793

52.7344 1.16793
53.125 1.16872

53.125 1.16872
53.5156 1.16943

53.5156 1.16943
53.9062 1.17006

53.9062 1.17006
54.2969 1.17061

54.2969 1.17061
54.6875 1.17106

54.6875 1.17106
55.0781 1.17141

55.0781 1.17141
55.4688 1.17167

55.4688 1.17167
55.8594 1.17181

55.8594 1.17181
56.25 1.17186

56.25 1.17186
56.6406 1.17179

56.6406 1.17179
57.0312 1.17162

57.0312 1.17162
57.4219 1.17134

57.4219 1.17134
57.8125 1.17096

57.8125 1.17095
58.2031 1.17047

58.2031 1.17047
58.5938 1.16988

58.5938 1.16988
58.9844 1.1692

58.9844 1.1692
59.375 1.16842

59.375 1.16842
59.7656 1.16755

59.7656 1.16755
60.1562 1.1666

60.1562 1.1666
60.5469 1.16557

60.5469 1.16557
60.9375 1.16446

60.9375 1.16446
61.3281 1.16328

61.3281 1.16328
61.7188 1.16203

61.7188 1.16203
62.1094 1.16071

62.1094 1.16071
62.5 1.15933

62.5 1.15933
62.8906 1.15789

62.8906 1.15789
63.2812 1.15639

63.2812 1.15639
63.6719 1.15483

63.6719 1.15483
64.0625 1.15321

64.0625 1.15321
64.4531 1.15152

64.4531 1.15152
64.8438 1.14978

64.8438 1.14978
65.2344 1.14796

65.2344 1.14796
65.625 1.14607

65.625 1.14607
66.0156 1.1441

66.0156 1.1441
66.4062 1.14205

66.4062 1.14205
66.7969 1.13992

66.7969 1.13992
67.1875 1.13769

67.1875 1.13769
67.5781 1.13536

67.5781 1.13536
67.9688 1.13292

67.9688 1.13292
68.3594 1.13038

68.3594 1.13038
68.75 1.12772

68.75 1.12772
69.1406 1.12495

69.1406 1.12495
69.5312 1.12206

69.5312 1.12206
69.9219 1.11905

69.9219 1.11905
70.3125 1.11593

70.3125 1.11593
70.7031 1.11269

70.7031 1.11269
71.0938 1.10935

71.0938 1.10935
71.4844 1.1059

71.4844 1.1059
71.875 1.10237

71.875 1.10237
72.2656 1.09875

72.2656 1.09875
72.6562 1.09507

72.6562 1.09507
73.0469 1.09133

73.0469 1.09133
73.4375 1.08755

73.4375 1.08755
73.8281 1.08375

73.8281 1.08375
74.2188 1.07994

74.2188 1.07994
74.6094 1.07615

74.6094 1.07614
75 1.07238

75 1.07237
75.3906 1.06865

75.3906 1.06865
75.7812 1.06499

75.7812 1.06498
76.1719 1.0614

76.1719 1.06139
76.5625 1.05789

76.5625 1.05789
76.9531 1.05449

76.9531 1.05449
77.3438 1.0512

77.3438 1.0512
77.7344 1.04803

77.7344 1.04803
78.125 1.04498

78.125 1.04498
78.5156 1.04206

78.5156 1.04206
78.9062 1.03928

78.9062 1.03928
79.2969 1.03662

79.2969 1.03662
79.6875 1.0341

79.6875 1.0341
80.0781 1.0317

80.0781 1.0317
80.4688 1.02942

80.4688 1.02943
80.8594 1.02726

80.8594 1.02727
81.25 1.02521

81.25 1.02521
81.6406 1.02326

81.6406 1.02326
82.0312 1.02139

82.0312 1.0214
82.4219 1.01961

82.4219 1.01962
82.8125 1.01791

82.8125 1.01791
83.2031 1.01627

83.2031 1.01627
83.5938 1.01469

83.5938 1.01469
83.9844 1.01316

83.9844 1.01316
84.375 1.01168

84.375 1.01168
84.7656 1.01024

84.7656 1.01024
85.1562 1.00883

85.1562 1.00883
85.5469 1.00746

85.5469 1.00746
85.9375 1.00612

85.9375 1.00612
86.3281 1.00481

86.3281 1.00481
86.7188 1.00354

86.7188 1.00354
87.1094 1.00229

87.1094 1.00229
87.5 1.00109

87.5 1.00108
87.8906 0.999916

87.8906 0.999915
88.2812 0.998789

88.2812 0.998788
88.6719 0.997708

88.6719 0.997707
89.0625 0.996679

89.0625 0.996678
89.4531 0.995707

89.4531 0.995706
89.8438 0.994796

89.8438 0.994795
90.2344 0.993953

90.2344 0.993951
90.625 0.993181

90.625 0.99318
91.0156 0.992487

91.0156 0.992486
91.4062 0.991875

91.4062 0.991874
91.7969 0.991349

91.7969 0.991348
92.1875 0.990912

92.1875 0.990912
92.5781 0.990569

92.5781 0.990568
92.9688 0.99032

92.9688 0.99032
93.3594 0.990168

93.3594 0.990168
93.75 0.990115

93.75 0.990115
94.1406 0.990158

94.1406 0.990159
94.5312 0.990299

94.5312 0.9903
94.9219 0.990535

94.9219 0.990536
95.3125 0.990864

95.3125 0.990865
95.7031 0.991282

95.7031 0.991283
96.0938 0.991786

96.0938 0.991787
96.4844 0.99237

96.4844 0.992371
96.875 0.993029

97.6143 0
97.652 0.390625

97.6562 0.758193
97.6485 0.78125

96.875 0.993059
97.2656 0.993727

97.2656 1.10896
97.6562 0.87934

97.7247 0.390625
97.6929 0.78125

97.6562 1.12338
97.864 0.78125

