6.64062 1.17181
6.28625 1.17188

6.64062 1.17182
7.03125 1.17166

7.03125 1.17166
7.42188 1.17139

7.42188 1.17139
7.8125 1.17103

7.8125 1.17103
8.20312 1.17057

8.20312 1.17057
8.59375 1.17002

8.59375 1.17001
8.98438 1.16938

8.98438 1.16937
9.375 1.16866

9.375 1.16865
9.76562 1.16786

9.76562 1.16786
10.1562 1.167

10.1562 1.167
10.5469 1.16608

10.5469 1.16608
10.9375 1.16511

10.9375 1.16511
11.3281 1.16411

11.3281 1.1641
11.7188 1.16307

11.7188 1.16307
12.1094 1.16201

12.1094 1.16201
12.5 1.16094

12.5 1.16094
12.8906 1.15988

12.8906 1.15988
13.2812 1.15882

13.2812 1.15882
13.6719 1.15779

13.6719 1.15778
14.0625 1.15678

14.0625 1.15678
14.4531 1.15582

14.4531 1.15582
14.8438 1.15491

14.8438 1.1549
15.2344 1.15405

15.2344 1.15405
15.625 1.15326

15.625 1.15326
16.0156 1.15255

16.0156 1.15255
16.4062 1.15192

16.4062 1.15191
16.7969 1.15137

16.7969 1.15137
17.1875 1.15092

17.1875 1.15092
17.5781 1.15056

17.5781 1.15056
17.9688 1.15031

17.9688 1.15031
18.3594 1.15015

18.3594 1.15015
18.75 1.15011

18.75 1.15011
19.1406 1.15016

19.1406 1.15016
19.5312 1.15032

19.5312 1.15032
19.9219 1.15059

19.9219 1.15059
20.3125 1.15095

20.3125 1.15095
20.7031 1.15141

20.7031 1.15141
21.0938 1.15196

21.0938 1.15196
21.4844 1.1526

21.4844 1.1526
21.875 1.15332

21.875 1.15332
22.2656 1.15411

22.2656 1.15412
22.6562 1.15498

22.6562 1.15498
23.0469 1.15589

23.0469 1.1559
23.4375 1.15686

23.4375 1.15686
23.8281 1.15787

23.8281 1.15787
24.2188 1.1589

24.2188 1.15891
24.6094 1.15996

24.6094 1.15996
25 1.16103

25 1.16103
25.3906 1.1621

25.3906 1.1621
25.7812 1.16315

25.7812 1.16315
26.1719 1.16419

26.1719 1.16419
26.5625 1.16519

26.5625 1.16519
26.9531 1.16616

26.9531 1.16616
27.3438 1.16707

27.3438 1.16707
27.7344 1.16793

27.7344 1.16793
28.125 1.16872

28.125 1.16872
28.5156 1.16943

28.5156 1.16943
28.9062 1.17006

28.9062 1.17007
29.2969 1.17061

29.2969 1.17061
29.6875 1.17106

29.6875 1.17107
30.0781 1.17142

30.0781 1.17142
30.4688 1.17168

30.4688 1.17167
30.8594 1.17184

31.6406 1.17181
31.2862 1.17188

31.6406 1.17182
32.0312 1.17166

32.0312 1.17166
32.4219 1.17139

32.4219 1.17139
32.8125 1.17103

32.8125 1.17103
33.2031 1.17057

33.2031 1.17057
33.5938 1.17002

33.5938 1.17001
33.9844 1.16938

33.9844 1.16937
34.375 1.16865

34.375 1.16865
34.7656 1.16786

34.7656 1.16786
35.1562 1.167

35.1562 1.167
35.5469 1.16608

35.5469 1.16608
35.9375 1.16511

35.9375 1.16511
36.3281 1.1641

36.3281 1.1641
36.7188 1.16306

36.7188 1.16305
37.1094 1.16199

37.1094 1.16199
37.5 1.16091

37.5 1.16091
37.8906 1.15982

37.8906 1.15982
38.2812 1.15874

38.2812 1.15874
38.6719 1.15767

38.6719 1.15767
39.0625 1.15662

39.0625 1.15662
39.4531 1.15559

39.4531 1.15558
39.8438 1.15458

39.8438 1.15458
40.2344 1.15361

40.2344 1.15361
40.625 1.15266

40.625 1.15266
41.0156 1.15174

41.0156 1.15174
41.4062 1.15085

41.4062 1.15085
41.7969 1.14997

41.7969 1.14998
42.1875 1.14911

42.1875 1.14911
42.5781 1.14824

42.5781 1.14824
42.9688 1.14735

42.9688 1.14735
43.3594 1.14642

43.3594 1.14643
43.75 1.14545

43.75 1.14545
44.1406 1.14439

44.1406 1.1444
44.5312 1.14324

44.5312 1.14325
44.9219 1.14197

44.9219 1.14197
45.3125 1.14054

45.3125 1.14055
45.7031 1.13894

45.7031 1.13895
46.0938 1.13715

46.0938 1.13716
46.4844 1.13514

46.4844 1.13514
46.875 1.13288

46.875 1.13289
47.2656 1.13038

47.2656 1.13038
47.6562 1.12761

47.6562 1.12761
48.0469 1.12456

48.0469 1.12456
48.4375 1.12124

48.4375 1.12124
48.8281 1.11765

48.8281 1.11765
49.2188 1.1138

49.2188 1.11379
49.6094 1.1097

49.6094 1.10969
50 1.10538

50 1.10537
50.3906 1.10087

50.3906 1.10086
50.7812 1.09619

50.7812 1.09618
51.1719 1.09138

51.1719 1.09137
51.5625 1.08647

51.5625 1.08646
51.9531 1.08152

51.9531 1.08151
52.3438 1.07655

52.3438 1.07654
52.7344 1.07161

52.7344 1.0716
53.125 1.06674

53.125 1.06673
53.5156 1.06197

53.5156 1.06196
53.9062 1.05733

53.9062 1.05732
54.2969 1.05285

54.2969 1.05284
54.6875 1.04855

54.6875 1.04854
55.0781 1.04445

55.0781 1.04445
55.4688 1.04057

55.4688 1.04057
55.8594 1.03691

55.8594 1.03691
56.25 1.03347

56.25 1.03347
56.6406 1.03025

56.6406 1.03025
57.0312 1.02725

57.0312 1.02725
57.4219 1.02446

57.4219 1.02446
57.8125 1.02187

57.8125 1.02187
58.2031 1.01946

58.2031 1.01946
58.5938 1.01721

58.5938 1.01722
58.9844 1.01512

58.9844 1.01513
59.375 1.01317

59.375 1.01318
59.7656 1.01135

59.7656 1.01135
60.1562 1.00963

60.1562 1.00963
60.5469 1.00801

60.5469 1.00801
60.9375 1.00647

60.9375 1.00647
61.3281 1.00502

61.3281 1.00502
61.7188 1.00363

61.7188 1.00363
62.1094 1.0023

62.1094 1.0023
62.5 1.00104

62.5 1.00104
62.8906 0.999836

62.8906 0.999836
63.2812 0.998687

63.2812 0.998687
63.6719 0.997597

63.6719 0.997597
64.0625 0.996566

64.0625 0.996565
64.4531 0.995598

64.4531 0.995597
64.8438 0.994694

64.8438 0.994693
65.2344 0.99386

65.2344 0.993859
65.625 0.993099

65.625 0.993098
66.0156 0.992416

66.0156 0.992415
66.4062 0.991814

66.4062 0.991813
66.7969 0.991298

66.7969 0.991297
67.1875 0.99087

67.1875 0.99087
67.5781 0.990535

67.5781 1.03406
67.9688 0.946767

68.1133 0
68.1508 0.390625

68.2464 0.390625
68.168 0.78125

67.9688 1.15003
68.3594 0.786602

68.3594 0.824729
68.3763 0.78125

