6.64062 1.17181
6.2869 1.17188

6.64062 1.17182
7.03125 1.17166

7.03125 1.17166
7.42188 1.17139

7.42188 1.17139
7.8125 1.17103

7.8125 1.17103
8.20312 1.17057

8.20312 1.17057
8.59375 1.17002

8.59375 1.17001
8.98438 1.16938

8.98438 1.16937
9.375 1.16866

9.375 1.16865
9.76562 1.16786

9.76562 1.16786
10.1562 1.167

10.1562 1.167
10.5469 1.16608

10.5469 1.16608
10.9375 1.16511

10.9375 1.16511
11.3281 1.16411

11.3281 1.1641
11.7188 1.16307

11.7188 1.16307
12.1094 1.16201

12.1094 1.16201
12.5 1.16094

12.5 1.16094
12.8906 1.15988

12.8906 1.15988
13.2812 1.15882

13.2812 1.15882
13.6719 1.15779

13.6719 1.15778
14.0625 1.15678

14.0625 1.15678
14.4531 1.15582

14.4531 1.15582
14.8438 1.15491

14.8438 1.1549
15.2344 1.15405

15.2344 1.15405
15.625 1.15326

15.625 1.15326
16.0156 1.15255

16.0156 1.15255
16.4062 1.15192

16.4062 1.15191
16.7969 1.15137

16.7969 1.15137
17.1875 1.15092

17.1875 1.15092
17.5781 1.15056

17.5781 1.15056
17.9688 1.15031

17.9688 1.15031
18.3594 1.15015

18.3594 1.15015
18.75 1.15011

18.75 1.15011
19.1406 1.15016

19.1406 1.15016
19.5312 1.15032

19.5312 1.15032
19.9219 1.15059

19.9219 1.15059
20.3125 1.15095

20.3125 1.15095
20.7031 1.15141

20.7031 1.15141
21.0938 1.15196

21.0938 1.15196
21.4844 1.1526

21.4844 1.1526
21.875 1.15332

21.875 1.15332
22.2656 1.15412

22.2656 1.15412
22.6562 1.15498

22.6562 1.15498
23.0469 1.15589

23.0469 1.1559
23.4375 1.15686

23.4375 1.15686
23.8281 1.15787

23.8281 1.15787
24.2188 1.15891

24.2188 1.15891
24.6094 1.15996

24.6094 1.15997
25 1.16103

25 1.16103
25.3906 1.1621

25.3906 1.1621
25.7812 1.16315

25.7812 1.16316
26.1719 1.16419

26.1719 1.16419
26.5625 1.16519

26.5625 1.1652
26.9531 1.16616

26.9531 1.16616
27.3438 1.16707

27.3438 1.16707
27.7344 1.16793

27.7344 1.16793
28.125 1.16872

28.125 1.16872
28.5156 1.16943

28.5156 1.16943
28.9062 1.17007

28.9062 1.17007
29.2969 1.17061

29.2969 1.17061
29.6875 1.17106

29.6875 1.17107
30.0781 1.17142

30.0781 1.17142
30.4688 1.17168

30.4688 1.17167
30.8594 1.17184

31.6406 1.17181
31.2888 1.17188

31.6406 1.17182
32.0312 1.17166

32.0312 1.17166
32.4219 1.17139

32.4219 1.17139
32.8125 1.17103

32.8125 1.17103
33.2031 1.17057

33.2031 1.17057
33.5938 1.17002

33.5938 1.17001
33.9844 1.16938

33.9844 1.16937
34.375 1.16866

34.375 1.16865
34.7656 1.16786

34.7656 1.16786
35.1562 1.167

35.1562 1.167
35.5469 1.16608

35.5469 1.16608
35.9375 1.16511

35.9375 1.16511
36.3281 1.1641

36.3281 1.1641
36.7188 1.16306

36.7188 1.16306
37.1094 1.162

37.1094 1.16199
37.5 1.16092

37.5 1.16092
37.8906 1.15984

37.8906 1.15984
38.2812 1.15876

38.2812 1.15876
38.6719 1.1577

38.6719 1.1577
39.0625 1.15666

39.0625 1.15665
39.4531 1.15564

39.4531 1.15564
39.8438 1.15465

39.8438 1.15465
40.2344 1.1537

40.2344 1.1537
40.625 1.15278

40.625 1.15278
41.0156 1.1519

41.0156 1.1519
41.4062 1.15105

41.4062 1.15105
41.7969 1.15023

41.7969 1.15023
42.1875 1.14943

42.1875 1.14943
42.5781 1.14864

42.5781 1.14864
42.9688 1.14785

42.9688 1.14785
43.3594 1.14703

43.3594 1.14704
43.75 1.14618

43.75 1.14619
44.1406 1.14528

44.1406 1.14528
44.5312 1.14429

44.5312 1.1443
44.9219 1.1432

44.9219 1.1432
45.3125 1.14198

45.3125 1.14198
45.7031 1.1406

45.7031 1.14061
46.0938 1.13904

46.0938 1.13905
46.4844 1.13728

46.4844 1.13729
46.875 1.13529

46.875 1.1353
47.2656 1.13306

47.2656 1.13306
47.6562 1.13057

47.6562 1.13057
48.0469 1.1278

48.0469 1.1278
48.4375 1.12475

48.4375 1.12475
48.8281 1.12142

48.8281 1.12142
49.2188 1.11782

49.2188 1.11782
49.6094 1.11395

49.6094 1.11395
50 1.10984

50 1.10983
50.3906 1.10549

50.3906 1.10549
50.7812 1.10095

50.7812 1.10095
51.1719 1.09625

51.1719 1.09624
51.5625 1.09141

51.5625 1.0914
51.9531 1.08648

51.9531 1.08647
52.3438 1.08149

52.3438 1.08148
52.7344 1.0765

52.7344 1.07649
53.125 1.07153

53.125 1.07152
53.5156 1.06662

53.5156 1.06661
53.9062 1.06182

53.9062 1.06181
54.2969 1.05714

54.2969 1.05713
54.6875 1.05262

54.6875 1.05262
55.0781 1.04829

55.0781 1.04828
55.4688 1.04415

55.4688 1.04415
55.8594 1.04022

55.8594 1.04022
56.25 1.03652

56.25 1.03651
56.6406 1.03303

56.6406 1.03303
57.0312 1.02977

57.0312 1.02977
57.4219 1.02672

57.4219 1.02672
57.8125 1.02387

57.8125 1.02388
58.2031 1.02123

58.2031 1.02123
58.5938 1.01877

58.5938 1.01877
58.9844 1.01647

58.9844 1.01648
59.375 1.01434

59.375 1.01434
59.7656 1.01234

59.7656 1.01234
60.1562 1.01047

60.1562 1.01048
60.5469 1.00872

60.5469 1.00872
60.9375 1.00707

60.9375 1.00707
61.3281 1.00551

61.3281 1.00551
61.7188 1.00403

61.7188 1.00403
62.1094 1.00263

62.1094 1.00263
62.5 1.00131

62.5 1.00131
62.8906 1.00005

62.8906 1.00005
63.2812 0.998855

63.2812 0.998855
63.6719 0.997729

63.6719 0.997728
64.0625 0.996669

64.0625 0.996668
64.4531 0.995676

64.4531 0.995675
64.8438 0.994754

64.8438 0.994753
65.2344 0.993905

65.2344 0.993904
65.625 0.993132

65.625 0.993132
66.0156 0.99244

66.0156 0.992439
66.4062 0.991831

66.4062 0.991831
66.7969 0.99131

66.7969 0.991309
67.1875 0.990878

67.1875 0.990878
67.5781 0.99054

67.5781 0.990539
67.9688 0.990296

68.5453 0
68.5831 0.390625

68.6837 0.390625
68.5958 0.78125

67.9688 1.01967
68.3594 0.96078

68.3594 1.14523
68.75 0.820581

68.75 0.91179
68.8035 0.78125

