6.64062 1.17181
6.28624 1.17188

6.64062 1.17182
7.03125 1.17166

7.03125 1.17166
7.42188 1.17139

7.42188 1.17139
7.8125 1.17103

7.8125 1.17103
8.20312 1.17057

8.20312 1.17057
8.59375 1.17002

8.59375 1.17001
8.98438 1.16938

8.98438 1.16937
9.375 1.16866

9.375 1.16865
9.76562 1.16786

9.76562 1.16786
10.1562 1.167

10.1562 1.167
10.5469 1.16608

10.5469 1.16608
10.9375 1.16511

10.9375 1.16511
11.3281 1.16411

11.3281 1.1641
11.7188 1.16307

11.7188 1.16307
12.1094 1.16201

12.1094 1.16201
12.5 1.16094

12.5 1.16094
12.8906 1.15988

12.8906 1.15988
13.2812 1.15882

13.2812 1.15882
13.6719 1.15779

13.6719 1.15778
14.0625 1.15678

14.0625 1.15678
14.4531 1.15582

14.4531 1.15582
14.8438 1.15491

14.8438 1.1549
15.2344 1.15405

15.2344 1.15405
15.625 1.15326

15.625 1.15326
16.0156 1.15255

16.0156 1.15255
16.4062 1.15192

16.4062 1.15191
16.7969 1.15137

16.7969 1.15137
17.1875 1.15092

17.1875 1.15092
17.5781 1.15056

17.5781 1.15056
17.9688 1.15031

17.9688 1.15031
18.3594 1.15015

18.3594 1.15015
18.75 1.15011

18.75 1.15011
19.1406 1.15016

19.1406 1.15016
19.5312 1.15032

19.5312 1.15032
19.9219 1.15059

19.9219 1.15059
20.3125 1.15095

20.3125 1.15095
20.7031 1.15141

20.7031 1.15141
21.0938 1.15196

21.0938 1.15196
21.4844 1.1526

21.4844 1.1526
21.875 1.15332

21.875 1.15332
22.2656 1.15411

22.2656 1.15412
22.6562 1.15497

22.6562 1.15498
23.0469 1.15589

23.0469 1.1559
23.4375 1.15686

23.4375 1.15686
23.8281 1.15787

23.8281 1.15787
24.2188 1.1589

24.2188 1.15891
24.6094 1.15996

24.6094 1.15996
25 1.16103

25 1.16103
25.3906 1.1621

25.3906 1.1621
25.7812 1.16315

25.7812 1.16315
26.1719 1.16419

26.1719 1.16419
26.5625 1.16519

26.5625 1.16519
26.9531 1.16616

26.9531 1.16616
27.3438 1.16707

27.3438 1.16707
27.7344 1.16793

27.7344 1.16793
28.125 1.16872

28.125 1.16872
28.5156 1.16943

28.5156 1.16943
28.9062 1.17006

28.9062 1.17007
29.2969 1.17061

29.2969 1.17061
29.6875 1.17106

29.6875 1.17106
30.0781 1.17142

30.0781 1.17142
30.4688 1.17168

30.4688 1.17167
30.8594 1.17183

31.6406 1.17181
31.2856 1.17188

31.6406 1.17182
32.0312 1.17166

32.0312 1.17166
32.4219 1.17139

32.4219 1.17139
32.8125 1.17103

32.8125 1.17103
33.2031 1.17057

33.2031 1.17057
33.5938 1.17002

33.5938 1.17001
33.9844 1.16938

33.9844 1.16937
34.375 1.16865

34.375 1.16865
34.7656 1.16786

34.7656 1.16786
35.1562 1.167

35.1562 1.167
35.5469 1.16608

35.5469 1.16608
35.9375 1.16511

35.9375 1.16511
36.3281 1.16411

36.3281 1.1641
36.7188 1.16307

36.7188 1.16307
37.1094 1.16201

37.1094 1.16201
37.5 1.16094

37.5 1.16094
37.8906 1.15988

37.8906 1.15988
38.2812 1.15882

38.2812 1.15882
38.6719 1.15779

38.6719 1.15778
39.0625 1.15678

39.0625 1.15678
39.4531 1.15581

39.4531 1.15581
39.8438 1.1549

39.8438 1.15489
40.2344 1.15403

40.2344 1.15403
40.625 1.15324

40.625 1.15323
41.0156 1.15251

41.0156 1.15251
41.4062 1.15186

41.4062 1.15186
41.7969 1.15128

41.7969 1.15128
42.1875 1.1508

42.1875 1.1508
42.5781 1.15039

42.5781 1.15039
42.9688 1.15007

42.9688 1.15007
43.3594 1.14983

43.3594 1.14983
43.75 1.14967

43.75 1.14967
44.1406 1.14957

44.1406 1.14958
44.5312 1.14955

44.5312 1.14955
44.9219 1.14957

44.9219 1.14957
45.3125 1.14963

45.3125 1.14963
45.7031 1.14971

45.7031 1.14971
46.0938 1.14979

46.0938 1.1498
46.4844 1.14986

46.4844 1.14987
46.875 1.14989

46.875 1.14989
47.2656 1.14985

47.2656 1.14985
47.6562 1.14971

47.6562 1.14972
48.0469 1.14946

48.0469 1.14946
48.4375 1.14905

48.4375 1.14905
48.8281 1.14845

48.8281 1.14846
49.2188 1.14765

49.2188 1.14766
49.6094 1.14661

49.6094 1.14661
50 1.14529

50 1.1453
50.3906 1.14369

50.3906 1.14369
50.7812 1.14177

50.7812 1.14178
51.1719 1.13953

51.1719 1.13953
51.5625 1.13694

51.5625 1.13694
51.9531 1.134

51.9531 1.134
52.3438 1.13071

52.3438 1.13071
52.7344 1.12708

52.7344 1.12708
53.125 1.12311

53.125 1.12311
53.5156 1.11883

53.5156 1.11883
53.9062 1.11426

53.9062 1.11425
54.2969 1.10942

54.2969 1.10941
54.6875 1.10434

54.6875 1.10433
55.0781 1.09908

55.0781 1.09907
55.4688 1.09366

55.4688 1.09365
55.8594 1.08812

55.8594 1.08811
56.25 1.08252

56.25 1.08251
56.6406 1.07689

56.6406 1.07688
57.0312 1.07128

57.0312 1.07127
57.4219 1.06573

57.4219 1.06572
57.8125 1.06027

57.8125 1.06026
58.2031 1.05494

58.2031 1.05493
58.5938 1.04977

58.5938 1.04976
58.9844 1.04478

58.9844 1.04478
59.375 1.04

59.375 1.04
59.7656 1.03545

59.7656 1.03545
60.1562 1.03113

60.1562 1.03113
60.5469 1.02705

60.5469 1.02705
60.9375 1.02323

60.9375 1.02323
61.3281 1.01965

61.3281 1.01966
61.7188 1.01633

61.7188 1.01633
62.1094 1.01325

62.1094 1.01325
62.5 1.0104

62.5 1.0104
62.8906 1.00779

62.8906 1.00779
63.2812 1.00539

63.2812 1.0054
63.6719 1.00321

63.6719 1.00322
64.0625 1.00124

64.0625 1.00124
64.4531 0.999452

64.4531 0.999454
64.8438 0.997852

64.8438 0.997854
65.2344 0.996427

65.2344 0.996429
65.625 0.99517

65.625 0.995172
66.0156 0.994073

66.0156 0.994075
66.4062 0.99313

66.4062 0.993131
66.7969 0.992333

66.7969 0.992334
67.1875 0.991678

67.1875 0.991679
67.5781 0.991158

67.5781 0.991159
67.9688 0.99077

67.9688 0.990771
68.3594 0.990508

68.3594 0.990509
68.75 0.990367

68.75 0.990368
69.1406 0.990344

69.1406 0.990346
69.5312 0.990434

69.5312 0.990435
69.9219 0.990631

69.9219 0.990633
70.3125 0.990931

70.3125 0.990933
70.7031 0.991328

70.7031 0.99133
71.0938 0.991816

71.0938 0.991818
71.4844 0.992389

71.4844 0.992391
71.875 0.99304

71.875 0.993042
72.2656 0.993762

72.2656 0.993764
72.6562 0.994547

73.3559 0
73.3934 0.390625

73.4375 0.620217
73.392 0.78125

72.6562 0.996893
73.0469 0.993042

73.0469 1.12418
73.4375 0.867479

73.47 0.390625
73.4481 0.78125

73.4375 1.10313
73.606 0.78125

