6.64062 1.17181
6.28687 1.17188

6.64062 1.17182
7.03125 1.17166

7.03125 1.17166
7.42188 1.17139

7.42188 1.17139
7.8125 1.17103

7.8125 1.17103
8.20312 1.17057

8.20312 1.17057
8.59375 1.17002

8.59375 1.17001
8.98438 1.16938

8.98438 1.16937
9.375 1.16866

9.375 1.16865
9.76562 1.16786

9.76562 1.16786
10.1562 1.167

10.1562 1.167
10.5469 1.16608

10.5469 1.16608
10.9375 1.16511

10.9375 1.16511
11.3281 1.16411

11.3281 1.1641
11.7188 1.16307

11.7188 1.16307
12.1094 1.16201

12.1094 1.16201
12.5 1.16094

12.5 1.16094
12.8906 1.15988

12.8906 1.15988
13.2812 1.15882

13.2812 1.15882
13.6719 1.15779

13.6719 1.15778
14.0625 1.15678

14.0625 1.15678
14.4531 1.15582

14.4531 1.15582
14.8438 1.15491

14.8438 1.1549
15.2344 1.15405

15.2344 1.15405
15.625 1.15326

15.625 1.15326
16.0156 1.15255

16.0156 1.15255
16.4062 1.15192

16.4062 1.15191
16.7969 1.15137

16.7969 1.15137
17.1875 1.15092

17.1875 1.15092
17.5781 1.15056

17.5781 1.15056
17.9688 1.15031

17.9688 1.15031
18.3594 1.15015

18.3594 1.15015
18.75 1.15011

18.75 1.15011
19.1406 1.15016

19.1406 1.15016
19.5312 1.15032

19.5312 1.15032
19.9219 1.15059

19.9219 1.15059
20.3125 1.15095

20.3125 1.15095
20.7031 1.15141

20.7031 1.15141
21.0938 1.15196

21.0938 1.15196
21.4844 1.1526

21.4844 1.1526
21.875 1.15332

21.875 1.15332
22.2656 1.15412

22.2656 1.15412
22.6562 1.15498

22.6562 1.15498
23.0469 1.15589

23.0469 1.1559
23.4375 1.15686

23.4375 1.15686
23.8281 1.15787

23.8281 1.15787
24.2188 1.15891

24.2188 1.15891
24.6094 1.15996

24.6094 1.15997
25 1.16103

25 1.16103
25.3906 1.1621

25.3906 1.1621
25.7812 1.16315

25.7812 1.16316
26.1719 1.16419

26.1719 1.16419
26.5625 1.16519

26.5625 1.1652
26.9531 1.16616

26.9531 1.16616
27.3438 1.16707

27.3438 1.16707
27.7344 1.16793

27.7344 1.16793
28.125 1.16872

28.125 1.16872
28.5156 1.16943

28.5156 1.16943
28.9062 1.17007

28.9062 1.17007
29.2969 1.17061

29.2969 1.17061
29.6875 1.17106

29.6875 1.17107
30.0781 1.17142

30.0781 1.17142
30.4688 1.17168

30.4688 1.17167
30.8594 1.17184

31.6406 1.17181
31.2879 1.17188

31.6406 1.17182
32.0312 1.17166

32.0312 1.17166
32.4219 1.17139

32.4219 1.17139
32.8125 1.17103

32.8125 1.17103
33.2031 1.17057

33.2031 1.17057
33.5938 1.17002

33.5938 1.17001
33.9844 1.16938

33.9844 1.16937
34.375 1.16866

34.375 1.16865
34.7656 1.16786

34.7656 1.16786
35.1562 1.167

35.1562 1.167
35.5469 1.16608

35.5469 1.16608
35.9375 1.16511

35.9375 1.16511
36.3281 1.1641

36.3281 1.1641
36.7188 1.16306

36.7188 1.16306
37.1094 1.162

37.1094 1.162
37.5 1.16092

37.5 1.16092
37.8906 1.15984

37.8906 1.15984
38.2812 1.15877

38.2812 1.15877
38.6719 1.15771

38.6719 1.15771
39.0625 1.15667

39.0625 1.15667
39.4531 1.15566

39.4531 1.15566
39.8438 1.15468

39.8438 1.15468
40.2344 1.15373

40.2344 1.15373
40.625 1.15283

40.625 1.15283
41.0156 1.15196

41.0156 1.15196
41.4062 1.15113

41.4062 1.15113
41.7969 1.15033

41.7969 1.15033
42.1875 1.14955

42.1875 1.14956
42.5781 1.1488

42.5781 1.1488
42.9688 1.14804

42.9688 1.14804
43.3594 1.14727

43.3594 1.14728
43.75 1.14647

43.75 1.14648
44.1406 1.14562

44.1406 1.14563
44.5312 1.1447

44.5312 1.14471
44.9219 1.14369

44.9219 1.14369
45.3125 1.14255

45.3125 1.14255
45.7031 1.14126

45.7031 1.14127
46.0938 1.1398

46.0938 1.13981
46.4844 1.13815

46.4844 1.13816
46.875 1.13627

46.875 1.13628
47.2656 1.13416

47.2656 1.13416
47.6562 1.13178

47.6562 1.13178
48.0469 1.12913

48.0469 1.12914
48.4375 1.12621

48.4375 1.12621
48.8281 1.123

48.8281 1.123
49.2188 1.11951

49.2188 1.1195
49.6094 1.11574

49.6094 1.11574
50 1.11172

50 1.11172
50.3906 1.10746

50.3906 1.10746
50.7812 1.10299

50.7812 1.10298
51.1719 1.09834

51.1719 1.09833
51.5625 1.09354

51.5625 1.09353
51.9531 1.08863

51.9531 1.08862
52.3438 1.08365

52.3438 1.08364
52.7344 1.07864

52.7344 1.07863
53.125 1.07364

53.125 1.07363
53.5156 1.06868

53.5156 1.06867
53.9062 1.06381

53.9062 1.0638
54.2969 1.05906

54.2969 1.05905
54.6875 1.05445

54.6875 1.05445
55.0781 1.05002

55.0781 1.05001
55.4688 1.04577

55.4688 1.04577
55.8594 1.04174

55.8594 1.04173
56.25 1.03791

56.25 1.03791
56.6406 1.03431

56.6406 1.03431
57.0312 1.03093

57.0312 1.03093
57.4219 1.02777

57.4219 1.02777
57.8125 1.02481

57.8125 1.02482
58.2031 1.02206

58.2031 1.02207
58.5938 1.0195

58.5938 1.0195
58.9844 1.01712

58.9844 1.01712
59.375 1.01489

59.375 1.0149
59.7656 1.01282

59.7656 1.01282
60.1562 1.01088

60.1562 1.01088
60.5469 1.00906

60.5469 1.00907
60.9375 1.00736

60.9375 1.00736
61.3281 1.00575

61.3281 1.00575
61.7188 1.00423

61.7188 1.00423
62.1094 1.0028

62.1094 1.0028
62.5 1.00144

62.5 1.00144
62.8906 1.00015

62.8906 1.00015
63.2812 0.998941

63.2812 0.998941
63.6719 0.997796

63.6719 0.997796
64.0625 0.996721

64.0625 0.996721
64.4531 0.995717

64.4531 0.995716
64.8438 0.994785

64.8438 0.994785
65.2344 0.993929

65.2344 0.993928
65.625 0.99315

65.625 0.993149
66.0156 0.992453

66.0156 0.992452
66.4062 0.991841

66.4062 0.99184
66.7969 0.991317

66.7969 0.991316
67.1875 0.990883

67.1875 0.990882
67.5781 0.990543

67.5781 0.990543
67.9688 0.990298

68.7334 0
68.75 0.171483

67.9688 0.990298
68.3594 0.99015

68.3594 1.09504
68.75 0.885212

68.75 0.172016
68.7711 0.390625

68.8483 0.390625
68.8074 0.78125

68.75 1.12485
68.9822 0.78125

