6.64062 1.17181
6.28619 1.17188

6.64062 1.17182
7.03125 1.17166

7.03125 1.17166
7.42188 1.17139

7.42188 1.17139
7.8125 1.17103

7.8125 1.17103
8.20312 1.17057

8.20312 1.17057
8.59375 1.17002

8.59375 1.17001
8.98438 1.16938

8.98438 1.16937
9.375 1.16866

9.375 1.16865
9.76562 1.16786

9.76562 1.16786
10.1562 1.167

10.1562 1.167
10.5469 1.16608

10.5469 1.16608
10.9375 1.16511

10.9375 1.16511
11.3281 1.16411

11.3281 1.1641
11.7188 1.16307

11.7188 1.16307
12.1094 1.16201

12.1094 1.16201
12.5 1.16094

12.5 1.16094
12.8906 1.15988

12.8906 1.15988
13.2812 1.15882

13.2812 1.15882
13.6719 1.15779

13.6719 1.15778
14.0625 1.15678

14.0625 1.15678
14.4531 1.15582

14.4531 1.15582
14.8438 1.15491

14.8438 1.1549
15.2344 1.15405

15.2344 1.15405
15.625 1.15326

15.625 1.15326
16.0156 1.15255

16.0156 1.15255
16.4062 1.15192

16.4062 1.15191
16.7969 1.15137

16.7969 1.15137
17.1875 1.15092

17.1875 1.15092
17.5781 1.15056

17.5781 1.15056
17.9688 1.15031

17.9688 1.15031
18.3594 1.15015

18.3594 1.15015
18.75 1.15011

18.75 1.15011
19.1406 1.15016

19.1406 1.15016
19.5312 1.15032

19.5312 1.15032
19.9219 1.15059

19.9219 1.15059
20.3125 1.15095

20.3125 1.15095
20.7031 1.15141

20.7031 1.15141
21.0938 1.15196

21.0938 1.15196
21.4844 1.1526

21.4844 1.1526
21.875 1.15332

21.875 1.15332
22.2656 1.15412

22.2656 1.15412
22.6562 1.15498

22.6562 1.15498
23.0469 1.15589

23.0469 1.1559
23.4375 1.15686

23.4375 1.15686
23.8281 1.15787

23.8281 1.15787
24.2188 1.1589

24.2188 1.15891
24.6094 1.15996

24.6094 1.15996
25 1.16103

25 1.16103
25.3906 1.1621

25.3906 1.1621
25.7812 1.16315

25.7812 1.16316
26.1719 1.16419

26.1719 1.16419
26.5625 1.16519

26.5625 1.1652
26.9531 1.16616

26.9531 1.16616
27.3438 1.16707

27.3438 1.16707
27.7344 1.16793

27.7344 1.16793
28.125 1.16872

28.125 1.16872
28.5156 1.16943

28.5156 1.16943
28.9062 1.17006

28.9062 1.17007
29.2969 1.17061

29.2969 1.17061
29.6875 1.17106

29.6875 1.17107
30.0781 1.17142

30.0781 1.17142
30.4688 1.17168

30.4688 1.17167
30.8594 1.17183

31.6406 1.17181
31.2871 1.17188

31.6406 1.17182
32.0312 1.17166

32.0312 1.17166
32.4219 1.17139

32.4219 1.17139
32.8125 1.17103

32.8125 1.17103
33.2031 1.17057

33.2031 1.17057
33.5938 1.17002

33.5938 1.17001
33.9844 1.16938

33.9844 1.16937
34.375 1.16866

34.375 1.16865
34.7656 1.16786

34.7656 1.16786
35.1562 1.167

35.1562 1.167
35.5469 1.16608

35.5469 1.16608
35.9375 1.16511

35.9375 1.16511
36.3281 1.16411

36.3281 1.1641
36.7188 1.16307

36.7188 1.16307
37.1094 1.16201

37.1094 1.16201
37.5 1.16095

37.5 1.16094
37.8906 1.15988

37.8906 1.15988
38.2812 1.15882

38.2812 1.15882
38.6719 1.15779

38.6719 1.15779
39.0625 1.15678

39.0625 1.15678
39.4531 1.15582

39.4531 1.15582
39.8438 1.15491

39.8438 1.1549
40.2344 1.15405

40.2344 1.15405
40.625 1.15326

40.625 1.15326
41.0156 1.15255

41.0156 1.15254
41.4062 1.15191

41.4062 1.15191
41.7969 1.15136

41.7969 1.15136
42.1875 1.15091

42.1875 1.15091
42.5781 1.15054

42.5781 1.15054
42.9688 1.15028

42.9688 1.15028
43.3594 1.15011

43.3594 1.15011
43.75 1.15005

43.75 1.15005
44.1406 1.15008

44.1406 1.15008
44.5312 1.15021

44.5312 1.15021
44.9219 1.15042

44.9219 1.15043
45.3125 1.15073

45.3125 1.15073
45.7031 1.15111

45.7031 1.15111
46.0938 1.15155

46.0938 1.15156
46.4844 1.15206

46.4844 1.15206
46.875 1.15261

46.875 1.15261
47.2656 1.15318

47.2656 1.15319
47.6562 1.15377

47.6562 1.15377
48.0469 1.15434

48.0469 1.15435
48.4375 1.15489

48.4375 1.1549
48.8281 1.15538

48.8281 1.15539
49.2188 1.1558

49.2188 1.1558
49.6094 1.1561

49.6094 1.15611
50 1.15627

50 1.15628
50.3906 1.15628

50.3906 1.15629
50.7812 1.1561

50.7812 1.1561
51.1719 1.15569

51.1719 1.1557
51.5625 1.15503

51.5625 1.15504
51.9531 1.15409

51.9531 1.1541
52.3438 1.15285

52.3438 1.15286
52.7344 1.15128

52.7344 1.15128
53.125 1.14936

53.125 1.14936
53.5156 1.14708

53.5156 1.14708
53.9062 1.14442

53.9062 1.14442
54.2969 1.14138

54.2969 1.14137
54.6875 1.13795

54.6875 1.13795
55.0781 1.13415

55.0781 1.13415
55.4688 1.12998

55.4688 1.12998
55.8594 1.12547

55.8594 1.12546
56.25 1.12062

56.25 1.12062
56.6406 1.11548

56.6406 1.11548
57.0312 1.11008

57.0312 1.11007
57.4219 1.10445

57.4219 1.10444
57.8125 1.09863

57.8125 1.09862
58.2031 1.09268

58.2031 1.09267
58.5938 1.08663

58.5938 1.08661
58.9844 1.08052

58.9844 1.08051
59.375 1.07442

59.375 1.0744
59.7656 1.06835

59.7656 1.06834
60.1562 1.06237

60.1562 1.06236
60.5469 1.05651

60.5469 1.0565
60.9375 1.05081

60.9375 1.0508
61.3281 1.0453

61.3281 1.04529
61.7188 1.04001

61.7188 1.04001
62.1094 1.03497

62.1094 1.03497
62.5 1.0302

62.5 1.0302
62.8906 1.0257

62.8906 1.0257
63.2812 1.0215

63.2812 1.0215
63.6719 1.0176

63.6719 1.0176
64.0625 1.01399

64.0625 1.01399
64.4531 1.01069

64.4531 1.01069
64.8438 1.00769

64.8438 1.00769
65.2344 1.00498

65.2344 1.00498
65.625 1.00255

65.625 1.00255
66.0156 1.0004

66.0156 1.00041
66.4062 0.998522

66.4062 0.998525
66.7969 0.996894

66.7969 0.996897
67.1875 0.995509

67.1875 0.995513
67.5781 0.994355

67.5781 0.994358
67.9688 0.993417

67.9688 0.99342
68.3594 0.992685

68.3594 0.992688
68.75 0.992145

68.75 0.992148
69.1406 0.991784

69.1406 0.991787
69.5312 0.991592

69.5312 0.991595
69.9219 0.991555

69.9219 0.991558
70.3125 0.991662

70.3125 0.991665
70.7031 0.991901

70.7031 0.991904
71.0938 0.992262

71.0938 0.992264
71.4844 0.992732

71.4844 0.992735
71.875 0.993301

71.875 0.993304
72.2656 0.993958

72.2656 0.993961
72.6562 0.994693

72.6562 0.994695
73.0469 0.995493

73.0469 0.995496
73.4375 0.996349

73.4375 0.996352
73.8281 0.99725

73.8281 0.997253
74.2188 0.998185

74.2188 0.998187
74.6094 0.999143

74.6094 0.999146
75 1.00011

75 1.00012
75.3906 1.00109

75.3906 1.00109
75.7812 1.00206

75.7812 1.00206
76.1719 1.003

76.1719 1.00301
76.5625 1.00393

76.9461 0
76.9531 0.0740467

76.9531 0.0749298
76.9832 0.390625

77.055 0.390625
77.023 0.78125

76.5625 1.10734
76.9531 0.901406

76.9531 1.14707
77.199 0.78125

