6.64062 1.17181
6.28624 1.17188

6.64062 1.17182
7.03125 1.17166

7.03125 1.17166
7.42188 1.17139

7.42188 1.17139
7.8125 1.17103

7.8125 1.17103
8.20312 1.17057

8.20312 1.17057
8.59375 1.17002

8.59375 1.17001
8.98438 1.16938

8.98438 1.16937
9.375 1.16866

9.375 1.16865
9.76562 1.16786

9.76562 1.16786
10.1562 1.167

10.1562 1.167
10.5469 1.16608

10.5469 1.16608
10.9375 1.16511

10.9375 1.16511
11.3281 1.16411

11.3281 1.1641
11.7188 1.16307

11.7188 1.16307
12.1094 1.16201

12.1094 1.16201
12.5 1.16094

12.5 1.16094
12.8906 1.15988

12.8906 1.15988
13.2812 1.15882

13.2812 1.15882
13.6719 1.15779

13.6719 1.15778
14.0625 1.15678

14.0625 1.15678
14.4531 1.15582

14.4531 1.15582
14.8438 1.15491

14.8438 1.1549
15.2344 1.15405

15.2344 1.15405
15.625 1.15326

15.625 1.15326
16.0156 1.15255

16.0156 1.15255
16.4062 1.15192

16.4062 1.15191
16.7969 1.15137

16.7969 1.15137
17.1875 1.15092

17.1875 1.15092
17.5781 1.15056

17.5781 1.15056
17.9688 1.15031

17.9688 1.15031
18.3594 1.15015

18.3594 1.15015
18.75 1.15011

18.75 1.15011
19.1406 1.15016

19.1406 1.15016
19.5312 1.15032

19.5312 1.15032
19.9219 1.15059

19.9219 1.15059
20.3125 1.15095

20.3125 1.15095
20.7031 1.15141

20.7031 1.15141
21.0938 1.15196

21.0938 1.15196
21.4844 1.1526

21.4844 1.1526
21.875 1.15332

21.875 1.15332
22.2656 1.15412

22.2656 1.15412
22.6562 1.15498

22.6562 1.15498
23.0469 1.15589

23.0469 1.1559
23.4375 1.15686

23.4375 1.15686
23.8281 1.15787

23.8281 1.15787
24.2188 1.15891

24.2188 1.15891
24.6094 1.15996

24.6094 1.15996
25 1.16103

25 1.16103
25.3906 1.1621

25.3906 1.1621
25.7812 1.16315

25.7812 1.16316
26.1719 1.16419

26.1719 1.16419
26.5625 1.16519

26.5625 1.1652
26.9531 1.16616

26.9531 1.16616
27.3438 1.16707

27.3438 1.16707
27.7344 1.16793

27.7344 1.16793
28.125 1.16872

28.125 1.16872
28.5156 1.16943

28.5156 1.16943
28.9062 1.17006

28.9062 1.17007
29.2969 1.17061

29.2969 1.17061
29.6875 1.17106

29.6875 1.17107
30.0781 1.17142

30.0781 1.17142
30.4688 1.17168

30.4688 1.17167
30.8594 1.17183

31.6406 1.17181
31.2836 1.17188

31.6406 1.17182
32.0312 1.17166

32.0312 1.17166
32.4219 1.17139

32.4219 1.17139
32.8125 1.17103

32.8125 1.17103
33.2031 1.17057

33.2031 1.17057
33.5938 1.17002

33.5938 1.17001
33.9844 1.16938

33.9844 1.16937
34.375 1.16866

34.375 1.16865
34.7656 1.16786

34.7656 1.16786
35.1562 1.167

35.1562 1.167
35.5469 1.16608

35.5469 1.16608
35.9375 1.16511

35.9375 1.16511
36.3281 1.16411

36.3281 1.1641
36.7188 1.16307

36.7188 1.16307
37.1094 1.16201

37.1094 1.16201
37.5 1.16095

37.5 1.16094
37.8906 1.15988

37.8906 1.15988
38.2812 1.15882

38.2812 1.15882
38.6719 1.15779

38.6719 1.15779
39.0625 1.15678

39.0625 1.15678
39.4531 1.15582

39.4531 1.15582
39.8438 1.1549

39.8438 1.1549
40.2344 1.15405

40.2344 1.15405
40.625 1.15326

40.625 1.15326
41.0156 1.15254

41.0156 1.15254
41.4062 1.1519

41.4062 1.1519
41.7969 1.15135

41.7969 1.15135
42.1875 1.15089

42.1875 1.15089
42.5781 1.15052

42.5781 1.15052
42.9688 1.15024

42.9688 1.15024
43.3594 1.15006

43.3594 1.15006
43.75 1.14997

43.75 1.14997
44.1406 1.14998

44.1406 1.14998
44.5312 1.15007

44.5312 1.15007
44.9219 1.15024

44.9219 1.15025
45.3125 1.15049

45.3125 1.15049
45.7031 1.1508

45.7031 1.1508
46.0938 1.15116

46.0938 1.15117
46.4844 1.15156

46.4844 1.15156
46.875 1.15197

46.875 1.15198
47.2656 1.15239

47.2656 1.1524
47.6562 1.15278

47.6562 1.15279
48.0469 1.15313

48.0469 1.15314
48.4375 1.15341

48.4375 1.15342
48.8281 1.1536

48.8281 1.1536
49.2188 1.15365

49.2188 1.15366
49.6094 1.15356

49.6094 1.15356
50 1.15327

50 1.15328
50.3906 1.15277

50.3906 1.15278
50.7812 1.15203

50.7812 1.15204
51.1719 1.15101

51.1719 1.15102
51.5625 1.1497

51.5625 1.1497
51.9531 1.14806

51.9531 1.14806
52.3438 1.14608

52.3438 1.14608
52.7344 1.14374

52.7344 1.14374
53.125 1.14103

53.125 1.14103
53.5156 1.13795

53.5156 1.13795
53.9062 1.1345

53.9062 1.1345
54.2969 1.13068

54.2969 1.13068
54.6875 1.12651

54.6875 1.1265
55.0781 1.122

55.0781 1.122
55.4688 1.11719

55.4688 1.11718
55.8594 1.11209

55.8594 1.11208
56.25 1.10674

56.25 1.10673
56.6406 1.10119

56.6406 1.10118
57.0312 1.09548

57.0312 1.09546
57.4219 1.08964

57.4219 1.08963
57.8125 1.08372

57.8125 1.08371
58.2031 1.07777

58.2031 1.07776
58.5938 1.07184

58.5938 1.07183
58.9844 1.06596

58.9844 1.06595
59.375 1.06018

59.375 1.06017
59.7656 1.05453

59.7656 1.05452
60.1562 1.04905

60.1562 1.04904
60.5469 1.04376

60.5469 1.04376
60.9375 1.0387

60.9375 1.03869
61.3281 1.03387

61.3281 1.03387
61.7188 1.02931

61.7188 1.0293
62.1094 1.02501

62.1094 1.02501
62.5 1.02099

62.5 1.02099
62.8906 1.01725

62.8906 1.01725
63.2812 1.0138

63.2812 1.0138
63.6719 1.01062

63.6719 1.01062
64.0625 1.00772

64.0625 1.00772
64.4531 1.00509

64.4531 1.00509
64.8438 1.00272

64.8438 1.00272
65.2344 1.0006

65.2344 1.0006
65.625 0.998723

65.625 0.998725
66.0156 0.997076

66.0156 0.997079
66.4062 0.995649

66.4062 0.995652
66.7969 0.994432

66.7969 0.994435
67.1875 0.993413

67.1875 0.993416
67.5781 0.992583

67.5781 0.992585
67.9688 0.99193

67.9688 0.991933
68.3594 0.991446

68.3594 0.991448
68.75 0.991119

68.75 0.991122
69.1406 0.990942

69.1406 0.990945
69.5312 0.990905

69.5312 0.990908
69.9219 0.991

69.9219 0.991002
70.3125 0.991216

70.3125 0.991219
70.7031 0.991547

70.7031 0.991549
71.0938 0.991982

71.0938 0.991984
71.4844 0.992513

71.4844 0.992515
71.875 0.993132

71.875 0.993134
72.2656 0.993828

72.2656 0.993831
72.6562 0.994594

72.6562 0.994596
73.0469 0.995419

73.0469 0.995422
73.4375 0.996294

73.4375 0.996297
73.8281 0.99721

73.8281 0.997212
74.2188 0.998156

74.2188 0.998159
74.6094 0.999123

74.6094 0.999126
75 1.0001

75.5784 0
75.6157 0.390625

75.7102 0.390625
75.6329 0.78125

75 1.02941
75.3906 0.971775

75.3906 1.15995
75.7812 0.82823

75.7812 0.923319
75.8377 0.78125

