6.64062 1.17181
6.28631 1.17188

6.64062 1.17182
7.03125 1.17166

7.03125 1.17166
7.42188 1.17139

7.42188 1.17139
7.8125 1.17103

7.8125 1.17103
8.20312 1.17057

8.20312 1.17057
8.59375 1.17002

8.59375 1.17001
8.98438 1.16938

8.98438 1.16937
9.375 1.16866

9.375 1.16865
9.76562 1.16786

9.76562 1.16786
10.1562 1.167

10.1562 1.167
10.5469 1.16608

10.5469 1.16608
10.9375 1.16511

10.9375 1.16511
11.3281 1.16411

11.3281 1.1641
11.7188 1.16307

11.7188 1.16307
12.1094 1.16201

12.1094 1.16201
12.5 1.16094

12.5 1.16094
12.8906 1.15988

12.8906 1.15988
13.2812 1.15882

13.2812 1.15882
13.6719 1.15779

13.6719 1.15778
14.0625 1.15678

14.0625 1.15678
14.4531 1.15582

14.4531 1.15582
14.8438 1.15491

14.8438 1.1549
15.2344 1.15405

15.2344 1.15405
15.625 1.15326

15.625 1.15326
16.0156 1.15255

16.0156 1.15255
16.4062 1.15192

16.4062 1.15191
16.7969 1.15137

16.7969 1.15137
17.1875 1.15092

17.1875 1.15092
17.5781 1.15056

17.5781 1.15056
17.9688 1.15031

17.9688 1.15031
18.3594 1.15015

18.3594 1.15015
18.75 1.15011

18.75 1.15011
19.1406 1.15016

19.1406 1.15016
19.5312 1.15032

19.5312 1.15032
19.9219 1.15059

19.9219 1.15059
20.3125 1.15095

20.3125 1.15095
20.7031 1.15141

20.7031 1.15141
21.0938 1.15196

21.0938 1.15196
21.4844 1.1526

21.4844 1.1526
21.875 1.15332

21.875 1.15332
22.2656 1.15412

22.2656 1.15412
22.6562 1.15498

22.6562 1.15498
23.0469 1.15589

23.0469 1.1559
23.4375 1.15686

23.4375 1.15686
23.8281 1.15787

23.8281 1.15787
24.2188 1.15891

24.2188 1.15891
24.6094 1.15996

24.6094 1.15997
25 1.16103

25 1.16103
25.3906 1.1621

25.3906 1.1621
25.7812 1.16315

25.7812 1.16316
26.1719 1.16419

26.1719 1.16419
26.5625 1.16519

26.5625 1.1652
26.9531 1.16616

26.9531 1.16616
27.3438 1.16707

27.3438 1.16707
27.7344 1.16793

27.7344 1.16793
28.125 1.16872

28.125 1.16872
28.5156 1.16943

28.5156 1.16943
28.9062 1.17007

28.9062 1.17007
29.2969 1.17061

29.2969 1.17061
29.6875 1.17107

29.6875 1.17107
30.0781 1.17142

30.0781 1.17142
30.4688 1.17168

30.4688 1.17167
30.8594 1.17184

31.6406 1.17181
31.2865 1.17188

31.6406 1.17182
32.0312 1.17166

32.0312 1.17166
32.4219 1.17139

32.4219 1.17139
32.8125 1.17103

32.8125 1.17103
33.2031 1.17057

33.2031 1.17057
33.5938 1.17002

33.5938 1.17002
33.9844 1.16938

33.9844 1.16938
34.375 1.16866

34.375 1.16865
34.7656 1.16786

34.7656 1.16786
35.1562 1.167

35.1562 1.167
35.5469 1.16608

35.5469 1.16608
35.9375 1.16511

35.9375 1.16511
36.3281 1.16411

36.3281 1.1641
36.7188 1.16307

36.7188 1.16307
37.1094 1.16201

37.1094 1.16201
37.5 1.16094

37.5 1.16094
37.8906 1.15986

37.8906 1.15986
38.2812 1.1588

38.2812 1.1588
38.6719 1.15775

38.6719 1.15775
39.0625 1.15673

39.0625 1.15673
39.4531 1.15574

39.4531 1.15574
39.8438 1.15479

39.8438 1.15479
40.2344 1.15388

40.2344 1.15388
40.625 1.15302

40.625 1.15302
41.0156 1.15222

41.0156 1.15222
41.4062 1.15147

41.4062 1.15147
41.7969 1.15076

41.7969 1.15077
42.1875 1.15011

42.1875 1.15011
42.5781 1.1495

42.5781 1.1495
42.9688 1.14892

42.9688 1.14892
43.3594 1.14836

43.3594 1.14836
43.75 1.14781

43.75 1.14781
44.1406 1.14725

44.1406 1.14725
44.5312 1.14666

44.5312 1.14666
44.9219 1.14601

44.9219 1.14602
45.3125 1.1453

45.3125 1.14531
45.7031 1.14448

45.7031 1.14449
46.0938 1.14354

46.0938 1.14355
46.4844 1.14245

46.4844 1.14246
46.875 1.14117

46.875 1.14118
47.2656 1.13969

47.2656 1.1397
47.6562 1.13798

47.6562 1.13798
48.0469 1.13601

48.0469 1.13602
48.4375 1.13378

48.4375 1.13378
48.8281 1.13126

48.8281 1.13126
49.2188 1.12844

49.2188 1.12844
49.6094 1.12532

49.6094 1.12532
50 1.12191

50 1.12191
50.3906 1.11821

50.3906 1.1182
50.7812 1.11423

50.7812 1.11422
51.1719 1.10999

51.1719 1.10998
51.5625 1.10552

51.5625 1.10552
51.9531 1.10085

51.9531 1.10085
52.3438 1.09602

52.3438 1.09601
52.7344 1.09105

52.7344 1.09104
53.125 1.08599

53.125 1.08598
53.5156 1.08087

53.5156 1.08086
53.9062 1.07575

53.9062 1.07574
54.2969 1.07066

54.2969 1.07065
54.6875 1.06563

54.6875 1.06562
55.0781 1.06071

55.0781 1.0607
55.4688 1.05591

55.4688 1.05591
55.8594 1.05128

55.8594 1.05127
56.25 1.04682

56.25 1.04682
56.6406 1.04256

56.6406 1.04256
57.0312 1.03851

57.0312 1.03851
57.4219 1.03468

57.4219 1.03468
57.8125 1.03107

57.8125 1.03107
58.2031 1.02768

58.2031 1.02768
58.5938 1.02451

58.5938 1.02451
58.9844 1.02154

58.9844 1.02154
59.375 1.01877

59.375 1.01878
59.7656 1.0162

59.7656 1.0162
60.1562 1.0138

60.1562 1.0138
60.5469 1.01156

60.5469 1.01157
60.9375 1.00948

60.9375 1.00948
61.3281 1.00754

61.3281 1.00754
61.7188 1.00573

61.7188 1.00573
62.1094 1.00404

62.1094 1.00404
62.5 1.00246

62.5 1.00247
62.8906 1.00099

62.8906 1.00099
63.2812 0.999618

63.2812 0.999619
63.6719 0.99834

63.6719 0.998341
64.0625 0.997154

64.0625 0.997154
64.4531 0.996058

64.4531 0.996058
64.8438 0.995051

64.8438 0.995051
65.2344 0.994134

65.2344 0.994134
65.625 0.993307

65.625 0.993307
66.0156 0.992572

66.0156 0.992572
66.4062 0.991929

66.4062 0.991929
66.7969 0.991382

66.7969 0.991381
67.1875 0.99093

67.1875 0.99093
67.5781 0.990576

67.5781 0.990576
67.9688 0.990321

67.9688 0.990321
68.3594 0.990166

68.3594 0.990166
68.75 0.99011

68.75 0.99011
69.1406 0.990153

69.1406 0.993072
69.5312 0.987374

69.8344 0
69.8722 0.390625

69.9219 0.605262
69.87 0.78125

69.9526 0.390625
69.9284 0.78125

69.5312 1.11955
69.9219 0.861272

69.9219 1.0918
70.084 0.78125

