6.64062 1.17181
6.28635 1.17188

6.64062 1.17182
7.03125 1.17166

7.03125 1.17166
7.42188 1.17139

7.42188 1.17139
7.8125 1.17103

7.8125 1.17103
8.20312 1.17057

8.20312 1.17057
8.59375 1.17002

8.59375 1.17001
8.98438 1.16938

8.98438 1.16937
9.375 1.16866

9.375 1.16865
9.76562 1.16786

9.76562 1.16786
10.1562 1.167

10.1562 1.167
10.5469 1.16608

10.5469 1.16608
10.9375 1.16511

10.9375 1.16511
11.3281 1.16411

11.3281 1.1641
11.7188 1.16307

11.7188 1.16307
12.1094 1.16201

12.1094 1.16201
12.5 1.16094

12.5 1.16094
12.8906 1.15988

12.8906 1.15988
13.2812 1.15882

13.2812 1.15882
13.6719 1.15779

13.6719 1.15778
14.0625 1.15678

14.0625 1.15678
14.4531 1.15582

14.4531 1.15582
14.8438 1.15491

14.8438 1.1549
15.2344 1.15405

15.2344 1.15405
15.625 1.15326

15.625 1.15326
16.0156 1.15255

16.0156 1.15255
16.4062 1.15192

16.4062 1.15191
16.7969 1.15137

16.7969 1.15137
17.1875 1.15092

17.1875 1.15092
17.5781 1.15056

17.5781 1.15056
17.9688 1.15031

17.9688 1.15031
18.3594 1.15015

18.3594 1.15015
18.75 1.15011

18.75 1.15011
19.1406 1.15016

19.1406 1.15016
19.5312 1.15032

19.5312 1.15032
19.9219 1.15059

19.9219 1.15059
20.3125 1.15095

20.3125 1.15095
20.7031 1.15141

20.7031 1.15141
21.0938 1.15196

21.0938 1.15196
21.4844 1.1526

21.4844 1.1526
21.875 1.15332

21.875 1.15332
22.2656 1.15412

22.2656 1.15412
22.6562 1.15498

22.6562 1.15498
23.0469 1.15589

23.0469 1.1559
23.4375 1.15686

23.4375 1.15686
23.8281 1.15787

23.8281 1.15787
24.2188 1.15891

24.2188 1.15891
24.6094 1.15996

24.6094 1.15996
25 1.16103

25 1.16103
25.3906 1.1621

25.3906 1.1621
25.7812 1.16315

25.7812 1.16316
26.1719 1.16419

26.1719 1.16419
26.5625 1.16519

26.5625 1.1652
26.9531 1.16616

26.9531 1.16616
27.3438 1.16707

27.3438 1.16707
27.7344 1.16793

27.7344 1.16793
28.125 1.16872

28.125 1.16872
28.5156 1.16943

28.5156 1.16943
28.9062 1.17007

28.9062 1.17007
29.2969 1.17061

29.2969 1.17061
29.6875 1.17106

29.6875 1.17107
30.0781 1.17142

30.0781 1.17142
30.4688 1.17168

30.4688 1.17167
30.8594 1.17184

31.6406 1.17181
31.2862 1.17188

31.6406 1.17182
32.0312 1.17166

32.0312 1.17166
32.4219 1.17139

32.4219 1.17139
32.8125 1.17103

32.8125 1.17103
33.2031 1.17057

33.2031 1.17057
33.5938 1.17002

33.5938 1.17002
33.9844 1.16938

33.9844 1.16938
34.375 1.16866

34.375 1.16865
34.7656 1.16786

34.7656 1.16786
35.1562 1.167

35.1562 1.167
35.5469 1.16608

35.5469 1.16608
35.9375 1.16512

35.9375 1.16511
36.3281 1.16411

36.3281 1.16411
36.7188 1.16307

36.7188 1.16307
37.1094 1.16201

37.1094 1.16201
37.5 1.16094

37.5 1.16094
37.8906 1.15987

37.8906 1.15987
38.2812 1.15881

38.2812 1.15881
38.6719 1.15777

38.6719 1.15777
39.0625 1.15676

39.0625 1.15676
39.4531 1.15578

39.4531 1.15578
39.8438 1.15485

39.8438 1.15485
40.2344 1.15397

40.2344 1.15397
40.625 1.15314

40.625 1.15314
41.0156 1.15238

41.0156 1.15238
41.4062 1.15168

41.4062 1.15168
41.7969 1.15105

41.7969 1.15105
42.1875 1.15048

42.1875 1.15048
42.5781 1.14997

42.5781 1.14997
42.9688 1.14952

42.9688 1.14952
43.3594 1.14912

43.3594 1.14912
43.75 1.14876

43.75 1.14876
44.1406 1.14842

44.1406 1.14843
44.5312 1.1481

44.5312 1.1481
44.9219 1.14777

44.9219 1.14777
45.3125 1.14741

45.3125 1.14741
45.7031 1.147

45.7031 1.147
46.0938 1.14651

46.0938 1.14652
46.4844 1.14592

46.4844 1.14593
46.875 1.1452

46.875 1.14521
47.2656 1.14432

47.2656 1.14433
47.6562 1.14326

47.6562 1.14326
48.0469 1.14198

48.0469 1.14198
48.4375 1.14046

48.4375 1.14046
48.8281 1.13867

48.8281 1.13868
49.2188 1.1366

49.2188 1.13661
49.6094 1.13424

49.6094 1.13424
50 1.13156

50 1.13156
50.3906 1.12856

50.3906 1.12856
50.7812 1.12525

50.7812 1.12525
51.1719 1.12163

51.1719 1.12163
51.5625 1.11771

51.5625 1.1177
51.9531 1.11351

51.9531 1.1135
52.3438 1.10905

52.3438 1.10904
52.7344 1.10436

52.7344 1.10435
53.125 1.09948

53.125 1.09947
53.5156 1.09443

53.5156 1.09442
53.9062 1.08927

53.9062 1.08926
54.2969 1.08403

54.2969 1.08402
54.6875 1.07876

54.6875 1.07875
55.0781 1.07348

55.0781 1.07348
55.4688 1.06826

55.4688 1.06825
55.8594 1.06311

55.8594 1.0631
56.25 1.05807

56.25 1.05806
56.6406 1.05318

56.6406 1.05317
57.0312 1.04845

57.0312 1.04845
57.4219 1.04392

57.4219 1.04391
57.8125 1.03959

57.8125 1.03958
58.2031 1.03547

58.2031 1.03547
58.5938 1.03158

58.5938 1.03158
58.9844 1.02792

58.9844 1.02792
59.375 1.02448

59.375 1.02448
59.7656 1.02126

59.7656 1.02126
60.1562 1.01826

60.1562 1.01826
60.5469 1.01546

60.5469 1.01546
60.9375 1.01286

60.9375 1.01287
61.3281 1.01045

61.3281 1.01045
61.7188 1.00822

61.7188 1.00822
62.1094 1.00615

62.1094 1.00615
62.5 1.00424

62.5 1.00424
62.8906 1.00247

62.8906 1.00247
63.2812 1.00084

63.2812 1.00085
63.6719 0.999348

63.6719 0.999349
64.0625 0.997975

64.0625 0.997976
64.4531 0.996721

64.4531 0.996722
64.8438 0.995583

64.8438 0.995583
65.2344 0.994556

65.2344 0.994557
65.625 0.993639

65.625 0.99364
66.0156 0.992831

66.0156 0.992831
66.4062 0.992129

66.4062 0.992129
66.7969 0.991534

66.7969 0.991534
67.1875 0.991045

67.1875 0.991045
67.5781 0.990662

67.5781 0.990662
67.9688 0.990384

67.9688 0.990384
68.3594 0.990211

68.3594 0.990211
68.75 0.990141

68.75 0.990142
69.1406 0.990174

69.1406 0.990175
69.5312 0.990308

69.5312 0.990309
69.9219 0.990539

69.9219 0.99054
70.3125 0.990865

71.0416 0
71.0793 0.390625

71.0938 0.724964
71.0756 0.78125

70.3125 0.991194
70.7031 0.990954

70.7031 1.10986
71.0938 0.873206

71.1529 0.390625
71.1213 0.78125

71.0938 1.11495
71.2899 0.78125

