6.64062 1.17181
6.28673 1.17188

6.64062 1.17182
7.03125 1.17166

7.03125 1.17166
7.42188 1.17139

7.42188 1.17139
7.8125 1.17103

7.8125 1.17103
8.20312 1.17057

8.20312 1.17057
8.59375 1.17002

8.59375 1.17001
8.98438 1.16938

8.98438 1.16937
9.375 1.16866

9.375 1.16865
9.76562 1.16786

9.76562 1.16786
10.1562 1.167

10.1562 1.167
10.5469 1.16608

10.5469 1.16608
10.9375 1.16511

10.9375 1.16511
11.3281 1.16411

11.3281 1.1641
11.7188 1.16307

11.7188 1.16307
12.1094 1.16201

12.1094 1.16201
12.5 1.16094

12.5 1.16094
12.8906 1.15988

12.8906 1.15988
13.2812 1.15882

13.2812 1.15882
13.6719 1.15779

13.6719 1.15778
14.0625 1.15678

14.0625 1.15678
14.4531 1.15582

14.4531 1.15582
14.8438 1.15491

14.8438 1.1549
15.2344 1.15405

15.2344 1.15405
15.625 1.15326

15.625 1.15326
16.0156 1.15255

16.0156 1.15255
16.4062 1.15192

16.4062 1.15191
16.7969 1.15137

16.7969 1.15137
17.1875 1.15092

17.1875 1.15092
17.5781 1.15056

17.5781 1.15056
17.9688 1.15031

17.9688 1.15031
18.3594 1.15015

18.3594 1.15015
18.75 1.15011

18.75 1.15011
19.1406 1.15016

19.1406 1.15016
19.5312 1.15032

19.5312 1.15032
19.9219 1.15059

19.9219 1.15059
20.3125 1.15095

20.3125 1.15095
20.7031 1.15141

20.7031 1.15141
21.0938 1.15196

21.0938 1.15196
21.4844 1.1526

21.4844 1.1526
21.875 1.15332

21.875 1.15332
22.2656 1.15412

22.2656 1.15412
22.6562 1.15498

22.6562 1.15498
23.0469 1.15589

23.0469 1.1559
23.4375 1.15686

23.4375 1.15686
23.8281 1.15787

23.8281 1.15787
24.2188 1.15891

24.2188 1.15891
24.6094 1.15996

24.6094 1.15997
25 1.16103

25 1.16103
25.3906 1.1621

25.3906 1.1621
25.7812 1.16315

25.7812 1.16316
26.1719 1.16419

26.1719 1.16419
26.5625 1.1652

26.5625 1.1652
26.9531 1.16616

26.9531 1.16616
27.3438 1.16707

27.3438 1.16708
27.7344 1.16793

27.7344 1.16793
28.125 1.16872

28.125 1.16872
28.5156 1.16943

28.5156 1.16944
28.9062 1.17007

28.9062 1.17007
29.2969 1.17061

29.2969 1.17061
29.6875 1.17107

29.6875 1.17107
30.0781 1.17142

30.0781 1.17142
30.4688 1.17167

30.4688 1.17167
30.8594 1.17182

30.8594 1.17182
31.25 1.17186

31.25 1.17186
31.6406 1.17179

31.6406 1.17179
32.0312 1.17161

32.0312 1.17161
32.4219 1.17132

32.4219 1.17132
32.8125 1.17091

32.8125 1.17091
33.2031 1.1704

33.2031 1.1704
33.5938 1.16976

33.5938 1.16977
33.9844 1.16902

33.9844 1.16902
34.375 1.16815

34.375 1.16815
34.7656 1.16716

34.7656 1.16716
35.1562 1.16604

35.1562 1.16604
35.5469 1.16479

35.5469 1.16479
35.9375 1.16339

35.9375 1.16339
36.3281 1.16184

36.3281 1.16184
36.7188 1.16012

36.7188 1.16012
37.1094 1.15821

37.1094 1.15822
37.5 1.15611

37.5 1.15611
37.8906 1.15379

37.8906 1.1538
38.2812 1.15124

38.2812 1.15124
38.6719 1.14843

38.6719 1.14843
39.0625 1.14535

39.0625 1.14536
39.4531 1.142

39.4531 1.142
39.8438 1.13834

39.8438 1.13834
40.2344 1.13438

40.2344 1.13438
40.625 1.13012

40.625 1.13012
41.0156 1.12555

41.0156 1.12555
41.4062 1.12069

41.4062 1.12069
41.7969 1.11555

41.7969 1.11555
42.1875 1.11016

42.1875 1.11015
42.5781 1.10454

42.5781 1.10453
42.9688 1.09874

42.9688 1.09873
43.3594 1.09279

43.3594 1.09278
43.75 1.08675

43.75 1.08674
44.1406 1.08067

44.1406 1.08065
44.5312 1.07459

44.5312 1.07458
44.9219 1.06859

44.9219 1.06858
45.3125 1.06271

45.3125 1.06269
45.7031 1.057

45.7031 1.05699
46.0938 1.05152

46.0938 1.05151
46.4844 1.04632

46.4844 1.04631
46.875 1.04142

46.875 1.04141
47.2656 1.03687

47.2656 1.03687
47.6562 1.03269

47.6562 1.03268
48.0469 1.02889

48.0469 1.02889
48.4375 1.02549

48.4375 1.02549
48.8281 1.02248

48.8281 1.02249
49.2188 1.01987

49.2188 1.01987
49.6094 1.01763

49.6094 1.01763
50 1.01575

50 1.01575
50.3906 1.0142

50.3906 1.01421
50.7812 1.01296

50.7812 1.01297
51.1719 1.01199

51.1719 1.012
51.5625 1.01127

51.5625 1.01128
51.9531 1.01076

51.9531 1.01077
52.3438 1.01043

52.3438 1.01043
52.7344 1.01023

52.7344 1.01024
53.125 1.01015

53.125 1.01015
53.5156 1.01014

53.5156 1.01015
53.9062 1.01019

53.9062 1.0102
54.2969 1.01027

54.2969 1.01027
54.6875 1.01035

54.6875 1.01035
55.0781 1.01041

55.0781 1.01042
55.4688 1.01045

55.4688 1.01045
55.8594 1.01044

55.8594 1.01044
56.25 1.01037

56.25 1.01037
56.6406 1.01023

56.6406 1.01024
57.0312 1.01003

57.0312 1.01003
57.4219 1.00974

57.4219 1.00974
57.8125 1.00938

57.8125 1.00938
58.2031 1.00894

58.2031 1.00894
58.5938 1.00843

59.1318 0
59.1689 0.390625

59.2555 0.390625
59.1937 0.78125

58.5938 1.05153
58.9844 0.964722

59.375 0.796983
58.9866 1.17188

59.375 0.843792
59.3982 0.78125

