6.64062 1.17181
6.28654 1.17188

6.64062 1.17182
7.03125 1.17166

7.03125 1.17166
7.42188 1.17139

7.42188 1.17139
7.8125 1.17103

7.8125 1.17103
8.20312 1.17057

8.20312 1.17057
8.59375 1.17002

8.59375 1.17001
8.98438 1.16938

8.98438 1.16937
9.375 1.16866

9.375 1.16865
9.76562 1.16786

9.76562 1.16786
10.1562 1.167

10.1562 1.167
10.5469 1.16608

10.5469 1.16608
10.9375 1.16511

10.9375 1.16511
11.3281 1.16411

11.3281 1.1641
11.7188 1.16307

11.7188 1.16307
12.1094 1.16201

12.1094 1.16201
12.5 1.16094

12.5 1.16094
12.8906 1.15988

12.8906 1.15988
13.2812 1.15882

13.2812 1.15882
13.6719 1.15779

13.6719 1.15778
14.0625 1.15678

14.0625 1.15678
14.4531 1.15582

14.4531 1.15582
14.8438 1.15491

14.8438 1.1549
15.2344 1.15405

15.2344 1.15405
15.625 1.15326

15.625 1.15326
16.0156 1.15255

16.0156 1.15255
16.4062 1.15192

16.4062 1.15191
16.7969 1.15137

16.7969 1.15137
17.1875 1.15092

17.1875 1.15092
17.5781 1.15056

17.5781 1.15056
17.9688 1.15031

17.9688 1.15031
18.3594 1.15015

18.3594 1.15015
18.75 1.15011

18.75 1.15011
19.1406 1.15016

19.1406 1.15016
19.5312 1.15032

19.5312 1.15032
19.9219 1.15059

19.9219 1.15059
20.3125 1.15095

20.3125 1.15095
20.7031 1.15141

20.7031 1.15141
21.0938 1.15196

21.0938 1.15196
21.4844 1.1526

21.4844 1.1526
21.875 1.15332

21.875 1.15332
22.2656 1.15412

22.2656 1.15412
22.6562 1.15498

22.6562 1.15498
23.0469 1.15589

23.0469 1.1559
23.4375 1.15686

23.4375 1.15686
23.8281 1.15787

23.8281 1.15787
24.2188 1.15891

24.2188 1.15891
24.6094 1.15996

24.6094 1.15997
25 1.16103

25 1.16103
25.3906 1.1621

25.3906 1.1621
25.7812 1.16315

25.7812 1.16316
26.1719 1.16419

26.1719 1.16419
26.5625 1.1652

26.5625 1.1652
26.9531 1.16616

26.9531 1.16616
27.3438 1.16707

27.3438 1.16708
27.7344 1.16793

27.7344 1.16793
28.125 1.16872

28.125 1.16872
28.5156 1.16943

28.5156 1.16944
28.9062 1.17007

28.9062 1.17007
29.2969 1.17061

29.2969 1.17062
29.6875 1.17107

29.6875 1.17107
30.0781 1.17142

30.0781 1.17142
30.4688 1.17167

30.4688 1.17168
30.8594 1.17182

30.8594 1.17182
31.25 1.17187

31.25 1.17187
31.6406 1.1718

31.6406 1.1718
32.0312 1.17162

32.0312 1.17162
32.4219 1.17134

32.4219 1.17134
32.8125 1.17094

32.8125 1.17094
33.2031 1.17044

33.2031 1.17044
33.5938 1.16982

33.5938 1.16982
33.9844 1.1691

33.9844 1.1691
34.375 1.16826

34.375 1.16826
34.7656 1.16731

34.7656 1.16731
35.1562 1.16624

35.1562 1.16624
35.5469 1.16504

35.5469 1.16505
35.9375 1.16372

35.9375 1.16372
36.3281 1.16226

36.3281 1.16226
36.7188 1.16065

36.7188 1.16065
37.1094 1.15887

37.1094 1.15888
37.5 1.15692

37.5 1.15693
37.8906 1.15478

37.8906 1.15478
38.2812 1.15242

38.2812 1.15242
38.6719 1.14983

38.6719 1.14984
39.0625 1.147

39.0625 1.14701
39.4531 1.14391

39.4531 1.14391
39.8438 1.14054

39.8438 1.14054
40.2344 1.13688

40.2344 1.13689
40.625 1.13293

40.625 1.13293
41.0156 1.12868

41.0156 1.12868
41.4062 1.12414

41.4062 1.12414
41.7969 1.11932

41.7969 1.11931
42.1875 1.11422

42.1875 1.11422
42.5781 1.10889

42.5781 1.10888
42.9688 1.10334

42.9688 1.10333
43.3594 1.09761

43.3594 1.0976
43.75 1.09176

43.75 1.09174
44.1406 1.08581

44.1406 1.0858
44.5312 1.07983

44.5312 1.07982
44.9219 1.07387

44.9219 1.07386
45.3125 1.06799

45.3125 1.06797
45.7031 1.06223

45.7031 1.06222
46.0938 1.05665

46.0938 1.05664
46.4844 1.0513

46.4844 1.05129
46.875 1.04622

46.875 1.04621
47.2656 1.04145

47.2656 1.04144
47.6562 1.03701

47.6562 1.03701
48.0469 1.03294

48.0469 1.03294
48.4375 1.02925

48.4375 1.02925
48.8281 1.02594

48.8281 1.02594
49.2188 1.02302

49.2188 1.02302
49.6094 1.02047

49.6094 1.02048
50 1.01829

50 1.0183
50.3906 1.01645

50.3906 1.01646
50.7812 1.01494

50.7812 1.01495
51.1719 1.01372

51.1719 1.01373
51.5625 1.01276

51.5625 1.01277
51.9531 1.01203

51.9531 1.01204
52.3438 1.0115

52.3438 1.01151
52.7344 1.01113

52.7344 1.01114
53.125 1.01089

53.125 1.0109
53.5156 1.01075

53.5156 1.01076
53.9062 1.01069

53.9062 1.0107
54.2969 1.01067

54.2969 1.01067
54.6875 1.01067

54.6875 1.01067
55.0781 1.01066

55.0781 1.01067
55.4688 1.01064

55.4688 1.01065
55.8594 1.01059

55.8594 1.01059
56.25 1.01048

56.25 1.01048
56.6406 1.01032

56.6406 1.01032
57.0312 1.01009

57.0312 1.01009
57.4219 1.00979

57.4219 1.00979
57.8125 1.00941

57.8125 1.00941
58.2031 1.00896

58.2031 1.00896
58.5938 1.00844

58.5938 1.00844
58.9844 1.00784

58.9844 1.03934
59.375 0.97567

59.5558 0
59.5931 0.390625

59.6837 0.390625
59.6143 0.78125

59.375 1.1691
59.7656 0.82569

59.7656 0.915602
59.8177 0.78125

