6.64062 1.17181
6.28631 1.17188

6.64062 1.17182
7.03125 1.17166

7.03125 1.17166
7.42188 1.17139

7.42188 1.17139
7.8125 1.17103

7.8125 1.17103
8.20312 1.17057

8.20312 1.17057
8.59375 1.17002

8.59375 1.17001
8.98438 1.16938

8.98438 1.16937
9.375 1.16866

9.375 1.16865
9.76562 1.16786

9.76562 1.16786
10.1562 1.167

10.1562 1.167
10.5469 1.16608

10.5469 1.16608
10.9375 1.16511

10.9375 1.16511
11.3281 1.16411

11.3281 1.1641
11.7188 1.16307

11.7188 1.16307
12.1094 1.16201

12.1094 1.16201
12.5 1.16094

12.5 1.16094
12.8906 1.15988

12.8906 1.15988
13.2812 1.15882

13.2812 1.15882
13.6719 1.15779

13.6719 1.15778
14.0625 1.15678

14.0625 1.15678
14.4531 1.15582

14.4531 1.15582
14.8438 1.15491

14.8438 1.1549
15.2344 1.15405

15.2344 1.15405
15.625 1.15326

15.625 1.15326
16.0156 1.15255

16.0156 1.15255
16.4062 1.15192

16.4062 1.15191
16.7969 1.15137

16.7969 1.15137
17.1875 1.15092

17.1875 1.15092
17.5781 1.15056

17.5781 1.15056
17.9688 1.15031

17.9688 1.15031
18.3594 1.15015

18.3594 1.15015
18.75 1.15011

18.75 1.15011
19.1406 1.15016

19.1406 1.15016
19.5312 1.15032

19.5312 1.15032
19.9219 1.15059

19.9219 1.15059
20.3125 1.15095

20.3125 1.15095
20.7031 1.15141

20.7031 1.15141
21.0938 1.15196

21.0938 1.15196
21.4844 1.1526

21.4844 1.1526
21.875 1.15332

21.875 1.15332
22.2656 1.15411

22.2656 1.15412
22.6562 1.15498

22.6562 1.15498
23.0469 1.15589

23.0469 1.1559
23.4375 1.15686

23.4375 1.15686
23.8281 1.15787

23.8281 1.15787
24.2188 1.1589

24.2188 1.15891
24.6094 1.15996

24.6094 1.15996
25 1.16103

25 1.16103
25.3906 1.1621

25.3906 1.1621
25.7812 1.16315

25.7812 1.16315
26.1719 1.16419

26.1719 1.16419
26.5625 1.16519

26.5625 1.1652
26.9531 1.16616

26.9531 1.16616
27.3438 1.16707

27.3438 1.16707
27.7344 1.16793

27.7344 1.16793
28.125 1.16872

28.125 1.16872
28.5156 1.16943

28.5156 1.16943
28.9062 1.17007

28.9062 1.17007
29.2969 1.17061

29.2969 1.17061
29.6875 1.17107

29.6875 1.17107
30.0781 1.17142

30.0781 1.17142
30.4688 1.17168

30.4688 1.17167
30.8594 1.17184

31.6406 1.17181
31.2859 1.17188

31.6406 1.17182
32.0312 1.17166

32.0312 1.17166
32.4219 1.17139

32.4219 1.17139
32.8125 1.17103

32.8125 1.17103
33.2031 1.17057

33.2031 1.17057
33.5938 1.17001

33.5938 1.17001
33.9844 1.16937

33.9844 1.16937
34.375 1.16865

34.375 1.16865
34.7656 1.16785

34.7656 1.16785
35.1562 1.16698

35.1562 1.16697
35.5469 1.16604

35.5469 1.16604
35.9375 1.16505

35.9375 1.16505
36.3281 1.16401

36.3281 1.16401
36.7188 1.16293

36.7188 1.16293
37.1094 1.16182

37.1094 1.16182
37.5 1.16067

37.5 1.16067
37.8906 1.15949

37.8906 1.15949
38.2812 1.15829

38.2812 1.15829
38.6719 1.15707

38.6719 1.15707
39.0625 1.15582

39.0625 1.15582
39.4531 1.15455

39.4531 1.15455
39.8438 1.15324

39.8438 1.15324
40.2344 1.15188

40.2344 1.15189
40.625 1.15048

40.625 1.15048
41.0156 1.14901

41.0156 1.14901
41.4062 1.14746

41.4062 1.14746
41.7969 1.14581

41.7969 1.14581
42.1875 1.14404

42.1875 1.14405
42.5781 1.14214

42.5781 1.14214
42.9688 1.14008

42.9688 1.14008
43.3594 1.13784

43.3594 1.13785
43.75 1.13541

43.75 1.13541
44.1406 1.13276

44.1406 1.13276
44.5312 1.12988

44.5312 1.12988
44.9219 1.12676

44.9219 1.12676
45.3125 1.1234

45.3125 1.1234
45.7031 1.11979

45.7031 1.11979
46.0938 1.11594

46.0938 1.11593
46.4844 1.11185

46.4844 1.11184
46.875 1.10754

46.875 1.10754
47.2656 1.10304

47.2656 1.10303
47.6562 1.09837

47.6562 1.09836
48.0469 1.09356

48.0469 1.09355
48.4375 1.08864

48.4375 1.08863
48.8281 1.08367

48.8281 1.08366
49.2188 1.07867

49.2188 1.07866
49.6094 1.07369

49.6094 1.07368
50 1.06877

50 1.06876
50.3906 1.06396

50.3906 1.06395
50.7812 1.05928

50.7812 1.05927
51.1719 1.05478

51.1719 1.05477
51.5625 1.05048

51.5625 1.05047
51.9531 1.0464

51.9531 1.04639
52.3438 1.04257

52.3438 1.04256
52.7344 1.03899

52.7344 1.03899
53.125 1.03568

53.125 1.03568
53.5156 1.03262

53.5156 1.03263
53.9062 1.02983

53.9062 1.02984
54.2969 1.02729

54.2969 1.02729
54.6875 1.02498

54.6875 1.02499
55.0781 1.02289

55.0781 1.0229
55.4688 1.021

55.4688 1.02101
55.8594 1.01929

55.8594 1.01929
56.25 1.01773

56.25 1.01774
56.6406 1.01631

56.6406 1.01631
57.0312 1.01499

57.0312 1.015
57.4219 1.01377

57.4219 1.01377
57.8125 1.01261

57.8125 1.01262
58.2031 1.01151

58.2031 1.01152
58.5938 1.01045

58.5938 1.01045
58.9844 1.00941

58.9844 1.00941
59.375 1.00839

59.375 1.00839
59.7656 1.00737

59.7656 1.00737
60.1562 1.00635

60.1562 1.00635
60.5469 1.00533

60.5469 1.00533
60.9375 1.0043

60.9375 1.0043
61.3281 1.00327

61.3281 1.00327
61.7188 1.00224

61.7188 1.00224
62.1094 1.00121

62.1094 1.00121
62.5 1.00019

62.5 1.00019
62.8906 0.999178

62.8906 0.999176
63.2812 0.998185

63.2812 0.998183
63.6719 0.997218

63.6719 0.997216
64.0625 0.996284

64.0625 0.996282
64.4531 0.995391

64.4531 1.08274
64.8438 0.907192

64.8737 0
64.9114 0.390625

64.9919 0.390625
64.944 0.78125

64.8438 1.14166
65.1253 0.78125

