6.64062 1.17181
6.286 1.17188

6.64062 1.17182
7.03125 1.17166

7.03125 1.17166
7.42188 1.17139

7.42188 1.17139
7.8125 1.17103

7.8125 1.17103
8.20312 1.17057

8.20312 1.17057
8.59375 1.17002

8.59375 1.17001
8.98438 1.16938

8.98438 1.16937
9.375 1.16865

9.375 1.16865
9.76562 1.16786

9.76562 1.16786
10.1562 1.167

10.1562 1.167
10.5469 1.16608

10.5469 1.16608
10.9375 1.16511

10.9375 1.16511
11.3281 1.16411

11.3281 1.1641
11.7188 1.16307

11.7188 1.16307
12.1094 1.16201

12.1094 1.16201
12.5 1.16094

12.5 1.16094
12.8906 1.15988

12.8906 1.15987
13.2812 1.15882

13.2812 1.15882
13.6719 1.15779

13.6719 1.15778
14.0625 1.15678

14.0625 1.15678
14.4531 1.15582

14.4531 1.15582
14.8438 1.1549

14.8438 1.1549
15.2344 1.15405

15.2344 1.15405
15.625 1.15326

15.625 1.15326
16.0156 1.15255

16.0156 1.15255
16.4062 1.15191

16.4062 1.15191
16.7969 1.15137

16.7969 1.15137
17.1875 1.15092

17.1875 1.15092
17.5781 1.15056

17.5781 1.15056
17.9688 1.15031

17.9688 1.1503
18.3594 1.15015

18.3594 1.15015
18.75 1.1501

18.75 1.1501
19.1406 1.15016

19.1406 1.15016
19.5312 1.15032

19.5312 1.15032
19.9219 1.15058

19.9219 1.15059
20.3125 1.15095

20.3125 1.15095
20.7031 1.15141

20.7031 1.15141
21.0938 1.15196

21.0938 1.15196
21.4844 1.1526

21.4844 1.1526
21.875 1.15332

21.875 1.15332
22.2656 1.15411

22.2656 1.15412
22.6562 1.15497

22.6562 1.15498
23.0469 1.15589

23.0469 1.15589
23.4375 1.15686

23.4375 1.15686
23.8281 1.15787

23.8281 1.15787
24.2188 1.1589

24.2188 1.15891
24.6094 1.15996

24.6094 1.15996
25 1.16103

25 1.16103
25.3906 1.1621

25.3906 1.1621
25.7812 1.16315

25.7812 1.16315
26.1719 1.16419

26.1719 1.16419
26.5625 1.16519

26.5625 1.16519
26.9531 1.16616

26.9531 1.16616
27.3438 1.16707

27.3438 1.16707
27.7344 1.16793

27.7344 1.16793
28.125 1.16872

28.125 1.16872
28.5156 1.16943

28.5156 1.16943
28.9062 1.17006

28.9062 1.17006
29.2969 1.17061

29.2969 1.17061
29.6875 1.17106

29.6875 1.17106
30.0781 1.17142

30.0781 1.17142
30.4688 1.17167

30.4688 1.17167
30.8594 1.17183

31.6406 1.17181
31.2859 1.17188

31.6406 1.17182
32.0312 1.17166

32.0312 1.17166
32.4219 1.17139

32.4219 1.17139
32.8125 1.17103

32.8125 1.17103
33.2031 1.17057

33.2031 1.17057
33.5938 1.17002

33.5938 1.17001
33.9844 1.16938

33.9844 1.16937
34.375 1.16865

34.375 1.16865
34.7656 1.16786

34.7656 1.16786
35.1562 1.167

35.1562 1.167
35.5469 1.16608

35.5469 1.16608
35.9375 1.16511

35.9375 1.16511
36.3281 1.16411

36.3281 1.1641
36.7188 1.16307

36.7188 1.16307
37.1094 1.16201

37.1094 1.16201
37.5 1.16094

37.5 1.16094
37.8906 1.15988

37.8906 1.15987
38.2812 1.15882

38.2812 1.15882
38.6719 1.15779

38.6719 1.15778
39.0625 1.15678

39.0625 1.15678
39.4531 1.15582

39.4531 1.15582
39.8438 1.1549

39.8438 1.1549
40.2344 1.15405

40.2344 1.15405
40.625 1.15326

40.625 1.15326
41.0156 1.15255

41.0156 1.15255
41.4062 1.15191

41.4062 1.15191
41.7969 1.15137

41.7969 1.15137
42.1875 1.15092

42.1875 1.15092
42.5781 1.15056

42.5781 1.15056
42.9688 1.15031

42.9688 1.1503
43.3594 1.15015

43.3594 1.15015
43.75 1.1501

43.75 1.1501
44.1406 1.15016

44.1406 1.15016
44.5312 1.15032

44.5312 1.15032
44.9219 1.15059

44.9219 1.15059
45.3125 1.15095

45.3125 1.15095
45.7031 1.15141

45.7031 1.15141
46.0938 1.15196

46.0938 1.15196
46.4844 1.1526

46.4844 1.1526
46.875 1.15332

46.875 1.15332
47.2656 1.15411

47.2656 1.15412
47.6562 1.15497

47.6562 1.15498
48.0469 1.15589

48.0469 1.1559
48.4375 1.15686

48.4375 1.15686
48.8281 1.15787

48.8281 1.15787
49.2188 1.1589

49.2188 1.15891
49.6094 1.15996

49.6094 1.15996
50 1.16103

50 1.16103
50.3906 1.1621

50.3906 1.1621
50.7812 1.16315

50.7812 1.16315
51.1719 1.16419

51.1719 1.16419
51.5625 1.16519

51.5625 1.16519
51.9531 1.16616

51.9531 1.16616
52.3438 1.16707

52.3438 1.16707
52.7344 1.16793

52.7344 1.16793
53.125 1.16872

53.125 1.16872
53.5156 1.16943

53.5156 1.16943
53.9062 1.17006

53.9062 1.17006
54.2969 1.17061

54.2969 1.17061
54.6875 1.17106

54.6875 1.17106
55.0781 1.17142

55.0781 1.17142
55.4688 1.17167

55.4688 1.17167
55.8594 1.17182

55.8594 1.17182
56.25 1.17187

56.25 1.17187
56.6406 1.17181

56.6406 1.17181
57.0312 1.17164

57.0312 1.17164
57.4219 1.17137

57.4219 1.17137
57.8125 1.17099

57.8125 1.17099
58.2031 1.17051

58.2031 1.17051
58.5938 1.16994

58.5938 1.16994
58.9844 1.16928

58.9844 1.16927
59.375 1.16852

59.375 1.16852
59.7656 1.16768

59.7656 1.16768
60.1562 1.16677

60.1562 1.16676
60.5469 1.16578

60.5469 1.16577
60.9375 1.16472

60.9375 1.16472
61.3281 1.1636

61.3281 1.1636
61.7188 1.16243

61.7188 1.16242
62.1094 1.1612

62.1094 1.1612
62.5 1.15992

62.5 1.15992
62.8906 1.1586

62.8906 1.1586
63.2812 1.15725

63.2812 1.15724
63.6719 1.15585

63.6719 1.15585
64.0625 1.15441

64.0625 1.15441
64.4531 1.15294

64.4531 1.15294
64.8438 1.15142

64.8438 1.15142
65.2344 1.14987

65.2344 1.14987
65.625 1.14827

65.625 1.14827
66.0156 1.14662

66.0156 1.14662
66.4062 1.14492

66.4062 1.14492
66.7969 1.14315

66.7969 1.14316
67.1875 1.14132

67.1875 1.14133
67.5781 1.13942

67.5781 1.13942
67.9688 1.13743

67.9688 1.13744
68.3594 1.13536

68.3594 1.13536
68.75 1.13318

68.75 1.13319
69.1406 1.13091

69.1406 1.13091
69.5312 1.12852

69.5312 1.12852
69.9219 1.12602

69.9219 1.12602
70.3125 1.12339

70.3125 1.12339
70.7031 1.12065

70.7031 1.12065
71.0938 1.11778

71.0938 1.11778
71.4844 1.11479

71.4844 1.11479
71.875 1.11168

71.875 1.11167
72.2656 1.10845

72.2656 1.10845
72.6562 1.10511

72.6562 1.10511
73.0469 1.10167

73.0469 1.10167
73.4375 1.09815

73.4375 1.09814
73.8281 1.09454

73.8281 1.09454
74.2188 1.09087

74.2188 1.09087
74.6094 1.08716

74.6094 1.08715
75 1.0834

75 1.0834
75.3906 1.07963

75.3906 1.07963
75.7812 1.07586

75.7812 1.07586
76.1719 1.07211

76.1719 1.07211
76.5625 1.06839

76.5625 1.06839
76.9531 1.06472

76.9531 1.06472
77.3438 1.06111

77.3438 1.06111
77.7344 1.05758

77.7344 1.05757
78.125 1.05413

78.125 1.05413
78.5156 1.05079

78.5156 1.05078
78.9062 1.04755

78.9062 1.04754
79.2969 1.04442

79.2969 1.04442
79.6875 1.04141

79.6875 1.04141
80.0781 1.03852

80.0781 1.03852
80.4688 1.03575

80.4688 1.03575
80.8594 1.03309

80.8594 1.0331
81.25 1.03056

81.25 1.03056
81.6406 1.02814

81.6406 1.02814
82.0312 1.02583

82.0312 1.02583
82.4219 1.02362

82.4219 1.02362
82.8125 1.0215

82.8125 1.0215
83.2031 1.01948

83.2031 1.01948
83.5938 1.01754

83.5938 1.01754
83.9844 1.01568

83.9844 1.01569
84.375 1.0139

84.375 1.0139
84.7656 1.01218

84.7656 1.01218
85.1562 1.01052

85.1562 1.01052
85.5469 1.00892

85.5469 1.00892
85.9375 1.00738

85.9375 1.00738
86.3281 1.00589

86.3281 1.00589
86.7188 1.00445

86.7188 1.00445
87.1094 1.00307

87.1094 1.00307
87.5 1.00174

87.5 1.00174
87.8906 1.00046

87.8906 1.00046
88.2812 0.999246

88.2812 0.999245
88.6719 0.998087

88.6719 0.998087
89.0625 0.996992

89.0625 0.996991
89.4531 0.995963

89.4531 0.995962
89.8438 0.995005

89.8438 0.995004
90.2344 0.994122

90.2344 0.994121
90.625 0.993318

90.625 0.993317
91.0156 0.992597

91.0156 0.992596
91.4062 0.991962

91.4062 0.991961
91.7969 0.991418

91.7969 0.991417
92.1875 0.990966

92.1875 0.990966
92.5781 0.990611

92.5781 0.99061
92.9688 0.990353

92.9688 0.990353
93.3594 0.990194

93.3594 0.990194
93.75 0.990134

93.75 0.990134
94.1406 0.990173

94.1406 0.990173
94.5312 0.99031

94.5312 0.990311
94.9219 0.990543

94.9219 0.990544
95.3125 0.99087

95.3125 0.990871
95.7031 0.991287

95.7031 0.991288
96.0938 0.991789

96.0938 0.99179
96.4844 0.992372

96.4844 0.992374
96.875 0.99303

96.875 0.993032
97.2656 0.993756

97.2656 0.993758
97.6562 0.994544

97.6562 0.994546
98.0469 0.995385

98.0469 0.995402
98.4375 0.996257

98.7883 0
98.8259 0.390625

98.8281 0.764368
98.8226 0.78125

98.8976 0.390625
98.8672 0.78125

98.4375 1.11115
98.8281 0.882317

98.8281 1.1276
99.0385 0.78125

