6.64062 1.17181
6.286 1.17188

6.64062 1.17182
7.03125 1.17166

7.03125 1.17166
7.42188 1.17139

7.42188 1.17139
7.8125 1.17103

7.8125 1.17103
8.20312 1.17057

8.20312 1.17057
8.59375 1.17002

8.59375 1.17001
8.98438 1.16938

8.98438 1.16937
9.375 1.16865

9.375 1.16865
9.76562 1.16786

9.76562 1.16786
10.1562 1.167

10.1562 1.167
10.5469 1.16608

10.5469 1.16608
10.9375 1.16511

10.9375 1.16511
11.3281 1.16411

11.3281 1.1641
11.7188 1.16307

11.7188 1.16307
12.1094 1.16201

12.1094 1.16201
12.5 1.16094

12.5 1.16094
12.8906 1.15988

12.8906 1.15987
13.2812 1.15882

13.2812 1.15882
13.6719 1.15779

13.6719 1.15778
14.0625 1.15678

14.0625 1.15678
14.4531 1.15582

14.4531 1.15582
14.8438 1.1549

14.8438 1.1549
15.2344 1.15405

15.2344 1.15405
15.625 1.15326

15.625 1.15326
16.0156 1.15255

16.0156 1.15255
16.4062 1.15191

16.4062 1.15191
16.7969 1.15137

16.7969 1.15137
17.1875 1.15092

17.1875 1.15092
17.5781 1.15056

17.5781 1.15056
17.9688 1.15031

17.9688 1.1503
18.3594 1.15015

18.3594 1.15015
18.75 1.1501

18.75 1.1501
19.1406 1.15016

19.1406 1.15016
19.5312 1.15032

19.5312 1.15032
19.9219 1.15058

19.9219 1.15059
20.3125 1.15095

20.3125 1.15095
20.7031 1.15141

20.7031 1.15141
21.0938 1.15196

21.0938 1.15196
21.4844 1.1526

21.4844 1.1526
21.875 1.15332

21.875 1.15332
22.2656 1.15411

22.2656 1.15412
22.6562 1.15497

22.6562 1.15498
23.0469 1.15589

23.0469 1.15589
23.4375 1.15686

23.4375 1.15686
23.8281 1.15787

23.8281 1.15787
24.2188 1.1589

24.2188 1.15891
24.6094 1.15996

24.6094 1.15996
25 1.16103

25 1.16103
25.3906 1.1621

25.3906 1.1621
25.7812 1.16315

25.7812 1.16315
26.1719 1.16419

26.1719 1.16419
26.5625 1.16519

26.5625 1.16519
26.9531 1.16616

26.9531 1.16616
27.3438 1.16707

27.3438 1.16707
27.7344 1.16793

27.7344 1.16793
28.125 1.16872

28.125 1.16872
28.5156 1.16943

28.5156 1.16943
28.9062 1.17006

28.9062 1.17006
29.2969 1.17061

29.2969 1.17061
29.6875 1.17106

29.6875 1.17106
30.0781 1.17142

30.0781 1.17142
30.4688 1.17167

30.4688 1.17167
30.8594 1.17183

31.6406 1.17181
31.2858 1.17188

31.6406 1.17182
32.0312 1.17166

32.0312 1.17166
32.4219 1.17139

32.4219 1.17139
32.8125 1.17103

32.8125 1.17103
33.2031 1.17057

33.2031 1.17057
33.5938 1.17002

33.5938 1.17001
33.9844 1.16938

33.9844 1.16937
34.375 1.16865

34.375 1.16865
34.7656 1.16786

34.7656 1.16786
35.1562 1.167

35.1562 1.167
35.5469 1.16608

35.5469 1.16608
35.9375 1.16511

35.9375 1.16511
36.3281 1.16411

36.3281 1.1641
36.7188 1.16307

36.7188 1.16307
37.1094 1.16201

37.1094 1.16201
37.5 1.16094

37.5 1.16094
37.8906 1.15988

37.8906 1.15987
38.2812 1.15882

38.2812 1.15882
38.6719 1.15779

38.6719 1.15778
39.0625 1.15678

39.0625 1.15678
39.4531 1.15582

39.4531 1.15582
39.8438 1.1549

39.8438 1.1549
40.2344 1.15405

40.2344 1.15405
40.625 1.15326

40.625 1.15326
41.0156 1.15255

41.0156 1.15255
41.4062 1.15191

41.4062 1.15191
41.7969 1.15137

41.7969 1.15137
42.1875 1.15092

42.1875 1.15092
42.5781 1.15056

42.5781 1.15056
42.9688 1.15031

42.9688 1.15031
43.3594 1.15015

43.3594 1.15015
43.75 1.1501

43.75 1.1501
44.1406 1.15016

44.1406 1.15016
44.5312 1.15032

44.5312 1.15032
44.9219 1.15059

44.9219 1.15059
45.3125 1.15095

45.3125 1.15095
45.7031 1.15141

45.7031 1.15141
46.0938 1.15196

46.0938 1.15196
46.4844 1.1526

46.4844 1.1526
46.875 1.15332

46.875 1.15332
47.2656 1.15411

47.2656 1.15412
47.6562 1.15497

47.6562 1.15498
48.0469 1.15589

48.0469 1.1559
48.4375 1.15686

48.4375 1.15686
48.8281 1.15787

48.8281 1.15787
49.2188 1.1589

49.2188 1.15891
49.6094 1.15996

49.6094 1.15996
50 1.16103

50 1.16103
50.3906 1.1621

50.3906 1.1621
50.7812 1.16315

50.7812 1.16315
51.1719 1.16419

51.1719 1.16419
51.5625 1.16519

51.5625 1.16519
51.9531 1.16616

51.9531 1.16616
52.3438 1.16707

52.3438 1.16707
52.7344 1.16793

52.7344 1.16793
53.125 1.16872

53.125 1.16872
53.5156 1.16943

53.5156 1.16943
53.9062 1.17006

53.9062 1.17006
54.2969 1.17061

54.2969 1.17061
54.6875 1.17106

54.6875 1.17106
55.0781 1.17142

55.0781 1.17142
55.4688 1.17167

55.4688 1.17167
55.8594 1.17182

55.8594 1.17182
56.25 1.17187

56.25 1.17187
56.6406 1.1718

56.6406 1.1718
57.0312 1.17164

57.0312 1.17164
57.4219 1.17136

57.4219 1.17136
57.8125 1.17099

57.8125 1.17099
58.2031 1.17051

58.2031 1.17051
58.5938 1.16994

58.5938 1.16994
58.9844 1.16927

58.9844 1.16927
59.375 1.16851

59.375 1.16851
59.7656 1.16767

59.7656 1.16767
60.1562 1.16675

60.1562 1.16675
60.5469 1.16576

60.5469 1.16576
60.9375 1.1647

60.9375 1.16469
61.3281 1.16357

61.3281 1.16357
61.7188 1.16239

61.7188 1.16239
62.1094 1.16115

62.1094 1.16115
62.5 1.15987

62.5 1.15987
62.8906 1.15854

62.8906 1.15854
63.2812 1.15717

63.2812 1.15717
63.6719 1.15575

63.6719 1.15575
64.0625 1.1543

64.0625 1.1543
64.4531 1.1528

64.4531 1.1528
64.8438 1.15127

64.8438 1.15127
65.2344 1.14969

65.2344 1.14969
65.625 1.14806

65.625 1.14806
66.0156 1.14638

66.0156 1.14638
66.4062 1.14464

66.4062 1.14464
66.7969 1.14284

66.7969 1.14284
67.1875 1.14097

67.1875 1.14097
67.5781 1.13902

67.5781 1.13902
67.9688 1.13699

67.9688 1.13699
68.3594 1.13486

68.3594 1.13486
68.75 1.13264

68.75 1.13264
69.1406 1.13031

69.1406 1.13031
69.5312 1.12786

69.5312 1.12786
69.9219 1.1253

69.9219 1.12531
70.3125 1.12263

70.3125 1.12263
70.7031 1.11983

70.7031 1.11983
71.0938 1.1169

71.0938 1.1169
71.4844 1.11386

71.4844 1.11386
71.875 1.1107

71.875 1.11069
72.2656 1.10742

72.2656 1.10742
72.6562 1.10404

72.6562 1.10404
73.0469 1.10057

73.0469 1.10056
73.4375 1.09701

73.4375 1.097
73.8281 1.09337

73.8281 1.09337
74.2188 1.08968

74.2188 1.08968
74.6094 1.08595

74.6094 1.08595
75 1.08219

75 1.08219
75.3906 1.07842

75.3906 1.07841
75.7812 1.07465

75.7812 1.07465
76.1719 1.07091

76.1719 1.07091
76.5625 1.06721

76.5625 1.06721
76.9531 1.06356

76.9531 1.06356
77.3438 1.05998

77.3438 1.05998
77.7344 1.05648

77.7344 1.05648
78.125 1.05308

78.125 1.05308
78.5156 1.04978

78.5156 1.04977
78.9062 1.04658

78.9062 1.04658
79.2969 1.0435

79.2969 1.0435
79.6875 1.04055

79.6875 1.04055
80.0781 1.03771

80.0781 1.03771
80.4688 1.03499

80.4688 1.03499
80.8594 1.0324

80.8594 1.0324
81.25 1.02991

81.25 1.02992
81.6406 1.02755

81.6406 1.02755
82.0312 1.02528

82.0312 1.02529
82.4219 1.02312

82.4219 1.02313
82.8125 1.02106

82.8125 1.02106
83.2031 1.01908

83.2031 1.01908
83.5938 1.01719

83.5938 1.01719
83.9844 1.01537

83.9844 1.01537
84.375 1.01362

84.375 1.01362
84.7656 1.01193

84.7656 1.01193
85.1562 1.0103

85.1562 1.0103
85.5469 1.00873

85.5469 1.00873
85.9375 1.00722

85.9375 1.00722
86.3281 1.00575

86.3281 1.00575
86.7188 1.00433

86.7188 1.00433
87.1094 1.00297

87.1094 1.00297
87.5 1.00165

87.5 1.00165
87.8906 1.00039

87.8906 1.00039
88.2812 0.999185

88.2812 0.999184
88.6719 0.998036

88.6719 0.998035
89.0625 0.99695

89.0625 0.996949
89.4531 0.995928

89.4531 0.995927
89.8438 0.994976

89.8438 0.994975
90.2344 0.994099

90.2344 0.994098
90.625 0.993299

90.625 0.993298
91.0156 0.992581

91.0156 0.99258
91.4062 0.99195

91.4062 0.991949
91.7969 0.991408

91.7969 0.991407
92.1875 0.990959

92.1875 0.990958
92.5781 0.990605

92.5781 0.990604
92.9688 0.990348

92.9688 0.990348
93.3594 0.99019

93.3594 0.99019
93.75 0.990131

93.75 0.990131
94.1406 0.990171

94.1406 0.990171
94.5312 0.990308

94.5312 0.990309
94.9219 0.990542

94.9219 0.990543
95.3125 0.990869

95.3125 0.99087
95.7031 0.991286

95.7031 0.991287
96.0938 0.991789

96.0938 0.99179
96.4844 0.992372

96.4844 0.992373
96.875 0.99303

96.875 0.993031
97.2656 0.993756

97.2656 0.993758
97.6562 0.994544

97.6562 0.994546
98.0469 0.995385

98.0469 1.01466
98.4375 0.976999

98.6583 0
98.6959 0.390625

98.7969 0.390625
98.7075 0.78125

98.4375 1.14384
98.8281 0.847218

98.8281 0.98539
98.9146 0.78125

