6.64062 1.17181
6.28637 1.17188

6.64062 1.17182
7.03125 1.17166

7.03125 1.17166
7.42188 1.17139

7.42188 1.17139
7.8125 1.17103

7.8125 1.17103
8.20312 1.17057

8.20312 1.17057
8.59375 1.17002

8.59375 1.17001
8.98438 1.16938

8.98438 1.16937
9.375 1.16866

9.375 1.16865
9.76562 1.16786

9.76562 1.16786
10.1562 1.167

10.1562 1.167
10.5469 1.16608

10.5469 1.16608
10.9375 1.16511

10.9375 1.16511
11.3281 1.16411

11.3281 1.1641
11.7188 1.16307

11.7188 1.16307
12.1094 1.16201

12.1094 1.16201
12.5 1.16094

12.5 1.16094
12.8906 1.15988

12.8906 1.15988
13.2812 1.15882

13.2812 1.15882
13.6719 1.15779

13.6719 1.15778
14.0625 1.15678

14.0625 1.15678
14.4531 1.15582

14.4531 1.15582
14.8438 1.15491

14.8438 1.1549
15.2344 1.15405

15.2344 1.15405
15.625 1.15326

15.625 1.15326
16.0156 1.15255

16.0156 1.15255
16.4062 1.15192

16.4062 1.15191
16.7969 1.15137

16.7969 1.15137
17.1875 1.15092

17.1875 1.15092
17.5781 1.15056

17.5781 1.15056
17.9688 1.15031

17.9688 1.15031
18.3594 1.15015

18.3594 1.15015
18.75 1.15011

18.75 1.15011
19.1406 1.15016

19.1406 1.15016
19.5312 1.15032

19.5312 1.15032
19.9219 1.15059

19.9219 1.15059
20.3125 1.15095

20.3125 1.15095
20.7031 1.15141

20.7031 1.15141
21.0938 1.15196

21.0938 1.15196
21.4844 1.1526

21.4844 1.1526
21.875 1.15332

21.875 1.15332
22.2656 1.15412

22.2656 1.15412
22.6562 1.15498

22.6562 1.15498
23.0469 1.15589

23.0469 1.1559
23.4375 1.15686

23.4375 1.15686
23.8281 1.15787

23.8281 1.15787
24.2188 1.15891

24.2188 1.15891
24.6094 1.15996

24.6094 1.15996
25 1.16103

25 1.16103
25.3906 1.1621

25.3906 1.1621
25.7812 1.16315

25.7812 1.16316
26.1719 1.16419

26.1719 1.16419
26.5625 1.16519

26.5625 1.1652
26.9531 1.16616

26.9531 1.16616
27.3438 1.16707

27.3438 1.16707
27.7344 1.16793

27.7344 1.16793
28.125 1.16872

28.125 1.16872
28.5156 1.16943

28.5156 1.16943
28.9062 1.17007

28.9062 1.17007
29.2969 1.17061

29.2969 1.17061
29.6875 1.17106

29.6875 1.17107
30.0781 1.17142

30.0781 1.17142
30.4688 1.17168

30.4688 1.17167
30.8594 1.17184

31.6406 1.17181
31.2862 1.17188

31.6406 1.17182
32.0312 1.17166

32.0312 1.17166
32.4219 1.17139

32.4219 1.17139
32.8125 1.17103

32.8125 1.17103
33.2031 1.17057

33.2031 1.17057
33.5938 1.17002

33.5938 1.17002
33.9844 1.16938

33.9844 1.16938
34.375 1.16866

34.375 1.16865
34.7656 1.16786

34.7656 1.16786
35.1562 1.167

35.1562 1.167
35.5469 1.16608

35.5469 1.16608
35.9375 1.16512

35.9375 1.16511
36.3281 1.16411

36.3281 1.16411
36.7188 1.16307

36.7188 1.16307
37.1094 1.16201

37.1094 1.16201
37.5 1.16094

37.5 1.16094
37.8906 1.15987

37.8906 1.15987
38.2812 1.15881

38.2812 1.15881
38.6719 1.15777

38.6719 1.15777
39.0625 1.15676

39.0625 1.15676
39.4531 1.15578

39.4531 1.15578
39.8438 1.15485

39.8438 1.15485
40.2344 1.15396

40.2344 1.15396
40.625 1.15314

40.625 1.15314
41.0156 1.15237

41.0156 1.15237
41.4062 1.15167

41.4062 1.15167
41.7969 1.15103

41.7969 1.15103
42.1875 1.15045

42.1875 1.15046
42.5781 1.14994

42.5781 1.14994
42.9688 1.14948

42.9688 1.14948
43.3594 1.14907

43.3594 1.14907
43.75 1.14869

43.75 1.1487
44.1406 1.14834

44.1406 1.14835
44.5312 1.148

44.5312 1.148
44.9219 1.14764

44.9219 1.14765
45.3125 1.14726

45.3125 1.14726
45.7031 1.14682

45.7031 1.14682
46.0938 1.1463

46.0938 1.1463
46.4844 1.14567

46.4844 1.14567
46.875 1.1449

46.875 1.14491
47.2656 1.14398

47.2656 1.14399
47.6562 1.14286

47.6562 1.14287
48.0469 1.14153

48.0469 1.14153
48.4375 1.13995

48.4375 1.13995
48.8281 1.1381

48.8281 1.1381
49.2188 1.13597

49.2188 1.13597
49.6094 1.13354

49.6094 1.13354
50 1.13079

50 1.13079
50.3906 1.12774

50.3906 1.12774
50.7812 1.12436

50.7812 1.12436
51.1719 1.12068

51.1719 1.12068
51.5625 1.11671

51.5625 1.1167
51.9531 1.11246

51.9531 1.11245
52.3438 1.10796

52.3438 1.10795
52.7344 1.10324

52.7344 1.10323
53.125 1.09833

53.125 1.09832
53.5156 1.09327

53.5156 1.09326
53.9062 1.08811

53.9062 1.0881
54.2969 1.08287

54.2969 1.08286
54.6875 1.07761

54.6875 1.0776
55.0781 1.07235

55.0781 1.07234
55.4688 1.06715

55.4688 1.06714
55.8594 1.06204

55.8594 1.06203
56.25 1.05705

56.25 1.05704
56.6406 1.0522

56.6406 1.0522
57.0312 1.04753

57.0312 1.04753
57.4219 1.04306

57.4219 1.04305
57.8125 1.03879

57.8125 1.03878
58.2031 1.03473

58.2031 1.03473
58.5938 1.0309

58.5938 1.0309
58.9844 1.0273

58.9844 1.0273
59.375 1.02392

59.375 1.02392
59.7656 1.02076

59.7656 1.02076
60.1562 1.01781

60.1562 1.01782
60.5469 1.01507

60.5469 1.01507
60.9375 1.01252

60.9375 1.01252
61.3281 1.01016

61.3281 1.01016
61.7188 1.00796

61.7188 1.00797
62.1094 1.00593

62.1094 1.00593
62.5 1.00405

62.5 1.00405
62.8906 1.00232

62.8906 1.00232
63.2812 1.00071

63.2812 1.00072
63.6719 0.999239

63.6719 0.999241
64.0625 0.997886

64.0625 0.997887
64.4531 0.996649

64.4531 0.996649
64.8438 0.995524

64.8438 0.995525
65.2344 0.994509

65.2344 0.994509
65.625 0.993602

65.625 0.993602
66.0156 0.992801

66.0156 0.992801
66.4062 0.992106

66.4062 0.992106
66.7969 0.991516

66.7969 0.991516
67.1875 0.991031

67.1875 0.991031
67.5781 0.990651

67.5781 0.990651
67.9688 0.990376

67.9688 0.990376
68.3594 0.990205

68.3594 0.990205
68.75 0.990137

68.75 0.990138
69.1406 0.990172

69.1406 0.990172
69.5312 0.990306

69.5312 0.990307
69.9219 0.990538

69.9219 0.990539
70.3125 0.990864

70.9381 0
70.9758 0.390625

71.0813 0.390625
70.9832 0.78125

70.3125 1.00628
70.7031 0.975863

70.7031 1.13441
71.0938 0.848304

71.0938 1.00537
71.1922 0.78125

