6.64062 1.17181
6.28619 1.17188

6.64062 1.17182
7.03125 1.17166

7.03125 1.17166
7.42188 1.17139

7.42188 1.17139
7.8125 1.17103

7.8125 1.17103
8.20312 1.17057

8.20312 1.17057
8.59375 1.17002

8.59375 1.17001
8.98438 1.16938

8.98438 1.16937
9.375 1.16866

9.375 1.16865
9.76562 1.16786

9.76562 1.16786
10.1562 1.167

10.1562 1.167
10.5469 1.16608

10.5469 1.16608
10.9375 1.16511

10.9375 1.16511
11.3281 1.16411

11.3281 1.1641
11.7188 1.16307

11.7188 1.16307
12.1094 1.16201

12.1094 1.16201
12.5 1.16094

12.5 1.16094
12.8906 1.15988

12.8906 1.15988
13.2812 1.15882

13.2812 1.15882
13.6719 1.15779

13.6719 1.15778
14.0625 1.15678

14.0625 1.15678
14.4531 1.15582

14.4531 1.15582
14.8438 1.15491

14.8438 1.1549
15.2344 1.15405

15.2344 1.15405
15.625 1.15326

15.625 1.15326
16.0156 1.15255

16.0156 1.15255
16.4062 1.15192

16.4062 1.15191
16.7969 1.15137

16.7969 1.15137
17.1875 1.15092

17.1875 1.15092
17.5781 1.15056

17.5781 1.15056
17.9688 1.15031

17.9688 1.15031
18.3594 1.15015

18.3594 1.15015
18.75 1.15011

18.75 1.15011
19.1406 1.15016

19.1406 1.15016
19.5312 1.15032

19.5312 1.15032
19.9219 1.15059

19.9219 1.15059
20.3125 1.15095

20.3125 1.15095
20.7031 1.15141

20.7031 1.15141
21.0938 1.15196

21.0938 1.15196
21.4844 1.1526

21.4844 1.1526
21.875 1.15332

21.875 1.15332
22.2656 1.15412

22.2656 1.15412
22.6562 1.15498

22.6562 1.15498
23.0469 1.15589

23.0469 1.1559
23.4375 1.15686

23.4375 1.15686
23.8281 1.15787

23.8281 1.15787
24.2188 1.1589

24.2188 1.15891
24.6094 1.15996

24.6094 1.15996
25 1.16103

25 1.16103
25.3906 1.1621

25.3906 1.1621
25.7812 1.16315

25.7812 1.16315
26.1719 1.16419

26.1719 1.16419
26.5625 1.16519

26.5625 1.16519
26.9531 1.16616

26.9531 1.16616
27.3438 1.16707

27.3438 1.16707
27.7344 1.16793

27.7344 1.16793
28.125 1.16872

28.125 1.16872
28.5156 1.16943

28.5156 1.16943
28.9062 1.17006

28.9062 1.17007
29.2969 1.17061

29.2969 1.17061
29.6875 1.17106

29.6875 1.17106
30.0781 1.17142

30.0781 1.17142
30.4688 1.17168

30.4688 1.17167
30.8594 1.17183

31.6406 1.17181
31.2853 1.17188

31.6406 1.17182
32.0312 1.17166

32.0312 1.17166
32.4219 1.17139

32.4219 1.17139
32.8125 1.17103

32.8125 1.17103
33.2031 1.17057

33.2031 1.17057
33.5938 1.17002

33.5938 1.17001
33.9844 1.16938

33.9844 1.16937
34.375 1.16866

34.375 1.16865
34.7656 1.16786

34.7656 1.16786
35.1562 1.167

35.1562 1.167
35.5469 1.16608

35.5469 1.16608
35.9375 1.16511

35.9375 1.16511
36.3281 1.16411

36.3281 1.1641
36.7188 1.16307

36.7188 1.16307
37.1094 1.16201

37.1094 1.16201
37.5 1.16094

37.5 1.16094
37.8906 1.15988

37.8906 1.15988
38.2812 1.15882

38.2812 1.15882
38.6719 1.15779

38.6719 1.15778
39.0625 1.15678

39.0625 1.15678
39.4531 1.15582

39.4531 1.15582
39.8438 1.15491

39.8438 1.1549
40.2344 1.15405

40.2344 1.15405
40.625 1.15326

40.625 1.15326
41.0156 1.15255

41.0156 1.15255
41.4062 1.15191

41.4062 1.15191
41.7969 1.15137

41.7969 1.15137
42.1875 1.15091

42.1875 1.15091
42.5781 1.15055

42.5781 1.15055
42.9688 1.15029

42.9688 1.15029
43.3594 1.15013

43.3594 1.15013
43.75 1.15007

43.75 1.15007
44.1406 1.15012

44.1406 1.15012
44.5312 1.15026

44.5312 1.15026
44.9219 1.15049

44.9219 1.15049
45.3125 1.15082

45.3125 1.15082
45.7031 1.15123

45.7031 1.15123
46.0938 1.15172

46.0938 1.15172
46.4844 1.15227

46.4844 1.15227
46.875 1.15288

46.875 1.15288
47.2656 1.15353

47.2656 1.15353
47.6562 1.1542

47.6562 1.15421
48.0469 1.15489

48.0469 1.15489
48.4375 1.15557

48.4375 1.15557
48.8281 1.15622

48.8281 1.15622
49.2188 1.15681

49.2188 1.15682
49.6094 1.15733

49.6094 1.15734
50 1.15775

50 1.15775
50.3906 1.15803

50.3906 1.15804
50.7812 1.15816

50.7812 1.15817
51.1719 1.15811

51.1719 1.15811
51.5625 1.15784

51.5625 1.15784
51.9531 1.15732

51.9531 1.15733
52.3438 1.15653

52.3438 1.15654
52.7344 1.15545

52.7344 1.15546
53.125 1.15404

53.125 1.15405
53.5156 1.15229

53.5156 1.1523
53.9062 1.15019

53.9062 1.15019
54.2969 1.1477

54.2969 1.1477
54.6875 1.14484

54.6875 1.14484
55.0781 1.14158

55.0781 1.14158
55.4688 1.13795

55.4688 1.13794
55.8594 1.13393

55.8594 1.13393
56.25 1.12956

56.25 1.12955
56.6406 1.12484

56.6406 1.12483
57.0312 1.1198

57.0312 1.11979
57.4219 1.11448

57.4219 1.11447
57.8125 1.1089

57.8125 1.10889
58.2031 1.10311

58.2031 1.1031
58.5938 1.09715

58.5938 1.09714
58.9844 1.09106

58.9844 1.09105
59.375 1.08489

59.375 1.08488
59.7656 1.07869

59.7656 1.07868
60.1562 1.07251

60.1562 1.07249
60.5469 1.06637

60.5469 1.06636
60.9375 1.06034

60.9375 1.06033
61.3281 1.05445

61.3281 1.05444
61.7188 1.04874

61.7188 1.04873
62.1094 1.04323

62.1094 1.04322
62.5 1.03796

62.5 1.03795
62.8906 1.03295

62.8906 1.03294
63.2812 1.02822

63.2812 1.02821
63.6719 1.02378

63.6719 1.02378
64.0625 1.01965

64.0625 1.01965
64.4531 1.01583

64.4531 1.01583
64.8438 1.01233

64.8438 1.01233
65.2344 1.00914

65.2344 1.00914
65.625 1.00626

65.625 1.00626
66.0156 1.00368

66.0156 1.00368
66.4062 1.0014

66.4062 1.00141
66.7969 0.999409

66.7969 0.999412
67.1875 0.99769

67.1875 0.997693
67.5781 0.996232

67.5781 0.996235
67.9688 0.995023

67.9688 0.995026
68.3594 0.994049

68.3594 0.994052
68.75 0.993295

68.75 0.993299
69.1406 0.992748

69.1406 0.992752
69.5312 0.992393

69.5312 0.992397
69.9219 0.992216

69.9219 0.99222
70.3125 0.992204

70.3125 0.992207
70.7031 0.992342

70.7031 0.992346
71.0938 0.992618

71.0938 0.992621
71.4844 0.993017

71.4844 0.99302
71.875 0.993528

71.875 0.993531
72.2656 0.994137

72.2656 0.99414
72.6562 0.994832

72.6562 0.994835
73.0469 0.995601

73.0469 0.995604
73.4375 0.996432

73.4375 0.996435
73.8281 0.997312

73.8281 0.997315
74.2188 0.998232

74.2188 0.998234
74.6094 0.999178

74.6094 0.99918
75 1.00014

75 1.00014
75.3906 1.00111

75.3906 1.00111
75.7812 1.00207

75.7812 1.00207
76.1719 1.00301

76.1719 1.00302
76.5625 1.00393

76.5625 1.00393
76.9531 1.00482

76.9531 1.00482
77.3438 1.00566

77.9155 0
77.9526 0.390625

78.0434 0.390625
77.9731 0.78125

77.3438 1.03721
77.7344 0.974891

77.7344 1.16849
78.125 0.826116

78.125 0.914637
78.1768 0.78125

