6.64062 1.17181
6.28602 1.17188

6.64062 1.17182
7.03125 1.17166

7.03125 1.17166
7.42188 1.17139

7.42188 1.17139
7.8125 1.17103

7.8125 1.17103
8.20312 1.17057

8.20312 1.17057
8.59375 1.17002

8.59375 1.17001
8.98438 1.16938

8.98438 1.16937
9.375 1.16865

9.375 1.16865
9.76562 1.16786

9.76562 1.16786
10.1562 1.167

10.1562 1.167
10.5469 1.16608

10.5469 1.16608
10.9375 1.16511

10.9375 1.16511
11.3281 1.16411

11.3281 1.1641
11.7188 1.16307

11.7188 1.16307
12.1094 1.16201

12.1094 1.16201
12.5 1.16094

12.5 1.16094
12.8906 1.15988

12.8906 1.15987
13.2812 1.15882

13.2812 1.15882
13.6719 1.15779

13.6719 1.15778
14.0625 1.15678

14.0625 1.15678
14.4531 1.15582

14.4531 1.15582
14.8438 1.1549

14.8438 1.1549
15.2344 1.15405

15.2344 1.15405
15.625 1.15326

15.625 1.15326
16.0156 1.15255

16.0156 1.15255
16.4062 1.15191

16.4062 1.15191
16.7969 1.15137

16.7969 1.15137
17.1875 1.15092

17.1875 1.15092
17.5781 1.15056

17.5781 1.15056
17.9688 1.15031

17.9688 1.1503
18.3594 1.15015

18.3594 1.15015
18.75 1.1501

18.75 1.1501
19.1406 1.15016

19.1406 1.15016
19.5312 1.15032

19.5312 1.15032
19.9219 1.15058

19.9219 1.15059
20.3125 1.15095

20.3125 1.15095
20.7031 1.15141

20.7031 1.15141
21.0938 1.15196

21.0938 1.15196
21.4844 1.1526

21.4844 1.1526
21.875 1.15332

21.875 1.15332
22.2656 1.15411

22.2656 1.15412
22.6562 1.15497

22.6562 1.15498
23.0469 1.15589

23.0469 1.15589
23.4375 1.15686

23.4375 1.15686
23.8281 1.15787

23.8281 1.15787
24.2188 1.1589

24.2188 1.15891
24.6094 1.15996

24.6094 1.15996
25 1.16103

25 1.16103
25.3906 1.1621

25.3906 1.1621
25.7812 1.16315

25.7812 1.16315
26.1719 1.16419

26.1719 1.16419
26.5625 1.16519

26.5625 1.16519
26.9531 1.16616

26.9531 1.16616
27.3438 1.16707

27.3438 1.16707
27.7344 1.16793

27.7344 1.16793
28.125 1.16872

28.125 1.16872
28.5156 1.16943

28.5156 1.16943
28.9062 1.17006

28.9062 1.17006
29.2969 1.17061

29.2969 1.17061
29.6875 1.17106

29.6875 1.17106
30.0781 1.17142

30.0781 1.17142
30.4688 1.17167

30.4688 1.17167
30.8594 1.17183

31.6406 1.17181
31.286 1.17188

31.6406 1.17182
32.0312 1.17166

32.0312 1.17166
32.4219 1.17139

32.4219 1.17139
32.8125 1.17103

32.8125 1.17103
33.2031 1.17057

33.2031 1.17057
33.5938 1.17002

33.5938 1.17001
33.9844 1.16938

33.9844 1.16937
34.375 1.16865

34.375 1.16865
34.7656 1.16786

34.7656 1.16786
35.1562 1.167

35.1562 1.167
35.5469 1.16608

35.5469 1.16608
35.9375 1.16511

35.9375 1.16511
36.3281 1.16411

36.3281 1.1641
36.7188 1.16307

36.7188 1.16307
37.1094 1.16201

37.1094 1.16201
37.5 1.16094

37.5 1.16094
37.8906 1.15988

37.8906 1.15987
38.2812 1.15882

38.2812 1.15882
38.6719 1.15779

38.6719 1.15778
39.0625 1.15678

39.0625 1.15678
39.4531 1.15582

39.4531 1.15582
39.8438 1.1549

39.8438 1.1549
40.2344 1.15405

40.2344 1.15405
40.625 1.15326

40.625 1.15326
41.0156 1.15255

41.0156 1.15255
41.4062 1.15191

41.4062 1.15191
41.7969 1.15137

41.7969 1.15137
42.1875 1.15092

42.1875 1.15092
42.5781 1.15056

42.5781 1.15056
42.9688 1.15031

42.9688 1.1503
43.3594 1.15015

43.3594 1.15015
43.75 1.1501

43.75 1.1501
44.1406 1.15016

44.1406 1.15016
44.5312 1.15032

44.5312 1.15032
44.9219 1.15059

44.9219 1.15059
45.3125 1.15095

45.3125 1.15095
45.7031 1.15141

45.7031 1.15141
46.0938 1.15196

46.0938 1.15196
46.4844 1.1526

46.4844 1.1526
46.875 1.15332

46.875 1.15332
47.2656 1.15411

47.2656 1.15412
47.6562 1.15497

47.6562 1.15498
48.0469 1.15589

48.0469 1.1559
48.4375 1.15686

48.4375 1.15686
48.8281 1.15787

48.8281 1.15787
49.2188 1.1589

49.2188 1.15891
49.6094 1.15996

49.6094 1.15996
50 1.16103

50 1.16103
50.3906 1.1621

50.3906 1.1621
50.7812 1.16315

50.7812 1.16315
51.1719 1.16419

51.1719 1.16419
51.5625 1.16519

51.5625 1.16519
51.9531 1.16616

51.9531 1.16616
52.3438 1.16707

52.3438 1.16707
52.7344 1.16793

52.7344 1.16793
53.125 1.16872

53.125 1.16872
53.5156 1.16943

53.5156 1.16943
53.9062 1.17006

53.9062 1.17006
54.2969 1.17061

54.2969 1.17061
54.6875 1.17106

54.6875 1.17106
55.0781 1.17142

55.0781 1.17142
55.4688 1.17167

55.4688 1.17167
55.8594 1.17182

55.8594 1.17182
56.25 1.17187

56.25 1.17187
56.6406 1.17181

56.6406 1.17181
57.0312 1.17164

57.0312 1.17164
57.4219 1.17137

57.4219 1.17137
57.8125 1.171

57.8125 1.171
58.2031 1.17053

58.2031 1.17052
58.5938 1.16996

58.5938 1.16995
58.9844 1.16929

58.9844 1.16929
59.375 1.16855

59.375 1.16854
59.7656 1.16771

59.7656 1.16771
60.1562 1.16681

60.1562 1.1668
60.5469 1.16583

60.5469 1.16583
60.9375 1.16478

60.9375 1.16478
61.3281 1.16368

61.3281 1.16368
61.7188 1.16253

61.7188 1.16253
62.1094 1.16132

62.1094 1.16132
62.5 1.16008

62.5 1.16008
62.8906 1.15879

62.8906 1.15879
63.2812 1.15747

63.2812 1.15747
63.6719 1.15612

63.6719 1.15612
64.0625 1.15473

64.0625 1.15473
64.4531 1.15332

64.4531 1.15332
64.8438 1.15187

64.8438 1.15187
65.2344 1.1504

65.2344 1.1504
65.625 1.14888

65.625 1.14888
66.0156 1.14733

66.0156 1.14733
66.4062 1.14573

66.4062 1.14573
66.7969 1.14408

66.7969 1.14408
67.1875 1.14238

67.1875 1.14238
67.5781 1.1406

67.5781 1.14061
67.9688 1.13876

67.9688 1.13876
68.3594 1.13683

68.3594 1.13684
68.75 1.13482

68.75 1.13482
69.1406 1.13271

69.1406 1.13271
69.5312 1.13049

69.5312 1.13049
69.9219 1.12816

69.9219 1.12816
70.3125 1.12571

70.3125 1.12571
70.7031 1.12313

70.7031 1.12313
71.0938 1.12044

71.0938 1.12044
71.4844 1.11761

71.4844 1.11761
71.875 1.11466

71.875 1.11466
72.2656 1.11158

72.2656 1.11158
72.6562 1.10839

72.6562 1.10838
73.0469 1.10508

73.0469 1.10507
73.4375 1.10166

73.4375 1.10166
73.8281 1.09815

73.8281 1.09815
74.2188 1.09456

74.2188 1.09456
74.6094 1.0909

74.6094 1.0909
75 1.08719

75 1.08718
75.3906 1.08344

75.3906 1.08343
75.7812 1.07966

75.7812 1.07966
76.1719 1.07589

76.1719 1.07588
76.5625 1.07212

76.5625 1.07212
76.9531 1.06838

76.9531 1.06838
77.3438 1.06469

77.3438 1.06469
77.7344 1.06106

77.7344 1.06106
78.125 1.0575

78.125 1.0575
78.5156 1.05402

78.5156 1.05402
78.9062 1.05064

78.9062 1.05064
79.2969 1.04736

79.2969 1.04736
79.6875 1.04419

79.6875 1.04419
80.0781 1.04113

80.0781 1.04113
80.4688 1.03819

80.4688 1.03819
80.8594 1.03537

80.8594 1.03537
81.25 1.03267

81.25 1.03267
81.6406 1.03008

81.6406 1.03008
82.0312 1.0276

82.0312 1.0276
82.4219 1.02523

82.4219 1.02524
82.8125 1.02297

82.8125 1.02297
83.2031 1.0208

83.2031 1.0208
83.5938 1.01873

83.5938 1.01873
83.9844 1.01674

83.9844 1.01674
84.375 1.01483

84.375 1.01484
84.7656 1.013

84.7656 1.013
85.1562 1.01125

85.1562 1.01125
85.5469 1.00955

85.5469 1.00956
85.9375 1.00793

85.9375 1.00793
86.3281 1.00637

86.3281 1.00637
86.7188 1.00486

86.7188 1.00486
87.1094 1.00342

87.1094 1.00342
87.5 1.00204

87.5 1.00204
87.8906 1.00072

87.8906 1.00072
88.2812 0.999458

88.2812 0.999457
88.6719 0.998265

88.6719 0.998264
89.0625 0.99714

89.0625 0.997139
89.4531 0.996086

89.4531 0.996085
89.8438 0.995106

89.8438 0.995105
90.2344 0.994205

90.2344 0.994204
90.625 0.993385

90.625 0.993384
91.0156 0.992651

91.0156 0.99265
91.4062 0.992006

91.4062 0.992005
91.7969 0.991453

91.7969 0.991452
92.1875 0.990994

92.1875 0.990994
92.5781 0.990633

92.5781 0.990633
92.9688 0.99037

92.9688 0.99037
93.3594 0.990207

93.3594 0.990207
93.75 0.990144

93.75 0.990144
94.1406 0.990181

94.1406 0.990181
94.5312 0.990316

94.5312 0.990317
94.9219 0.990548

94.9219 0.990549
95.3125 0.990873

95.3125 0.990874
95.7031 0.991289

95.7031 0.99129
96.0938 0.991791

96.0938 0.991792
96.4844 0.992373

96.4844 0.992375
96.875 0.993031

96.875 0.993033
97.2656 0.993757

97.2656 0.993759
97.6562 0.994544

97.6562 0.994546
98.0469 0.995386

98.0469 0.995388
98.4375 0.996272

99.1904 0
99.2188 0.295342

98.4375 0.996275
98.8281 0.997196

98.8281 1.10785
99.2188 0.887498

99.2188 0.295548
99.2279 0.390625

99.3003 0.390625
99.268 0.78125

99.2188 1.13244
99.4412 0.78125

