6.64062 1.17181
6.28619 1.17188

6.64062 1.17182
7.03125 1.17166

7.03125 1.17166
7.42188 1.17139

7.42188 1.17139
7.8125 1.17103

7.8125 1.17103
8.20312 1.17057

8.20312 1.17057
8.59375 1.17002

8.59375 1.17001
8.98438 1.16938

8.98438 1.16937
9.375 1.16866

9.375 1.16865
9.76562 1.16786

9.76562 1.16786
10.1562 1.167

10.1562 1.167
10.5469 1.16608

10.5469 1.16608
10.9375 1.16511

10.9375 1.16511
11.3281 1.16411

11.3281 1.1641
11.7188 1.16307

11.7188 1.16307
12.1094 1.16201

12.1094 1.16201
12.5 1.16094

12.5 1.16094
12.8906 1.15988

12.8906 1.15988
13.2812 1.15882

13.2812 1.15882
13.6719 1.15779

13.6719 1.15778
14.0625 1.15678

14.0625 1.15678
14.4531 1.15582

14.4531 1.15582
14.8438 1.15491

14.8438 1.1549
15.2344 1.15405

15.2344 1.15405
15.625 1.15326

15.625 1.15326
16.0156 1.15255

16.0156 1.15255
16.4062 1.15192

16.4062 1.15191
16.7969 1.15137

16.7969 1.15137
17.1875 1.15092

17.1875 1.15092
17.5781 1.15056

17.5781 1.15056
17.9688 1.15031

17.9688 1.15031
18.3594 1.15015

18.3594 1.15015
18.75 1.15011

18.75 1.15011
19.1406 1.15016

19.1406 1.15016
19.5312 1.15032

19.5312 1.15032
19.9219 1.15059

19.9219 1.15059
20.3125 1.15095

20.3125 1.15095
20.7031 1.15141

20.7031 1.15141
21.0938 1.15196

21.0938 1.15196
21.4844 1.1526

21.4844 1.1526
21.875 1.15332

21.875 1.15332
22.2656 1.15411

22.2656 1.15412
22.6562 1.15497

22.6562 1.15498
23.0469 1.15589

23.0469 1.1559
23.4375 1.15686

23.4375 1.15686
23.8281 1.15787

23.8281 1.15787
24.2188 1.1589

24.2188 1.15891
24.6094 1.15996

24.6094 1.15996
25 1.16103

25 1.16103
25.3906 1.1621

25.3906 1.1621
25.7812 1.16315

25.7812 1.16315
26.1719 1.16419

26.1719 1.16419
26.5625 1.16519

26.5625 1.16519
26.9531 1.16616

26.9531 1.16616
27.3438 1.16707

27.3438 1.16707
27.7344 1.16793

27.7344 1.16793
28.125 1.16872

28.125 1.16872
28.5156 1.16943

28.5156 1.16943
28.9062 1.17006

28.9062 1.17007
29.2969 1.17061

29.2969 1.17061
29.6875 1.17106

29.6875 1.17106
30.0781 1.17142

30.0781 1.17142
30.4688 1.17168

30.4688 1.17167
30.8594 1.17183

31.6406 1.17181
31.2865 1.17188

31.6406 1.17182
32.0312 1.17166

32.0312 1.17166
32.4219 1.17139

32.4219 1.17139
32.8125 1.17103

32.8125 1.17103
33.2031 1.17057

33.2031 1.17057
33.5938 1.17002

33.5938 1.17001
33.9844 1.16938

33.9844 1.16937
34.375 1.16865

34.375 1.16865
34.7656 1.16786

34.7656 1.16786
35.1562 1.167

35.1562 1.167
35.5469 1.16608

35.5469 1.16608
35.9375 1.16511

35.9375 1.16511
36.3281 1.16411

36.3281 1.1641
36.7188 1.16307

36.7188 1.16307
37.1094 1.16201

37.1094 1.16201
37.5 1.16094

37.5 1.16094
37.8906 1.15988

37.8906 1.15988
38.2812 1.15882

38.2812 1.15882
38.6719 1.15779

38.6719 1.15778
39.0625 1.15678

39.0625 1.15678
39.4531 1.15582

39.4531 1.15582
39.8438 1.1549

39.8438 1.1549
40.2344 1.15404

40.2344 1.15404
40.625 1.15325

40.625 1.15325
41.0156 1.15253

41.0156 1.15253
41.4062 1.15189

41.4062 1.15189
41.7969 1.15133

41.7969 1.15133
42.1875 1.15086

42.1875 1.15086
42.5781 1.15048

42.5781 1.15048
42.9688 1.15019

42.9688 1.15019
43.3594 1.14999

43.3594 1.14999
43.75 1.14987

43.75 1.14987
44.1406 1.14985

44.1406 1.14985
44.5312 1.1499

44.5312 1.1499
44.9219 1.15002

44.9219 1.15002
45.3125 1.1502

45.3125 1.1502
45.7031 1.15042

45.7031 1.15043
46.0938 1.15068

46.0938 1.15069
46.4844 1.15096

46.4844 1.15096
46.875 1.15123

46.875 1.15123
47.2656 1.15147

47.2656 1.15148
47.6562 1.15166

47.6562 1.15167
48.0469 1.15178

48.0469 1.15179
48.4375 1.15179

48.4375 1.15179
48.8281 1.15166

48.8281 1.15167
49.2188 1.15137

49.2188 1.15138
49.6094 1.15089

49.6094 1.15089
50 1.15018

50 1.15019
50.3906 1.14922

50.3906 1.14922
50.7812 1.14797

50.7812 1.14798
51.1719 1.14642

51.1719 1.14643
51.5625 1.14455

51.5625 1.14455
51.9531 1.14233

51.9531 1.14234
52.3438 1.13976

52.3438 1.13976
52.7344 1.13682

52.7344 1.13682
53.125 1.13352

53.125 1.13352
53.5156 1.12986

53.5156 1.12986
53.9062 1.12586

53.9062 1.12585
54.2969 1.12152

54.2969 1.12151
54.6875 1.11687

54.6875 1.11686
55.0781 1.11194

55.0781 1.11193
55.4688 1.10676

55.4688 1.10675
55.8594 1.10137

55.8594 1.10136
56.25 1.09582

56.25 1.09581
56.6406 1.09013

56.6406 1.09012
57.0312 1.08437

57.0312 1.08436
57.4219 1.07856

57.4219 1.07855
57.8125 1.07276

57.8125 1.07275
58.2031 1.06701

58.2031 1.067
58.5938 1.06134

58.5938 1.06134
58.9844 1.0558

58.9844 1.0558
59.375 1.05042

59.375 1.05041
59.7656 1.04522

59.7656 1.04521
60.1562 1.04023

60.1562 1.04023
60.5469 1.03547

60.5469 1.03547
60.9375 1.03096

60.9375 1.03095
61.3281 1.0267

61.3281 1.0267
61.7188 1.0227

61.7188 1.0227
62.1094 1.01897

62.1094 1.01897
62.5 1.01551

62.5 1.01551
62.8906 1.01232

62.8906 1.01232
63.2812 1.00938

63.2812 1.00938
63.6719 1.00669

63.6719 1.0067
64.0625 1.00425

64.0625 1.00426
64.4531 1.00205

64.4531 1.00205
64.8438 1.00007

64.8438 1.00008
65.2344 0.998313

65.2344 0.998316
65.625 0.99676

65.625 0.996762
66.0156 0.995403

66.0156 0.995405
66.4062 0.994234

66.4062 0.994236
66.7969 0.993243

66.7969 0.993245
67.1875 0.992421

67.1875 0.992423
67.5781 0.991761

67.5781 0.991763
67.9688 0.991255

67.9688 0.991257
68.3594 0.990895

68.3594 0.990897
68.75 0.990674

68.75 0.990676
69.1406 0.990585

69.1406 0.990587
69.5312 0.990621

69.5312 0.990623
69.9219 0.990775

69.9219 0.990777
70.3125 0.991041

70.3125 0.991043
70.7031 0.991411

70.7031 0.991412
71.0938 0.991878

71.0938 0.991879
71.4844 0.992434

71.4844 0.992436
71.875 0.993072

71.875 0.993074
72.2656 0.993784

72.2656 0.993787
72.6562 0.994562

72.6562 0.994564
73.0469 0.995396

73.0469 0.995399
73.4375 0.996278

73.4375 0.996281
73.8281 0.997199

73.8281 0.997259
74.2188 0.998091

74.5647 0
74.6021 0.390625

74.6094 0.747356
74.5987 0.78125

74.6726 0.390625
74.6445 0.78125

74.2188 1.11537
74.6094 0.881904

74.6094 1.12762
74.8145 0.78125

