6.64062 1.17181
6.28606 1.17188

6.64062 1.17182
7.03125 1.17166

7.03125 1.17166
7.42188 1.17139

7.42188 1.17139
7.8125 1.17103

7.8125 1.17103
8.20312 1.17057

8.20312 1.17057
8.59375 1.17002

8.59375 1.17001
8.98438 1.16938

8.98438 1.16937
9.375 1.16866

9.375 1.16865
9.76562 1.16786

9.76562 1.16786
10.1562 1.167

10.1562 1.167
10.5469 1.16608

10.5469 1.16608
10.9375 1.16511

10.9375 1.16511
11.3281 1.16411

11.3281 1.1641
11.7188 1.16307

11.7188 1.16307
12.1094 1.16201

12.1094 1.16201
12.5 1.16094

12.5 1.16094
12.8906 1.15988

12.8906 1.15988
13.2812 1.15882

13.2812 1.15882
13.6719 1.15779

13.6719 1.15778
14.0625 1.15678

14.0625 1.15678
14.4531 1.15582

14.4531 1.15582
14.8438 1.15491

14.8438 1.1549
15.2344 1.15405

15.2344 1.15405
15.625 1.15326

15.625 1.15326
16.0156 1.15255

16.0156 1.15255
16.4062 1.15191

16.4062 1.15191
16.7969 1.15137

16.7969 1.15137
17.1875 1.15092

17.1875 1.15092
17.5781 1.15056

17.5781 1.15056
17.9688 1.15031

17.9688 1.15031
18.3594 1.15015

18.3594 1.15015
18.75 1.1501

18.75 1.1501
19.1406 1.15016

19.1406 1.15016
19.5312 1.15032

19.5312 1.15032
19.9219 1.15059

19.9219 1.15059
20.3125 1.15095

20.3125 1.15095
20.7031 1.15141

20.7031 1.15141
21.0938 1.15196

21.0938 1.15196
21.4844 1.1526

21.4844 1.1526
21.875 1.15332

21.875 1.15332
22.2656 1.15411

22.2656 1.15412
22.6562 1.15497

22.6562 1.15498
23.0469 1.15589

23.0469 1.1559
23.4375 1.15686

23.4375 1.15686
23.8281 1.15787

23.8281 1.15787
24.2188 1.1589

24.2188 1.15891
24.6094 1.15996

24.6094 1.15996
25 1.16103

25 1.16103
25.3906 1.1621

25.3906 1.1621
25.7812 1.16315

25.7812 1.16315
26.1719 1.16419

26.1719 1.16419
26.5625 1.16519

26.5625 1.16519
26.9531 1.16616

26.9531 1.16616
27.3438 1.16707

27.3438 1.16707
27.7344 1.16793

27.7344 1.16793
28.125 1.16872

28.125 1.16872
28.5156 1.16943

28.5156 1.16943
28.9062 1.17006

28.9062 1.17007
29.2969 1.17061

29.2969 1.17061
29.6875 1.17106

29.6875 1.17106
30.0781 1.17142

30.0781 1.17142
30.4688 1.17168

30.4688 1.17167
30.8594 1.17183

31.6406 1.17181
31.286 1.17188

31.6406 1.17182
32.0312 1.17166

32.0312 1.17166
32.4219 1.17139

32.4219 1.17139
32.8125 1.17103

32.8125 1.17103
33.2031 1.17057

33.2031 1.17057
33.5938 1.17002

33.5938 1.17001
33.9844 1.16938

33.9844 1.16937
34.375 1.16865

34.375 1.16865
34.7656 1.16786

34.7656 1.16786
35.1562 1.167

35.1562 1.167
35.5469 1.16608

35.5469 1.16608
35.9375 1.16511

35.9375 1.16511
36.3281 1.16411

36.3281 1.1641
36.7188 1.16307

36.7188 1.16307
37.1094 1.16201

37.1094 1.16201
37.5 1.16094

37.5 1.16094
37.8906 1.15988

37.8906 1.15988
38.2812 1.15882

38.2812 1.15882
38.6719 1.15779

38.6719 1.15778
39.0625 1.15678

39.0625 1.15678
39.4531 1.15582

39.4531 1.15582
39.8438 1.15491

39.8438 1.1549
40.2344 1.15405

40.2344 1.15405
40.625 1.15326

40.625 1.15326
41.0156 1.15255

41.0156 1.15255
41.4062 1.15192

41.4062 1.15191
41.7969 1.15137

41.7969 1.15137
42.1875 1.15092

42.1875 1.15092
42.5781 1.15056

42.5781 1.15056
42.9688 1.15031

42.9688 1.15031
43.3594 1.15015

43.3594 1.15015
43.75 1.15011

43.75 1.15011
44.1406 1.15016

44.1406 1.15016
44.5312 1.15032

44.5312 1.15032
44.9219 1.15059

44.9219 1.15059
45.3125 1.15095

45.3125 1.15095
45.7031 1.15141

45.7031 1.15141
46.0938 1.15196

46.0938 1.15196
46.4844 1.1526

46.4844 1.1526
46.875 1.15332

46.875 1.15332
47.2656 1.15412

47.2656 1.15412
47.6562 1.15498

47.6562 1.15498
48.0469 1.15589

48.0469 1.1559
48.4375 1.15686

48.4375 1.15686
48.8281 1.15787

48.8281 1.15787
49.2188 1.15891

49.2188 1.15891
49.6094 1.15996

49.6094 1.15997
50 1.16103

50 1.16103
50.3906 1.1621

50.3906 1.1621
50.7812 1.16315

50.7812 1.16316
51.1719 1.16419

51.1719 1.16419
51.5625 1.16519

51.5625 1.1652
51.9531 1.16616

51.9531 1.16616
52.3438 1.16707

52.3438 1.16707
52.7344 1.16792

52.7344 1.16793
53.125 1.16871

53.125 1.16871
53.5156 1.16942

53.5156 1.16942
53.9062 1.17005

53.9062 1.17005
54.2969 1.17059

54.2969 1.17059
54.6875 1.17104

54.6875 1.17104
55.0781 1.17138

55.0781 1.17138
55.4688 1.17162

55.4688 1.17162
55.8594 1.17175

55.8594 1.17175
56.25 1.17178

56.25 1.17178
56.6406 1.17168

56.6406 1.17168
57.0312 1.17148

57.0312 1.17148
57.4219 1.17115

57.4219 1.17115
57.8125 1.17071

57.8125 1.17071
58.2031 1.17016

58.2031 1.17016
58.5938 1.16949

58.5938 1.16949
58.9844 1.1687

58.9844 1.1687
59.375 1.16779

59.375 1.16779
59.7656 1.16677

59.7656 1.16677
60.1562 1.16564

60.1562 1.16564
60.5469 1.16438

60.5469 1.16438
60.9375 1.16302

60.9375 1.16302
61.3281 1.16153

61.3281 1.16153
61.7188 1.15993

61.7188 1.15993
62.1094 1.15821

62.1094 1.15821
62.5 1.15637

62.5 1.15637
62.8906 1.15441

62.8906 1.15441
63.2812 1.15232

63.2812 1.15232
63.6719 1.1501

63.6719 1.15011
64.0625 1.14776

64.0625 1.14776
64.4531 1.14527

64.4531 1.14528
64.8438 1.14266

64.8438 1.14266
65.2344 1.1399

65.2344 1.1399
65.625 1.137

65.625 1.137
66.0156 1.13397

66.0156 1.13397
66.4062 1.13079

66.4062 1.13079
66.7969 1.12748

66.7969 1.12748
67.1875 1.12404

67.1875 1.12403
67.5781 1.12046

67.5781 1.12046
67.9688 1.11676

67.9688 1.11676
68.3594 1.11295

68.3594 1.11295
68.75 1.10904

68.75 1.10904
69.1406 1.10504

69.1406 1.10504
69.5312 1.10096

69.5312 1.10096
69.9219 1.09682

69.9219 1.09682
70.3125 1.09264

70.3125 1.09264
70.7031 1.08844

70.7031 1.08843
71.0938 1.08423

71.0938 1.08422
71.4844 1.08003

71.4844 1.08003
71.875 1.07587

71.875 1.07587
72.2656 1.07177

72.2656 1.07177
72.6562 1.06775

72.6562 1.06774
73.0469 1.06382

73.0469 1.06381
73.4375 1.06

73.4375 1.06
73.8281 1.05631

73.8281 1.05631
74.2188 1.05277

74.2188 1.05277
74.6094 1.04938

74.6094 1.04938
75 1.04616

75 1.04616
75.3906 1.04312

75.3906 1.04312
75.7812 1.04025

75.7812 1.04025
76.1719 1.03757

76.1719 1.03757
76.5625 1.03506

76.5625 1.03507
76.9531 1.03274

76.9531 1.03274
77.3438 1.03059

77.3438 1.03059
77.7344 1.0286

77.7344 1.02861
78.125 1.02677

78.125 1.02678
78.5156 1.02509

78.5156 1.02509
78.9062 1.02354

78.9062 1.02355
79.2969 1.02212

79.2969 1.02212
79.6875 1.02079

79.6875 1.0208
80.0781 1.01957

80.0781 1.01957
80.4688 1.01842

80.4688 1.01842
80.8594 1.01733

80.8594 1.01733
81.25 1.01629

81.25 1.0163
81.6406 1.0153

81.6406 1.0153
82.0312 1.01433

82.0312 1.01433
82.4219 1.01338

82.4219 1.01338
82.8125 1.01243

82.8125 1.01243
83.2031 1.01148

83.2031 1.01149
83.5938 1.01053

83.5938 1.01053
83.9844 1.00957

83.9844 1.00957
84.375 1.00859

84.375 1.00859
84.7656 1.0076

84.7656 1.0076
85.1562 1.00659

85.1562 1.00659
85.5469 1.00556

85.5469 1.00556
85.9375 1.00452

85.9375 1.00452
86.3281 1.00348

86.3281 1.00347
86.7188 1.00242

86.7188 1.00242
87.1094 1.00137

87.1094 1.00137
87.5 1.00033

87.5 1.00033
87.8906 0.999296

87.8906 0.999294
88.2812 0.998284

88.2812 0.998283
88.6719 0.9973

88.6719 0.997299
89.0625 0.996351

89.0625 0.996349
89.4531 0.995445

89.4531 0.995443
89.8438 0.994588

89.8438 0.994586
90.2344 0.993788

90.2344 0.993787
90.625 0.993052

90.625 0.993051
91.0156 0.992387

91.0156 0.992385
91.4062 0.991797

91.4062 0.991796
91.7969 0.991289

91.7969 0.991288
92.1875 0.990867

92.1875 0.990866
92.5781 0.990534

92.5781 0.990534
92.9688 0.990295

92.9688 0.990294
93.3594 0.99015

93.3594 0.990149
93.75 0.990101

93.75 0.990101
94.1406 0.990148

94.1406 1.03063
94.5312 0.949809

94.6827 0
94.7208 0.390625

94.8177 0.390625
94.7382 0.78125

94.5312 1.15019
94.9219 0.794667

94.9219 0.844603
94.9467 0.78125

