6.64062 1.17181
6.28593 1.17188

6.64062 1.17182
7.03125 1.17166

7.03125 1.17166
7.42188 1.17139

7.42188 1.17139
7.8125 1.17103

7.8125 1.17103
8.20312 1.17057

8.20312 1.17057
8.59375 1.17002

8.59375 1.17001
8.98438 1.16938

8.98438 1.16937
9.375 1.16865

9.375 1.16865
9.76562 1.16786

9.76562 1.16786
10.1562 1.167

10.1562 1.167
10.5469 1.16608

10.5469 1.16608
10.9375 1.16511

10.9375 1.16511
11.3281 1.16411

11.3281 1.1641
11.7188 1.16307

11.7188 1.16307
12.1094 1.16201

12.1094 1.16201
12.5 1.16094

12.5 1.16094
12.8906 1.15988

12.8906 1.15987
13.2812 1.15882

13.2812 1.15882
13.6719 1.15779

13.6719 1.15778
14.0625 1.15678

14.0625 1.15678
14.4531 1.15582

14.4531 1.15582
14.8438 1.15491

14.8438 1.1549
15.2344 1.15405

15.2344 1.15405
15.625 1.15326

15.625 1.15326
16.0156 1.15255

16.0156 1.15255
16.4062 1.15191

16.4062 1.15191
16.7969 1.15137

16.7969 1.15137
17.1875 1.15092

17.1875 1.15092
17.5781 1.15056

17.5781 1.15056
17.9688 1.15031

17.9688 1.15031
18.3594 1.15015

18.3594 1.15015
18.75 1.15011

18.75 1.15011
19.1406 1.15016

19.1406 1.15016
19.5312 1.15032

19.5312 1.15032
19.9219 1.15059

19.9219 1.15059
20.3125 1.15095

20.3125 1.15095
20.7031 1.15141

20.7031 1.15141
21.0938 1.15196

21.0938 1.15196
21.4844 1.1526

21.4844 1.1526
21.875 1.15332

21.875 1.15332
22.2656 1.15411

22.2656 1.15412
22.6562 1.15497

22.6562 1.15498
23.0469 1.15589

23.0469 1.1559
23.4375 1.15686

23.4375 1.15686
23.8281 1.15787

23.8281 1.15787
24.2188 1.1589

24.2188 1.15891
24.6094 1.15996

24.6094 1.15996
25 1.16103

25 1.16103
25.3906 1.1621

25.3906 1.1621
25.7812 1.16315

25.7812 1.16316
26.1719 1.16419

26.1719 1.16419
26.5625 1.16519

26.5625 1.1652
26.9531 1.16616

26.9531 1.16616
27.3438 1.16707

27.3438 1.16707
27.7344 1.16793

27.7344 1.16793
28.125 1.16872

28.125 1.16872
28.5156 1.16943

28.5156 1.16943
28.9062 1.17007

28.9062 1.17007
29.2969 1.17061

29.2969 1.17061
29.6875 1.17107

29.6875 1.17107
30.0781 1.17142

30.0781 1.17142
30.4688 1.17168

30.4688 1.17168
30.8594 1.17184

30.8594 1.17186
30.9827 1.17188

31.6406 1.17181
31.2817 1.17188

31.6406 1.17182
32.0312 1.17166

32.0312 1.17166
32.4219 1.17139

32.4219 1.17139
32.8125 1.17103

32.8125 1.17103
33.2031 1.17056

33.2031 1.17056
33.5938 1.17

33.5938 1.17
33.9844 1.16935

33.9844 1.16935
34.375 1.16861

34.375 1.16861
34.7656 1.16779

34.7656 1.16779
35.1562 1.16689

35.1562 1.16689
35.5469 1.16592

35.5469 1.16592
35.9375 1.16488

35.9375 1.16488
36.3281 1.16378

36.3281 1.16378
36.7188 1.16262

36.7188 1.16262
37.1094 1.16139

37.1094 1.16139
37.5 1.1601

37.5 1.1601
37.8906 1.15875

37.8906 1.15875
38.2812 1.15732

38.2812 1.15733
38.6719 1.15583

38.6719 1.15583
39.0625 1.15424

39.0625 1.15424
39.4531 1.15256

39.4531 1.15256
39.8438 1.15077

39.8438 1.15077
40.2344 1.14885

40.2344 1.14885
40.625 1.14679

40.625 1.14679
41.0156 1.14457

41.0156 1.14457
41.4062 1.14217

41.4062 1.14217
41.7969 1.13957

41.7969 1.13957
42.1875 1.13676

42.1875 1.13676
42.5781 1.13372

42.5781 1.13372
42.9688 1.13044

42.9688 1.13044
43.3594 1.12691

43.3594 1.12691
43.75 1.12313

43.75 1.12313
44.1406 1.1191

44.1406 1.1191
44.5312 1.11483

44.5312 1.11483
44.9219 1.11034

44.9219 1.11033
45.3125 1.10563

45.3125 1.10562
45.7031 1.10074

45.7031 1.10073
46.0938 1.0957

46.0938 1.09569
46.4844 1.09054

46.4844 1.09053
46.875 1.08531

46.875 1.0853
47.2656 1.08005

47.2656 1.08003
47.6562 1.07479

47.6562 1.07478
48.0469 1.0696

48.0469 1.06959
48.4375 1.06451

48.4375 1.0645
48.8281 1.05957

48.8281 1.05956
49.2188 1.05481

49.2188 1.0548
49.6094 1.05027

49.6094 1.05026
50 1.04598

50 1.04598
50.3906 1.04197

50.3906 1.04196
50.7812 1.03824

50.7812 1.03824
51.1719 1.03482

51.1719 1.03482
51.5625 1.03171

51.5625 1.03171
51.9531 1.02889

51.9531 1.0289
52.3438 1.02638

52.3438 1.02638
52.7344 1.02415

52.7344 1.02415
53.125 1.02218

53.125 1.02219
53.5156 1.02046

53.5156 1.02046
53.9062 1.01896

53.9062 1.01896
54.2969 1.01765

54.2969 1.01765
54.6875 1.01651

54.6875 1.01651
55.0781 1.01551

55.0781 1.01551
55.4688 1.01462

55.4688 1.01463
55.8594 1.01382

55.8594 1.01383
56.25 1.01309

56.25 1.01309
56.6406 1.0124

56.6406 1.0124
57.0312 1.01173

57.0312 1.01173
57.4219 1.01107

57.4219 1.01107
57.8125 1.0104

57.8125 1.01041
58.2031 1.00972

58.2031 1.00972
58.5938 1.00901

58.5938 1.00901
58.9844 1.00826

58.9844 1.00826
59.375 1.00748

59.375 1.00748
59.7656 1.00666

59.7656 1.00666
60.1562 1.00581

60.1562 1.0058
60.5469 1.00491

60.5469 1.00491
60.9375 1.00399

60.9375 1.00399
61.3281 1.00304

61.3281 1.00304
61.7188 1.00207

61.7188 1.00207
62.1094 1.00109

62.1094 1.0021
62.5 0.999098

62.8253 0
62.8629 0.390625

62.8906 0.674848
62.8611 0.78125

62.9348 0.390625
62.9119 0.78125

62.5 1.12395
62.8906 0.875275

62.8906 1.11854
63.0758 0.78125

