6.64062 1.17181
6.2863 1.17188

6.64062 1.17182
7.03125 1.17166

7.03125 1.17166
7.42188 1.17139

7.42188 1.17139
7.8125 1.17103

7.8125 1.17103
8.20312 1.17057

8.20312 1.17057
8.59375 1.17002

8.59375 1.17001
8.98438 1.16938

8.98438 1.16937
9.375 1.16866

9.375 1.16865
9.76562 1.16786

9.76562 1.16786
10.1562 1.167

10.1562 1.167
10.5469 1.16608

10.5469 1.16608
10.9375 1.16511

10.9375 1.16511
11.3281 1.16411

11.3281 1.1641
11.7188 1.16307

11.7188 1.16307
12.1094 1.16201

12.1094 1.16201
12.5 1.16094

12.5 1.16094
12.8906 1.15988

12.8906 1.15988
13.2812 1.15882

13.2812 1.15882
13.6719 1.15779

13.6719 1.15778
14.0625 1.15678

14.0625 1.15678
14.4531 1.15582

14.4531 1.15582
14.8438 1.15491

14.8438 1.1549
15.2344 1.15405

15.2344 1.15405
15.625 1.15326

15.625 1.15326
16.0156 1.15255

16.0156 1.15255
16.4062 1.15192

16.4062 1.15191
16.7969 1.15137

16.7969 1.15137
17.1875 1.15092

17.1875 1.15092
17.5781 1.15056

17.5781 1.15056
17.9688 1.15031

17.9688 1.15031
18.3594 1.15015

18.3594 1.15015
18.75 1.15011

18.75 1.15011
19.1406 1.15016

19.1406 1.15016
19.5312 1.15032

19.5312 1.15032
19.9219 1.15059

19.9219 1.15059
20.3125 1.15095

20.3125 1.15095
20.7031 1.15141

20.7031 1.15141
21.0938 1.15196

21.0938 1.15196
21.4844 1.1526

21.4844 1.1526
21.875 1.15332

21.875 1.15332
22.2656 1.15411

22.2656 1.15412
22.6562 1.15498

22.6562 1.15498
23.0469 1.15589

23.0469 1.1559
23.4375 1.15686

23.4375 1.15686
23.8281 1.15787

23.8281 1.15787
24.2188 1.1589

24.2188 1.15891
24.6094 1.15996

24.6094 1.15996
25 1.16103

25 1.16103
25.3906 1.1621

25.3906 1.1621
25.7812 1.16315

25.7812 1.16315
26.1719 1.16419

26.1719 1.16419
26.5625 1.16519

26.5625 1.16519
26.9531 1.16616

26.9531 1.16616
27.3438 1.16707

27.3438 1.16707
27.7344 1.16793

27.7344 1.16793
28.125 1.16872

28.125 1.16872
28.5156 1.16943

28.5156 1.16943
28.9062 1.17006

28.9062 1.17007
29.2969 1.17061

29.2969 1.17061
29.6875 1.17106

29.6875 1.17107
30.0781 1.17142

30.0781 1.17142
30.4688 1.17168

30.4688 1.17167
30.8594 1.17183

31.6406 1.17181
31.2857 1.17188

31.6406 1.17182
32.0312 1.17166

32.0312 1.17166
32.4219 1.17139

32.4219 1.17139
32.8125 1.17103

32.8125 1.17103
33.2031 1.17057

33.2031 1.17057
33.5938 1.17002

33.5938 1.17001
33.9844 1.16938

33.9844 1.16937
34.375 1.16866

34.375 1.16865
34.7656 1.16786

34.7656 1.16786
35.1562 1.167

35.1562 1.167
35.5469 1.16608

35.5469 1.16608
35.9375 1.16511

35.9375 1.16511
36.3281 1.16411

36.3281 1.1641
36.7188 1.16307

36.7188 1.16307
37.1094 1.16201

37.1094 1.16201
37.5 1.16094

37.5 1.16094
37.8906 1.15988

37.8906 1.15987
38.2812 1.15882

38.2812 1.15882
38.6719 1.15778

38.6719 1.15778
39.0625 1.15677

39.0625 1.15677
39.4531 1.15581

39.4531 1.1558
39.8438 1.15488

39.8438 1.15488
40.2344 1.15402

40.2344 1.15401
40.625 1.15321

40.625 1.15321
41.0156 1.15247

41.0156 1.15247
41.4062 1.1518

41.4062 1.1518
41.7969 1.15121

41.7969 1.15121
42.1875 1.15069

42.1875 1.1507
42.5781 1.15026

42.5781 1.15026
42.9688 1.14989

42.9688 1.14989
43.3594 1.14959

43.3594 1.1496
43.75 1.14936

43.75 1.14936
44.1406 1.14918

44.1406 1.14919
44.5312 1.14905

44.5312 1.14905
44.9219 1.14894

44.9219 1.14895
45.3125 1.14885

45.3125 1.14885
45.7031 1.14874

45.7031 1.14875
46.0938 1.14861

46.0938 1.14862
46.4844 1.14843

46.4844 1.14843
46.875 1.14816

46.875 1.14817
47.2656 1.14779

47.2656 1.1478
47.6562 1.14728

47.6562 1.14729
48.0469 1.14661

48.0469 1.14662
48.4375 1.14574

48.4375 1.14575
48.8281 1.14465

48.8281 1.14466
49.2188 1.14331

49.2188 1.14332
49.6094 1.1417

49.6094 1.1417
50 1.13978

50 1.13979
50.3906 1.13756

50.3906 1.13756
50.7812 1.13501

50.7812 1.13501
51.1719 1.13212

51.1719 1.13212
51.5625 1.1289

51.5625 1.1289
51.9531 1.12535

51.9531 1.12535
52.3438 1.12148

52.3438 1.12147
52.7344 1.1173

52.7344 1.11729
53.125 1.11283

53.125 1.11283
53.5156 1.10812

53.5156 1.10811
53.9062 1.10318

53.9062 1.10317
54.2969 1.09805

54.2969 1.09804
54.6875 1.09277

54.6875 1.09276
55.0781 1.08739

55.0781 1.08738
55.4688 1.08195

55.4688 1.08194
55.8594 1.07648

55.8594 1.07647
56.25 1.07104

56.25 1.07103
56.6406 1.06565

56.6406 1.06564
57.0312 1.06036

57.0312 1.06035
57.4219 1.0552

57.4219 1.05519
57.8125 1.05019

57.8125 1.05019
58.2031 1.04537

58.2031 1.04536
58.5938 1.04074

58.5938 1.04074
58.9844 1.03634

58.9844 1.03634
59.375 1.03216

59.375 1.03216
59.7656 1.02822

59.7656 1.02822
60.1562 1.02451

60.1562 1.02451
60.5469 1.02104

60.5469 1.02104
60.9375 1.0178

60.9375 1.0178
61.3281 1.0148

61.3281 1.0148
61.7188 1.01201

61.7188 1.01201
62.1094 1.00943

62.1094 1.00943
62.5 1.00706

62.5 1.00706
62.8906 1.00488

62.8906 1.00488
63.2812 1.00288

63.2812 1.00289
63.6719 1.00106

63.6719 1.00106
64.0625 0.999405

64.0625 0.999407
64.4531 0.997905

64.4531 0.997906
64.8438 0.996555

64.8438 0.996556
65.2344 0.995348

65.2344 0.995349
65.625 0.994279

65.625 0.99428
66.0156 0.993343

66.0156 0.993344
66.4062 0.992536

66.4062 0.992537
66.7969 0.991854

66.7969 0.991855
67.1875 0.991295

67.1875 0.991295
67.5781 0.990855

67.5781 0.990855
67.9688 0.990531

67.9688 0.990532
68.3594 0.990322

68.3594 0.990323
68.75 0.990224

68.75 0.990225
69.1406 0.990235

69.1406 0.990236
69.5312 0.990352

69.5312 0.990353
69.9219 0.99057

69.9219 0.990571
70.3125 0.990887

70.3125 0.990888
70.7031 0.991296

70.7031 0.991297
71.0938 0.991794

71.0938 0.991795
71.4844 0.992374

71.4844 0.992375
71.875 0.99303

72.3027 0
72.3402 0.390625

72.4218 0.390625
72.3712 0.78125

71.875 1.07792
72.2656 0.908863

72.2656 1.14157
72.5541 0.78125

