6.64062 1.17181
6.28607 1.17188

6.64062 1.17182
7.03125 1.17166

7.03125 1.17166
7.42188 1.17139

7.42188 1.17139
7.8125 1.17103

7.8125 1.17103
8.20312 1.17057

8.20312 1.17057
8.59375 1.17002

8.59375 1.17001
8.98438 1.16938

8.98438 1.16937
9.375 1.16866

9.375 1.16865
9.76562 1.16786

9.76562 1.16786
10.1562 1.167

10.1562 1.167
10.5469 1.16608

10.5469 1.16608
10.9375 1.16511

10.9375 1.16511
11.3281 1.16411

11.3281 1.1641
11.7188 1.16307

11.7188 1.16307
12.1094 1.16201

12.1094 1.16201
12.5 1.16094

12.5 1.16094
12.8906 1.15988

12.8906 1.15988
13.2812 1.15882

13.2812 1.15882
13.6719 1.15779

13.6719 1.15778
14.0625 1.15678

14.0625 1.15678
14.4531 1.15582

14.4531 1.15582
14.8438 1.15491

14.8438 1.1549
15.2344 1.15405

15.2344 1.15405
15.625 1.15326

15.625 1.15326
16.0156 1.15255

16.0156 1.15255
16.4062 1.15192

16.4062 1.15191
16.7969 1.15137

16.7969 1.15137
17.1875 1.15092

17.1875 1.15092
17.5781 1.15056

17.5781 1.15056
17.9688 1.15031

17.9688 1.15031
18.3594 1.15015

18.3594 1.15015
18.75 1.1501

18.75 1.1501
19.1406 1.15016

19.1406 1.15016
19.5312 1.15032

19.5312 1.15032
19.9219 1.15059

19.9219 1.15059
20.3125 1.15095

20.3125 1.15095
20.7031 1.15141

20.7031 1.15141
21.0938 1.15196

21.0938 1.15196
21.4844 1.1526

21.4844 1.1526
21.875 1.15332

21.875 1.15332
22.2656 1.15411

22.2656 1.15412
22.6562 1.15498

22.6562 1.15498
23.0469 1.15589

23.0469 1.1559
23.4375 1.15686

23.4375 1.15686
23.8281 1.15787

23.8281 1.15787
24.2188 1.1589

24.2188 1.15891
24.6094 1.15996

24.6094 1.15996
25 1.16103

25 1.16103
25.3906 1.1621

25.3906 1.1621
25.7812 1.16315

25.7812 1.16315
26.1719 1.16419

26.1719 1.16419
26.5625 1.16519

26.5625 1.16519
26.9531 1.16616

26.9531 1.16616
27.3438 1.16707

27.3438 1.16707
27.7344 1.16793

27.7344 1.16793
28.125 1.16872

28.125 1.16872
28.5156 1.16943

28.5156 1.16943
28.9062 1.17006

28.9062 1.17007
29.2969 1.17061

29.2969 1.17061
29.6875 1.17106

29.6875 1.17106
30.0781 1.17142

30.0781 1.17142
30.4688 1.17168

30.4688 1.17167
30.8594 1.17183

31.6406 1.17181
31.2861 1.17188

31.6406 1.17182
32.0312 1.17166

32.0312 1.17166
32.4219 1.17139

32.4219 1.17139
32.8125 1.17103

32.8125 1.17103
33.2031 1.17057

33.2031 1.17057
33.5938 1.17002

33.5938 1.17001
33.9844 1.16938

33.9844 1.16937
34.375 1.16866

34.375 1.16865
34.7656 1.16786

34.7656 1.16786
35.1562 1.167

35.1562 1.167
35.5469 1.16608

35.5469 1.16608
35.9375 1.16511

35.9375 1.16511
36.3281 1.16411

36.3281 1.1641
36.7188 1.16307

36.7188 1.16307
37.1094 1.16201

37.1094 1.16201
37.5 1.16095

37.5 1.16094
37.8906 1.15988

37.8906 1.15988
38.2812 1.15882

38.2812 1.15882
38.6719 1.15779

38.6719 1.15779
39.0625 1.15678

39.0625 1.15678
39.4531 1.15582

39.4531 1.15582
39.8438 1.15491

39.8438 1.1549
40.2344 1.15405

40.2344 1.15405
40.625 1.15326

40.625 1.15326
41.0156 1.15255

41.0156 1.15255
41.4062 1.15192

41.4062 1.15191
41.7969 1.15137

41.7969 1.15137
42.1875 1.15092

42.1875 1.15092
42.5781 1.15056

42.5781 1.15056
42.9688 1.15031

42.9688 1.15031
43.3594 1.15015

43.3594 1.15015
43.75 1.15011

43.75 1.15011
44.1406 1.15016

44.1406 1.15016
44.5312 1.15032

44.5312 1.15032
44.9219 1.15059

44.9219 1.15059
45.3125 1.15095

45.3125 1.15095
45.7031 1.15141

45.7031 1.15141
46.0938 1.15196

46.0938 1.15196
46.4844 1.1526

46.4844 1.1526
46.875 1.15332

46.875 1.15332
47.2656 1.15412

47.2656 1.15412
47.6562 1.15498

47.6562 1.15498
48.0469 1.15589

48.0469 1.1559
48.4375 1.15686

48.4375 1.15686
48.8281 1.15787

48.8281 1.15787
49.2188 1.15891

49.2188 1.15891
49.6094 1.15996

49.6094 1.15996
50 1.16103

50 1.16103
50.3906 1.1621

50.3906 1.1621
50.7812 1.16315

50.7812 1.16315
51.1719 1.16419

51.1719 1.16419
51.5625 1.16519

51.5625 1.16519
51.9531 1.16615

51.9531 1.16615
52.3438 1.16706

52.3438 1.16707
52.7344 1.16791

52.7344 1.16792
53.125 1.1687

53.125 1.1687
53.5156 1.1694

53.5156 1.16941
53.9062 1.17003

53.9062 1.17003
54.2969 1.17056

54.2969 1.17056
54.6875 1.17099

54.6875 1.17099
55.0781 1.17132

55.0781 1.17132
55.4688 1.17154

55.4688 1.17154
55.8594 1.17165

55.8594 1.17165
56.25 1.17164

56.25 1.17164
56.6406 1.1715

56.6406 1.17151
57.0312 1.17125

57.0312 1.17125
57.4219 1.17086

57.4219 1.17086
57.8125 1.17035

57.8125 1.17035
58.2031 1.1697

58.2031 1.1697
58.5938 1.16892

58.5938 1.16892
58.9844 1.168

58.9844 1.168
59.375 1.16694

59.375 1.16694
59.7656 1.16573

59.7656 1.16573
60.1562 1.16438

60.1562 1.16438
60.5469 1.16289

60.5469 1.16289
60.9375 1.16124

60.9375 1.16124
61.3281 1.15943

61.3281 1.15943
61.7188 1.15747

61.7188 1.15747
62.1094 1.15535

62.1094 1.15535
62.5 1.15306

62.5 1.15306
62.8906 1.15061

62.8906 1.15061
63.2812 1.14798

63.2812 1.14798
63.6719 1.14519

63.6719 1.14519
64.0625 1.14222

64.0625 1.14222
64.4531 1.13908

64.4531 1.13908
64.8438 1.13577

64.8438 1.13577
65.2344 1.13229

65.2344 1.13229
65.625 1.12866

65.625 1.12865
66.0156 1.12486

66.0156 1.12486
66.4062 1.12092

66.4062 1.12092
66.7969 1.11684

66.7969 1.11684
67.1875 1.11264

67.1875 1.11264
67.5781 1.10833

67.5781 1.10833
67.9688 1.10393

67.9688 1.10393
68.3594 1.09946

68.3594 1.09945
68.75 1.09493

68.75 1.09492
69.1406 1.09037

69.1406 1.09036
69.5312 1.0858

69.5312 1.08579
69.9219 1.08124

69.9219 1.08124
70.3125 1.07673

70.3125 1.07672
70.7031 1.07228

70.7031 1.07227
71.0938 1.06791

71.0938 1.0679
71.4844 1.06365

71.4844 1.06365
71.875 1.05952

71.875 1.05952
72.2656 1.05554

72.2656 1.05554
72.6562 1.05173

72.6562 1.05173
73.0469 1.0481

73.0469 1.0481
73.4375 1.04466

73.4375 1.04466
73.8281 1.04143

73.8281 1.04143
74.2188 1.03842

74.2188 1.03841
74.6094 1.03561

74.6094 1.03561
75 1.03303

75 1.03303
75.3906 1.03066

75.3906 1.03066
75.7812 1.0285

75.7812 1.0285
76.1719 1.02655

76.1719 1.02655
76.5625 1.02479

76.5625 1.02479
76.9531 1.02321

76.9531 1.02321
77.3438 1.0218

77.3438 1.0218
77.7344 1.02054

77.7344 1.02055
78.125 1.01943

78.125 1.01943
78.5156 1.01843

78.5156 1.01843
78.9062 1.01754

78.9062 1.01754
79.2969 1.01673

79.2969 1.01673
79.6875 1.01599

79.6875 1.016
80.0781 1.01531

80.0781 1.01531
80.4688 1.01466

80.4688 1.01467
80.8594 1.01404

80.8594 1.01404
81.25 1.01343

81.25 1.01343
81.6406 1.01281

81.6406 1.01281
82.0312 1.01219

82.0312 1.01219
82.4219 1.01154

82.4219 1.01154
82.8125 1.01087

82.8125 1.01087
83.2031 1.01016

83.2031 1.01016
83.5938 1.00941

83.5938 1.00941
83.9844 1.00863

83.9844 1.00863
84.375 1.00781

84.375 1.00781
84.7656 1.00695

84.7656 1.00695
85.1562 1.00605

85.1562 1.00605
85.5469 1.00513

85.5469 1.00512
85.9375 1.00417

85.9375 1.00417
86.3281 1.00319

86.3281 1.00319
86.7188 1.00219

86.7188 1.00219
87.1094 1.00119

87.1094 1.00119
87.5 1.00018

87.5 1.00018
87.8906 0.999182

87.8906 0.99918
88.2812 0.998195

88.2812 0.998193
88.6719 0.997231

88.6719 0.997229
89.0625 0.996298

89.0625 0.996296
89.4531 0.995404

89.4531 0.995402
89.8438 0.994557

89.8438 0.994555
90.2344 0.993765

90.2344 0.993763
90.625 0.993035

90.625 0.993033
91.0156 0.992374

91.0156 0.992373
91.4062 0.991788

91.4062 0.991787
91.7969 0.991283

91.7969 0.991281
92.1875 0.990862

92.9605 0
92.9688 0.0845974

92.1875 0.990861
92.5781 0.990531

92.5781 1.09194
92.9688 0.88888

92.9688 0.0853845
92.9984 0.390625

93.0766 0.390625
93.0342 0.78125

92.9688 1.12799
93.2105 0.78125

