6.64062 1.17181
6.28612 1.17188

6.64062 1.17182
7.03125 1.17166

7.03125 1.17166
7.42188 1.17139

7.42188 1.17139
7.8125 1.17103

7.8125 1.17103
8.20312 1.17057

8.20312 1.17057
8.59375 1.17002

8.59375 1.17001
8.98438 1.16938

8.98438 1.16937
9.375 1.16866

9.375 1.16865
9.76562 1.16786

9.76562 1.16786
10.1562 1.167

10.1562 1.167
10.5469 1.16608

10.5469 1.16608
10.9375 1.16511

10.9375 1.16511
11.3281 1.16411

11.3281 1.1641
11.7188 1.16307

11.7188 1.16307
12.1094 1.16201

12.1094 1.16201
12.5 1.16094

12.5 1.16094
12.8906 1.15988

12.8906 1.15988
13.2812 1.15882

13.2812 1.15882
13.6719 1.15779

13.6719 1.15778
14.0625 1.15678

14.0625 1.15678
14.4531 1.15582

14.4531 1.15582
14.8438 1.15491

14.8438 1.1549
15.2344 1.15405

15.2344 1.15405
15.625 1.15326

15.625 1.15326
16.0156 1.15255

16.0156 1.15255
16.4062 1.15192

16.4062 1.15191
16.7969 1.15137

16.7969 1.15137
17.1875 1.15092

17.1875 1.15092
17.5781 1.15056

17.5781 1.15056
17.9688 1.15031

17.9688 1.15031
18.3594 1.15015

18.3594 1.15015
18.75 1.15011

18.75 1.15011
19.1406 1.15016

19.1406 1.15016
19.5312 1.15032

19.5312 1.15032
19.9219 1.15059

19.9219 1.15059
20.3125 1.15095

20.3125 1.15095
20.7031 1.15141

20.7031 1.15141
21.0938 1.15196

21.0938 1.15196
21.4844 1.1526

21.4844 1.1526
21.875 1.15332

21.875 1.15332
22.2656 1.15411

22.2656 1.15412
22.6562 1.15498

22.6562 1.15498
23.0469 1.15589

23.0469 1.1559
23.4375 1.15686

23.4375 1.15686
23.8281 1.15787

23.8281 1.15787
24.2188 1.1589

24.2188 1.15891
24.6094 1.15996

24.6094 1.15996
25 1.16103

25 1.16103
25.3906 1.1621

25.3906 1.1621
25.7812 1.16315

25.7812 1.16315
26.1719 1.16419

26.1719 1.16419
26.5625 1.16519

26.5625 1.16519
26.9531 1.16616

26.9531 1.16616
27.3438 1.16707

27.3438 1.16707
27.7344 1.16793

27.7344 1.16793
28.125 1.16872

28.125 1.16872
28.5156 1.16943

28.5156 1.16943
28.9062 1.17006

28.9062 1.17007
29.2969 1.17061

29.2969 1.17061
29.6875 1.17106

29.6875 1.17106
30.0781 1.17142

30.0781 1.17142
30.4688 1.17168

30.4688 1.17167
30.8594 1.17183

31.6406 1.17181
31.2869 1.17188

31.6406 1.17182
32.0312 1.17166

32.0312 1.17166
32.4219 1.17139

32.4219 1.17139
32.8125 1.17103

32.8125 1.17103
33.2031 1.17057

33.2031 1.17057
33.5938 1.17002

33.5938 1.17001
33.9844 1.16938

33.9844 1.16937
34.375 1.16866

34.375 1.16865
34.7656 1.16786

34.7656 1.16786
35.1562 1.167

35.1562 1.167
35.5469 1.16608

35.5469 1.16608
35.9375 1.16511

35.9375 1.16511
36.3281 1.16411

36.3281 1.1641
36.7188 1.16307

36.7188 1.16307
37.1094 1.16201

37.1094 1.16201
37.5 1.16094

37.5 1.16094
37.8906 1.15988

37.8906 1.15988
38.2812 1.15882

38.2812 1.15882
38.6719 1.15779

38.6719 1.15778
39.0625 1.15678

39.0625 1.15678
39.4531 1.15582

39.4531 1.15582
39.8438 1.15491

39.8438 1.1549
40.2344 1.15405

40.2344 1.15405
40.625 1.15326

40.625 1.15326
41.0156 1.15255

41.0156 1.15255
41.4062 1.15192

41.4062 1.15191
41.7969 1.15137

41.7969 1.15137
42.1875 1.15092

42.1875 1.15092
42.5781 1.15056

42.5781 1.15056
42.9688 1.15031

42.9688 1.15031
43.3594 1.15015

43.3594 1.15015
43.75 1.1501

43.75 1.1501
44.1406 1.15016

44.1406 1.15016
44.5312 1.15032

44.5312 1.15032
44.9219 1.15058

44.9219 1.15058
45.3125 1.15094

45.3125 1.15094
45.7031 1.15139

45.7031 1.15139
46.0938 1.15193

46.0938 1.15193
46.4844 1.15256

46.4844 1.15256
46.875 1.15326

46.875 1.15326
47.2656 1.15403

47.2656 1.15403
47.6562 1.15485

47.6562 1.15486
48.0469 1.15572

48.0469 1.15573
48.4375 1.15663

48.4375 1.15663
48.8281 1.15756

48.8281 1.15756
49.2188 1.15849

49.2188 1.1585
49.6094 1.15942

49.6094 1.15942
50 1.16032

50 1.16032
50.3906 1.16118

50.3906 1.16118
50.7812 1.16197

50.7812 1.16198
51.1719 1.16268

51.1719 1.16269
51.5625 1.16329

51.5625 1.16329
51.9531 1.16377

51.9531 1.16377
52.3438 1.16409

52.3438 1.1641
52.7344 1.16425

52.7344 1.16425
53.125 1.1642

53.125 1.16421
53.5156 1.16393

53.5156 1.16394
53.9062 1.16341

53.9062 1.16342
54.2969 1.16262

54.2969 1.16263
54.6875 1.16154

54.6875 1.16155
55.0781 1.16015

55.0781 1.16015
55.4688 1.15841

55.4688 1.15842
55.8594 1.15633

55.8594 1.15634
56.25 1.15389

56.25 1.15389
56.6406 1.15108

56.6406 1.15108
57.0312 1.14789

57.0312 1.14789
57.4219 1.14433

57.4219 1.14432
57.8125 1.14039

57.8125 1.14039
58.2031 1.13609

58.2031 1.13609
58.5938 1.13145

58.5938 1.13145
58.9844 1.12649

58.9844 1.12648
59.375 1.12122

59.375 1.12121
59.7656 1.11568

59.7656 1.11567
60.1562 1.10991

60.1562 1.1099
60.5469 1.10394

60.5469 1.10393
60.9375 1.09782

60.9375 1.09781
61.3281 1.09158

61.3281 1.09157
61.7188 1.08528

61.7188 1.08527
62.1094 1.07896

62.1094 1.07894
62.5 1.07266

62.5 1.07265
62.8906 1.06643

62.8906 1.06642
63.2812 1.06031

63.2812 1.0603
63.6719 1.05435

63.6719 1.05434
64.0625 1.04858

64.0625 1.04857
64.4531 1.04303

64.4531 1.04302
64.8438 1.03774

64.8438 1.03773
65.2344 1.03273

65.2344 1.03272
65.625 1.02802

65.625 1.02802
66.0156 1.02363

66.0156 1.02363
66.4062 1.01958

66.4062 1.01957
66.7969 1.01586

66.7969 1.01586
67.1875 1.01249

67.1875 1.01249
67.5781 1.00946

67.5781 1.00946
67.9688 1.00678

67.9688 1.00678
68.3594 1.00443

68.3594 1.00443
68.75 1.0024

68.75 1.0024
69.1406 1.00068

69.1406 1.00069
69.5312 0.999268

69.5312 0.999272
69.9219 0.998134

69.9219 0.998138
70.3125 0.997265

70.3125 0.997269
70.7031 0.996642

70.7031 0.996647
71.0938 0.996247

71.0938 0.996252
71.4844 0.996061

71.4844 0.996066
71.875 0.996063

71.875 0.996068
72.2656 0.996234

72.2656 0.996239
72.6562 0.996555

72.6562 0.99656
73.0469 0.997006

73.0469 0.997011
73.4375 0.99757

73.4375 0.997574
73.8281 0.998227

73.8281 0.998232
74.2188 0.998961

74.2188 0.998966
74.6094 0.999755

74.6094 0.999759
75 1.00059

75 1.0006
75.3906 1.00146

75.3906 1.00146
75.7812 1.00234

75.7812 1.00234
76.1719 1.00322

76.1719 1.00322
76.5625 1.00409

76.5625 1.00409
76.9531 1.00493

76.9531 1.00494
77.3438 1.00574

77.3438 1.00575
77.7344 1.00651

77.7344 1.00651
78.125 1.00721

78.125 1.00722
78.5156 1.00786

78.5156 1.00786
78.9062 1.00843

78.9062 1.00844
79.2969 1.00893

79.2969 1.00893
79.6875 1.00935

79.6875 1.00935
80.0781 1.00967

80.0781 1.00967
80.4688 1.00991

80.4688 1.00991
80.8594 1.01005

80.8594 1.02658
81.25 0.993578

81.482 0
81.5192 0.390625

81.6134 0.390625
81.5366 0.78125

81.25 1.15749
81.6406 0.861777

81.6406 1.01969
81.7398 0.78125

