6.64062 1.17181
6.28624 1.17188

6.64062 1.17182
7.03125 1.17166

7.03125 1.17166
7.42188 1.17139

7.42188 1.17139
7.8125 1.17103

7.8125 1.17103
8.20312 1.17057

8.20312 1.17057
8.59375 1.17002

8.59375 1.17001
8.98438 1.16938

8.98438 1.16937
9.375 1.16866

9.375 1.16865
9.76562 1.16786

9.76562 1.16786
10.1562 1.167

10.1562 1.167
10.5469 1.16608

10.5469 1.16608
10.9375 1.16511

10.9375 1.16511
11.3281 1.16411

11.3281 1.1641
11.7188 1.16307

11.7188 1.16307
12.1094 1.16201

12.1094 1.16201
12.5 1.16094

12.5 1.16094
12.8906 1.15988

12.8906 1.15988
13.2812 1.15882

13.2812 1.15882
13.6719 1.15779

13.6719 1.15778
14.0625 1.15678

14.0625 1.15678
14.4531 1.15582

14.4531 1.15582
14.8438 1.15491

14.8438 1.1549
15.2344 1.15405

15.2344 1.15405
15.625 1.15326

15.625 1.15326
16.0156 1.15255

16.0156 1.15255
16.4062 1.15192

16.4062 1.15191
16.7969 1.15137

16.7969 1.15137
17.1875 1.15092

17.1875 1.15092
17.5781 1.15056

17.5781 1.15056
17.9688 1.15031

17.9688 1.15031
18.3594 1.15015

18.3594 1.15015
18.75 1.15011

18.75 1.15011
19.1406 1.15016

19.1406 1.15016
19.5312 1.15032

19.5312 1.15032
19.9219 1.15059

19.9219 1.15059
20.3125 1.15095

20.3125 1.15095
20.7031 1.15141

20.7031 1.15141
21.0938 1.15196

21.0938 1.15196
21.4844 1.1526

21.4844 1.1526
21.875 1.15332

21.875 1.15332
22.2656 1.15411

22.2656 1.15412
22.6562 1.15497

22.6562 1.15498
23.0469 1.15589

23.0469 1.1559
23.4375 1.15686

23.4375 1.15686
23.8281 1.15787

23.8281 1.15787
24.2188 1.1589

24.2188 1.15891
24.6094 1.15996

24.6094 1.15996
25 1.16103

25 1.16103
25.3906 1.1621

25.3906 1.1621
25.7812 1.16315

25.7812 1.16315
26.1719 1.16419

26.1719 1.16419
26.5625 1.16519

26.5625 1.16519
26.9531 1.16616

26.9531 1.16616
27.3438 1.16707

27.3438 1.16707
27.7344 1.16793

27.7344 1.16793
28.125 1.16872

28.125 1.16872
28.5156 1.16943

28.5156 1.16943
28.9062 1.17006

28.9062 1.17007
29.2969 1.17061

29.2969 1.17061
29.6875 1.17106

29.6875 1.17106
30.0781 1.17142

30.0781 1.17142
30.4688 1.17168

30.4688 1.17167
30.8594 1.17183

31.6406 1.17181
31.286 1.17188

31.6406 1.17182
32.0312 1.17166

32.0312 1.17166
32.4219 1.17139

32.4219 1.17139
32.8125 1.17103

32.8125 1.17103
33.2031 1.17057

33.2031 1.17057
33.5938 1.17002

33.5938 1.17001
33.9844 1.16938

33.9844 1.16937
34.375 1.16865

34.375 1.16865
34.7656 1.16786

34.7656 1.16786
35.1562 1.167

35.1562 1.167
35.5469 1.16608

35.5469 1.16608
35.9375 1.16511

35.9375 1.16511
36.3281 1.16411

36.3281 1.1641
36.7188 1.16307

36.7188 1.16307
37.1094 1.16201

37.1094 1.16201
37.5 1.16094

37.5 1.16094
37.8906 1.15988

37.8906 1.15988
38.2812 1.15882

38.2812 1.15882
38.6719 1.15779

38.6719 1.15778
39.0625 1.15678

39.0625 1.15678
39.4531 1.15582

39.4531 1.15581
39.8438 1.1549

39.8438 1.1549
40.2344 1.15404

40.2344 1.15404
40.625 1.15325

40.625 1.15325
41.0156 1.15252

41.0156 1.15252
41.4062 1.15188

41.4062 1.15188
41.7969 1.15132

41.7969 1.15132
42.1875 1.15084

42.1875 1.15084
42.5781 1.15045

42.5781 1.15045
42.9688 1.15015

42.9688 1.15015
43.3594 1.14994

43.3594 1.14994
43.75 1.14981

43.75 1.14981
44.1406 1.14976

44.1406 1.14977
44.5312 1.14979

44.5312 1.14979
44.9219 1.14988

44.9219 1.14988
45.3125 1.15002

45.3125 1.15002
45.7031 1.1502

45.7031 1.15021
46.0938 1.15041

46.0938 1.15041
46.4844 1.15061

46.4844 1.15062
46.875 1.1508

46.875 1.15081
47.2656 1.15095

47.2656 1.15096
47.6562 1.15104

47.6562 1.15105
48.0469 1.15103

48.0469 1.15104
48.4375 1.1509

48.4375 1.15091
48.8281 1.15062

48.8281 1.15062
49.2188 1.15015

49.2188 1.15016
49.6094 1.14948

49.6094 1.14948
50 1.14856

50 1.14856
50.3906 1.14737

50.3906 1.14738
50.7812 1.14589

50.7812 1.1459
51.1719 1.1441

51.1719 1.1441
51.5625 1.14196

51.5625 1.14197
51.9531 1.13949

51.9531 1.13949
52.3438 1.13665

52.3438 1.13665
52.7344 1.13346

52.7344 1.13345
53.125 1.1299

53.125 1.1299
53.5156 1.12601

53.5156 1.126
53.9062 1.12178

53.9062 1.12177
54.2969 1.11724

54.2969 1.11723
54.6875 1.11241

54.6875 1.1124
55.0781 1.10734

55.0781 1.10733
55.4688 1.10204

55.4688 1.10203
55.8594 1.09658

55.8594 1.09657
56.25 1.09098

56.25 1.09097
56.6406 1.08529

56.6406 1.08528
57.0312 1.07955

57.0312 1.07954
57.4219 1.07381

57.4219 1.0738
57.8125 1.06811

57.8125 1.0681
58.2031 1.06249

58.2031 1.06248
58.5938 1.05699

58.5938 1.05698
58.9844 1.05163

58.9844 1.05162
59.375 1.04645

59.375 1.04645
59.7656 1.04148

59.7656 1.04147
60.1562 1.03673

60.1562 1.03672
60.5469 1.03221

60.5469 1.03221
60.9375 1.02795

60.9375 1.02795
61.3281 1.02394

61.3281 1.02394
61.7188 1.02019

61.7188 1.02019
62.1094 1.01671

62.1094 1.01671
62.5 1.01348

62.5 1.01348
62.8906 1.0105

62.8906 1.0105
63.2812 1.00777

63.2812 1.00778
63.6719 1.00528

63.6719 1.00529
64.0625 1.00302

64.0625 1.00303
64.4531 1.00099

64.4531 1.00099
64.8438 0.999158

64.8438 0.99916
65.2344 0.997531

65.2344 0.997534
65.625 0.996097

65.625 0.996099
66.0156 0.994845

66.0156 0.994847
66.4062 0.993768

66.4062 0.993769
66.7969 0.992856

66.7969 0.992858
67.1875 0.992103

67.1875 0.992105
67.5781 0.991502

67.5781 0.991503
67.9688 0.991045

67.9688 0.991046
68.3594 0.990726

68.3594 0.990728
68.75 0.990539

68.75 0.990541
69.1406 0.990478

69.1406 0.99048
69.5312 0.990538

69.5312 0.990539
69.9219 0.99071

69.9219 0.990712
70.3125 0.990991

70.3125 0.990993
70.7031 0.991373

70.7031 0.991375
71.0938 0.991849

71.0938 0.991851
71.4844 0.992413

71.4844 0.992415
71.875 0.993057

71.875 0.993059
72.2656 0.993774

72.2656 0.993776
72.6562 0.994554

72.6562 0.994556
73.0469 0.995391

73.0469 0.995393
73.4375 0.996275

74.1237 0
74.1611 0.390625

74.2188 0.568781
74.1615 0.78125

73.4375 1.00017
73.8281 0.993307

73.8281 1.13005
74.2188 0.865294

74.2416 0.390625
74.2239 0.78125

74.2188 1.0943
74.3749 0.78125

