6.64062 1.17181
6.28624 1.17188

6.64062 1.17182
7.03125 1.17166

7.03125 1.17166
7.42188 1.17139

7.42188 1.17139
7.8125 1.17103

7.8125 1.17103
8.20312 1.17057

8.20312 1.17057
8.59375 1.17002

8.59375 1.17001
8.98438 1.16938

8.98438 1.16937
9.375 1.16866

9.375 1.16865
9.76562 1.16786

9.76562 1.16786
10.1562 1.167

10.1562 1.167
10.5469 1.16608

10.5469 1.16608
10.9375 1.16511

10.9375 1.16511
11.3281 1.16411

11.3281 1.1641
11.7188 1.16307

11.7188 1.16307
12.1094 1.16201

12.1094 1.16201
12.5 1.16094

12.5 1.16094
12.8906 1.15988

12.8906 1.15988
13.2812 1.15882

13.2812 1.15882
13.6719 1.15779

13.6719 1.15778
14.0625 1.15678

14.0625 1.15678
14.4531 1.15582

14.4531 1.15582
14.8438 1.15491

14.8438 1.1549
15.2344 1.15405

15.2344 1.15405
15.625 1.15326

15.625 1.15326
16.0156 1.15255

16.0156 1.15255
16.4062 1.15192

16.4062 1.15191
16.7969 1.15137

16.7969 1.15137
17.1875 1.15092

17.1875 1.15092
17.5781 1.15056

17.5781 1.15056
17.9688 1.15031

17.9688 1.15031
18.3594 1.15015

18.3594 1.15015
18.75 1.15011

18.75 1.15011
19.1406 1.15016

19.1406 1.15016
19.5312 1.15032

19.5312 1.15032
19.9219 1.15059

19.9219 1.15059
20.3125 1.15095

20.3125 1.15095
20.7031 1.15141

20.7031 1.15141
21.0938 1.15196

21.0938 1.15196
21.4844 1.1526

21.4844 1.1526
21.875 1.15332

21.875 1.15332
22.2656 1.15411

22.2656 1.15412
22.6562 1.15498

22.6562 1.15498
23.0469 1.15589

23.0469 1.1559
23.4375 1.15686

23.4375 1.15686
23.8281 1.15787

23.8281 1.15787
24.2188 1.1589

24.2188 1.15891
24.6094 1.15996

24.6094 1.15996
25 1.16103

25 1.16103
25.3906 1.1621

25.3906 1.1621
25.7812 1.16315

25.7812 1.16315
26.1719 1.16419

26.1719 1.16419
26.5625 1.16519

26.5625 1.16519
26.9531 1.16616

26.9531 1.16616
27.3438 1.16707

27.3438 1.16707
27.7344 1.16793

27.7344 1.16793
28.125 1.16872

28.125 1.16872
28.5156 1.16943

28.5156 1.16943
28.9062 1.17006

28.9062 1.17007
29.2969 1.17061

29.2969 1.17061
29.6875 1.17106

29.6875 1.17106
30.0781 1.17142

30.0781 1.17142
30.4688 1.17168

30.4688 1.17167
30.8594 1.17183

31.6406 1.17181
31.2856 1.17188

31.6406 1.17182
32.0312 1.17166

32.0312 1.17166
32.4219 1.17139

32.4219 1.17139
32.8125 1.17103

32.8125 1.17103
33.2031 1.17057

33.2031 1.17057
33.5938 1.17002

33.5938 1.17001
33.9844 1.16938

33.9844 1.16937
34.375 1.16866

34.375 1.16865
34.7656 1.16786

34.7656 1.16786
35.1562 1.167

35.1562 1.167
35.5469 1.16608

35.5469 1.16608
35.9375 1.16511

35.9375 1.16511
36.3281 1.16411

36.3281 1.1641
36.7188 1.16307

36.7188 1.16307
37.1094 1.16201

37.1094 1.16201
37.5 1.16094

37.5 1.16094
37.8906 1.15988

37.8906 1.15988
38.2812 1.15882

38.2812 1.15882
38.6719 1.15779

38.6719 1.15778
39.0625 1.15678

39.0625 1.15678
39.4531 1.15581

39.4531 1.15581
39.8438 1.15489

39.8438 1.15489
40.2344 1.15403

40.2344 1.15403
40.625 1.15323

40.625 1.15323
41.0156 1.15251

41.0156 1.1525
41.4062 1.15185

41.4062 1.15185
41.7969 1.15128

41.7969 1.15128
42.1875 1.15079

42.1875 1.15079
42.5781 1.15038

42.5781 1.15038
42.9688 1.15006

42.9688 1.15006
43.3594 1.14981

43.3594 1.14981
43.75 1.14964

43.75 1.14965
44.1406 1.14954

44.1406 1.14955
44.5312 1.14951

44.5312 1.14951
44.9219 1.14952

44.9219 1.14952
45.3125 1.14957

45.3125 1.14957
45.7031 1.14963

45.7031 1.14964
46.0938 1.1497

46.0938 1.14971
46.4844 1.14975

46.4844 1.14975
46.875 1.14975

46.875 1.14976
47.2656 1.14968

47.2656 1.14969
47.6562 1.14951

47.6562 1.14952
48.0469 1.14922

48.0469 1.14923
48.4375 1.14877

48.4375 1.14878
48.8281 1.14814

48.8281 1.14814
49.2188 1.14729

49.2188 1.14729
49.6094 1.14619

49.6094 1.1462
50 1.14482

50 1.14483
50.3906 1.14316

50.3906 1.14317
50.7812 1.14119

50.7812 1.14119
51.1719 1.13888

51.1719 1.13888
51.5625 1.13623

51.5625 1.13623
51.9531 1.13324

51.9531 1.13324
52.3438 1.12989

52.3438 1.12989
52.7344 1.1262

52.7344 1.1262
53.125 1.12219

53.125 1.12218
53.5156 1.11786

53.5156 1.11785
53.9062 1.11324

53.9062 1.11323
54.2969 1.10837

54.2969 1.10836
54.6875 1.10327

54.6875 1.10326
55.0781 1.09798

55.0781 1.09797
55.4688 1.09255

55.4688 1.09254
55.8594 1.08702

55.8594 1.08701
56.25 1.08142

56.25 1.08141
56.6406 1.07581

56.6406 1.0758
57.0312 1.07022

57.0312 1.07021
57.4219 1.0647

57.4219 1.06469
57.8125 1.05928

57.8125 1.05927
58.2031 1.05399

58.2031 1.05399
58.5938 1.04887

58.5938 1.04886
58.9844 1.04393

58.9844 1.04393
59.375 1.03921

59.375 1.03921
59.7656 1.03471

59.7656 1.03471
60.1562 1.03045

60.1562 1.03045
60.5469 1.02643

60.5469 1.02643
60.9375 1.02266

60.9375 1.02266
61.3281 1.01914

61.3281 1.01915
61.7188 1.01587

61.7188 1.01587
62.1094 1.01284

62.1094 1.01284
62.5 1.01004

62.5 1.01004
62.8906 1.00747

62.8906 1.00747
63.2812 1.00512

63.2812 1.00512
63.6719 1.00298

63.6719 1.00298
64.0625 1.00103

64.0625 1.00104
64.4531 0.999279

64.4531 0.999282
64.8438 0.997706

64.8438 0.997708
65.2344 0.996305

65.2344 0.996307
65.625 0.995069

65.625 0.99507
66.0156 0.99399

66.0156 0.993991
66.4062 0.993061

66.4062 0.993062
66.7969 0.992277

66.7969 0.992278
67.1875 0.991632

67.1875 0.991634
67.5781 0.991122

67.5781 0.991123
67.9688 0.990741

67.9688 0.990742
68.3594 0.990485

68.3594 0.990486
68.75 0.99035

68.75 0.990351
69.1406 0.990331

69.1406 0.990332
69.5312 0.990424

69.5312 0.990425
69.9219 0.990624

69.9219 0.990625
70.3125 0.990926

70.3125 0.990927
70.7031 0.991324

70.7031 0.991326
71.0938 0.991813

71.0938 0.991815
71.4844 0.992387

71.4844 0.992389
71.875 0.993039

71.875 0.993041
72.2656 0.993761

72.2656 0.993763
72.6562 0.994546

73.257 0
73.2945 0.390625

73.3947 0.390625
73.3066 0.78125

72.6562 1.01693
73.0469 0.973003

73.0469 1.14637
73.4375 0.839974

73.4375 0.962624
73.5132 0.78125

