6.64062 1.17181
6.2863 1.17188

6.64062 1.17182
7.03125 1.17166

7.03125 1.17166
7.42188 1.17139

7.42188 1.17139
7.8125 1.17103

7.8125 1.17103
8.20312 1.17057

8.20312 1.17057
8.59375 1.17002

8.59375 1.17001
8.98438 1.16938

8.98438 1.16937
9.375 1.16866

9.375 1.16865
9.76562 1.16786

9.76562 1.16786
10.1562 1.167

10.1562 1.167
10.5469 1.16608

10.5469 1.16608
10.9375 1.16511

10.9375 1.16511
11.3281 1.16411

11.3281 1.1641
11.7188 1.16307

11.7188 1.16307
12.1094 1.16201

12.1094 1.16201
12.5 1.16094

12.5 1.16094
12.8906 1.15988

12.8906 1.15988
13.2812 1.15882

13.2812 1.15882
13.6719 1.15779

13.6719 1.15778
14.0625 1.15678

14.0625 1.15678
14.4531 1.15582

14.4531 1.15582
14.8438 1.15491

14.8438 1.1549
15.2344 1.15405

15.2344 1.15405
15.625 1.15326

15.625 1.15326
16.0156 1.15255

16.0156 1.15255
16.4062 1.15192

16.4062 1.15191
16.7969 1.15137

16.7969 1.15137
17.1875 1.15092

17.1875 1.15092
17.5781 1.15056

17.5781 1.15056
17.9688 1.15031

17.9688 1.15031
18.3594 1.15015

18.3594 1.15015
18.75 1.15011

18.75 1.15011
19.1406 1.15016

19.1406 1.15016
19.5312 1.15032

19.5312 1.15032
19.9219 1.15059

19.9219 1.15059
20.3125 1.15095

20.3125 1.15095
20.7031 1.15141

20.7031 1.15141
21.0938 1.15196

21.0938 1.15196
21.4844 1.1526

21.4844 1.1526
21.875 1.15332

21.875 1.15332
22.2656 1.15412

22.2656 1.15412
22.6562 1.15498

22.6562 1.15498
23.0469 1.15589

23.0469 1.1559
23.4375 1.15686

23.4375 1.15686
23.8281 1.15787

23.8281 1.15787
24.2188 1.15891

24.2188 1.15891
24.6094 1.15996

24.6094 1.15996
25 1.16103

25 1.16103
25.3906 1.1621

25.3906 1.1621
25.7812 1.16315

25.7812 1.16316
26.1719 1.16419

26.1719 1.16419
26.5625 1.16519

26.5625 1.1652
26.9531 1.16616

26.9531 1.16616
27.3438 1.16707

27.3438 1.16707
27.7344 1.16793

27.7344 1.16793
28.125 1.16872

28.125 1.16872
28.5156 1.16943

28.5156 1.16943
28.9062 1.17007

28.9062 1.17007
29.2969 1.17061

29.2969 1.17061
29.6875 1.17106

29.6875 1.17107
30.0781 1.17142

30.0781 1.17142
30.4688 1.17168

30.4688 1.17167
30.8594 1.17183

31.6406 1.17181
31.2835 1.17188

31.6406 1.17182
32.0312 1.17166

32.0312 1.17166
32.4219 1.17139

32.4219 1.17139
32.8125 1.17103

32.8125 1.17103
33.2031 1.17057

33.2031 1.17057
33.5938 1.17002

33.5938 1.17002
33.9844 1.16938

33.9844 1.16937
34.375 1.16866

34.375 1.16865
34.7656 1.16786

34.7656 1.16786
35.1562 1.167

35.1562 1.167
35.5469 1.16608

35.5469 1.16608
35.9375 1.16511

35.9375 1.16511
36.3281 1.16411

36.3281 1.1641
36.7188 1.16307

36.7188 1.16307
37.1094 1.16201

37.1094 1.16201
37.5 1.16095

37.5 1.16094
37.8906 1.15988

37.8906 1.15988
38.2812 1.15882

38.2812 1.15882
38.6719 1.15779

38.6719 1.15779
39.0625 1.15678

39.0625 1.15678
39.4531 1.15582

39.4531 1.15582
39.8438 1.1549

39.8438 1.1549
40.2344 1.15405

40.2344 1.15405
40.625 1.15326

40.625 1.15326
41.0156 1.15254

41.0156 1.15254
41.4062 1.1519

41.4062 1.1519
41.7969 1.15135

41.7969 1.15135
42.1875 1.15088

42.1875 1.15088
42.5781 1.15051

42.5781 1.15051
42.9688 1.15023

42.9688 1.15023
43.3594 1.15005

43.3594 1.15005
43.75 1.14996

43.75 1.14996
44.1406 1.14996

44.1406 1.14996
44.5312 1.15004

44.5312 1.15005
44.9219 1.15021

44.9219 1.15021
45.3125 1.15045

45.3125 1.15045
45.7031 1.15074

45.7031 1.15075
46.0938 1.15109

46.0938 1.15109
46.4844 1.15146

46.4844 1.15147
46.875 1.15185

46.875 1.15186
47.2656 1.15224

47.2656 1.15225
47.6562 1.1526

47.6562 1.15261
48.0469 1.15291

48.0469 1.15292
48.4375 1.15315

48.4375 1.15315
48.8281 1.15328

48.8281 1.15328
49.2188 1.15327

49.2188 1.15328
49.6094 1.15311

49.6094 1.15312
50 1.15275

50 1.15276
50.3906 1.15217

50.3906 1.15218
50.7812 1.15134

50.7812 1.15134
51.1719 1.15022

51.1719 1.15023
51.5625 1.14881

51.5625 1.14881
51.9531 1.14706

51.9531 1.14707
52.3438 1.14497

52.3438 1.14497
52.7344 1.14252

52.7344 1.14252
53.125 1.1397

53.125 1.1397
53.5156 1.13651

53.5156 1.13651
53.9062 1.13295

53.9062 1.13295
54.2969 1.12903

54.2969 1.12902
54.6875 1.12476

54.6875 1.12475
55.0781 1.12016

55.0781 1.12016
55.4688 1.11527

55.4688 1.11526
55.8594 1.11011

55.8594 1.1101
56.25 1.10471

56.25 1.1047
56.6406 1.09912

56.6406 1.09911
57.0312 1.09338

57.0312 1.09337
57.4219 1.08754

57.4219 1.08753
57.8125 1.08163

57.8125 1.08162
58.2031 1.07571

58.2031 1.0757
58.5938 1.06982

58.5938 1.06981
58.9844 1.06399

58.9844 1.06398
59.375 1.05827

59.375 1.05827
59.7656 1.0527

59.7656 1.05269
60.1562 1.04731

60.1562 1.0473
60.5469 1.04211

60.5469 1.04211
60.9375 1.03715

60.9375 1.03714
61.3281 1.03243

61.3281 1.03243
61.7188 1.02797

61.7188 1.02797
62.1094 1.02378

62.1094 1.02378
62.5 1.01987

62.5 1.01987
62.8906 1.01624

62.8906 1.01624
63.2812 1.01288

63.2812 1.01288
63.6719 1.0098

63.6719 1.0098
64.0625 1.00699

64.0625 1.007
64.4531 1.00445

64.4531 1.00445
64.8438 1.00216

64.8438 1.00216
65.2344 1.00011

65.2344 1.00011
65.625 0.9983

65.625 0.998303
66.0156 0.996714

66.0156 0.996716
66.4062 0.995341

66.4062 0.995343
66.7969 0.994171

66.7969 0.994174
67.1875 0.993194

67.1875 0.993197
67.5781 0.9924

67.5781 0.992403
67.9688 0.991779

67.9688 0.991781
68.3594 0.991321

68.3594 0.991324
68.75 0.991018

68.75 0.99102
69.1406 0.990861

69.1406 0.990863
69.5312 0.99084

69.5312 0.990842
69.9219 0.990948

69.9219 0.99095
70.3125 0.991175

70.3125 0.991177
70.7031 0.991514

70.7031 0.991517
71.0938 0.991957

71.0938 0.991959
71.4844 0.992494

71.4844 0.992496
71.875 0.993117

71.875 0.993119
72.2656 0.993818

72.2656 0.99382
72.6562 0.994586

72.6562 0.994588
73.0469 0.995413

73.0469 0.995416
73.4375 0.99629

73.4375 0.996293
73.8281 0.997207

73.8281 0.99721
74.2188 0.998154

74.2188 0.998157
74.6094 0.999122

74.6094 0.999124
75 1.0001

75.388 0
75.3906 0.0271279

75.3906 0.0281401
75.4252 0.390625

75.4991 0.390625
75.4632 0.78125

75 1.10134
75.3906 0.899846

75.3906 1.14302
75.64 0.78125

