6.64062 1.17181
6.28619 1.17188

6.64062 1.17182
7.03125 1.17166

7.03125 1.17166
7.42188 1.17139

7.42188 1.17139
7.8125 1.17103

7.8125 1.17103
8.20312 1.17057

8.20312 1.17057
8.59375 1.17002

8.59375 1.17001
8.98438 1.16938

8.98438 1.16937
9.375 1.16866

9.375 1.16865
9.76562 1.16786

9.76562 1.16786
10.1562 1.167

10.1562 1.167
10.5469 1.16608

10.5469 1.16608
10.9375 1.16511

10.9375 1.16511
11.3281 1.16411

11.3281 1.1641
11.7188 1.16307

11.7188 1.16307
12.1094 1.16201

12.1094 1.16201
12.5 1.16094

12.5 1.16094
12.8906 1.15988

12.8906 1.15988
13.2812 1.15882

13.2812 1.15882
13.6719 1.15779

13.6719 1.15778
14.0625 1.15678

14.0625 1.15678
14.4531 1.15582

14.4531 1.15582
14.8438 1.15491

14.8438 1.1549
15.2344 1.15405

15.2344 1.15405
15.625 1.15326

15.625 1.15326
16.0156 1.15255

16.0156 1.15255
16.4062 1.15192

16.4062 1.15191
16.7969 1.15137

16.7969 1.15137
17.1875 1.15092

17.1875 1.15092
17.5781 1.15056

17.5781 1.15056
17.9688 1.15031

17.9688 1.15031
18.3594 1.15015

18.3594 1.15015
18.75 1.15011

18.75 1.15011
19.1406 1.15016

19.1406 1.15016
19.5312 1.15032

19.5312 1.15032
19.9219 1.15059

19.9219 1.15059
20.3125 1.15095

20.3125 1.15095
20.7031 1.15141

20.7031 1.15141
21.0938 1.15196

21.0938 1.15196
21.4844 1.1526

21.4844 1.1526
21.875 1.15332

21.875 1.15332
22.2656 1.15412

22.2656 1.15412
22.6562 1.15498

22.6562 1.15498
23.0469 1.15589

23.0469 1.1559
23.4375 1.15686

23.4375 1.15686
23.8281 1.15787

23.8281 1.15787
24.2188 1.1589

24.2188 1.15891
24.6094 1.15996

24.6094 1.15996
25 1.16103

25 1.16103
25.3906 1.1621

25.3906 1.1621
25.7812 1.16315

25.7812 1.16315
26.1719 1.16419

26.1719 1.16419
26.5625 1.16519

26.5625 1.1652
26.9531 1.16616

26.9531 1.16616
27.3438 1.16707

27.3438 1.16707
27.7344 1.16793

27.7344 1.16793
28.125 1.16872

28.125 1.16872
28.5156 1.16943

28.5156 1.16943
28.9062 1.17006

28.9062 1.17007
29.2969 1.17061

29.2969 1.17061
29.6875 1.17106

29.6875 1.17107
30.0781 1.17142

30.0781 1.17142
30.4688 1.17168

30.4688 1.17167
30.8594 1.17183

31.6406 1.17181
31.2864 1.17188

31.6406 1.17182
32.0312 1.17166

32.0312 1.17166
32.4219 1.17139

32.4219 1.17139
32.8125 1.17103

32.8125 1.17103
33.2031 1.17057

33.2031 1.17057
33.5938 1.17002

33.5938 1.17001
33.9844 1.16938

33.9844 1.16937
34.375 1.16866

34.375 1.16865
34.7656 1.16786

34.7656 1.16786
35.1562 1.167

35.1562 1.167
35.5469 1.16608

35.5469 1.16608
35.9375 1.16511

35.9375 1.16511
36.3281 1.16411

36.3281 1.1641
36.7188 1.16307

36.7188 1.16307
37.1094 1.16201

37.1094 1.16201
37.5 1.16094

37.5 1.16094
37.8906 1.15988

37.8906 1.15988
38.2812 1.15882

38.2812 1.15882
38.6719 1.15779

38.6719 1.15778
39.0625 1.15678

39.0625 1.15678
39.4531 1.15582

39.4531 1.15582
39.8438 1.15491

39.8438 1.1549
40.2344 1.15405

40.2344 1.15405
40.625 1.15326

40.625 1.15326
41.0156 1.15255

41.0156 1.15254
41.4062 1.15191

41.4062 1.15191
41.7969 1.15136

41.7969 1.15136
42.1875 1.1509

42.1875 1.1509
42.5781 1.15054

42.5781 1.15054
42.9688 1.15027

42.9688 1.15027
43.3594 1.15011

43.3594 1.15011
43.75 1.15004

43.75 1.15004
44.1406 1.15007

44.1406 1.15007
44.5312 1.15019

44.5312 1.15019
44.9219 1.1504

44.9219 1.1504
45.3125 1.1507

45.3125 1.1507
45.7031 1.15107

45.7031 1.15107
46.0938 1.1515

46.0938 1.15151
46.4844 1.15199

46.4844 1.152
46.875 1.15252

46.875 1.15253
47.2656 1.15307

47.2656 1.15308
47.6562 1.15363

47.6562 1.15364
48.0469 1.15418

48.0469 1.15418
48.4375 1.15469

48.4375 1.15469
48.8281 1.15513

48.8281 1.15514
49.2188 1.15549

49.2188 1.1555
49.6094 1.15574

49.6094 1.15575
50 1.15584

50 1.15585
50.3906 1.15577

50.3906 1.15578
50.7812 1.1555

50.7812 1.15551
51.1719 1.155

51.1719 1.15501
51.5625 1.15424

51.5625 1.15425
51.9531 1.15319

51.9531 1.1532
52.3438 1.15183

52.3438 1.15184
52.7344 1.15013

52.7344 1.15014
53.125 1.14808

53.125 1.14809
53.5156 1.14567

53.5156 1.14567
53.9062 1.14287

53.9062 1.14287
54.2969 1.1397

54.2969 1.13969
54.6875 1.13614

54.6875 1.13614
55.0781 1.13221

55.0781 1.13221
55.4688 1.12792

55.4688 1.12792
55.8594 1.12329

55.8594 1.12329
56.25 1.11835

56.25 1.11834
56.6406 1.11312

56.6406 1.11311
57.0312 1.10765

57.0312 1.10764
57.4219 1.10196

57.4219 1.10195
57.8125 1.09611

57.8125 1.0961
58.2031 1.09013

58.2031 1.09012
58.5938 1.08408

58.5938 1.08407
58.9844 1.078

58.9844 1.07799
59.375 1.07193

59.375 1.07192
59.7656 1.06591

59.7656 1.0659
60.1562 1.06

60.1562 1.05999
60.5469 1.05422

60.5469 1.05422
60.9375 1.04862

60.9375 1.04861
61.3281 1.04322

61.3281 1.04321
61.7188 1.03805

61.7188 1.03804
62.1094 1.03313

62.1094 1.03313
62.5 1.02848

62.5 1.02848
62.8906 1.02412

62.8906 1.02411
63.2812 1.02004

63.2812 1.02004
63.6719 1.01626

63.6719 1.01626
64.0625 1.01279

64.0625 1.01279
64.4531 1.0096

64.4531 1.0096
64.8438 1.00672

64.8438 1.00672
65.2344 1.00411

65.2344 1.00412
65.625 1.00179

65.625 1.00179
66.0156 0.999737

66.0156 0.99974
66.4062 0.997941

66.4062 0.997944
66.7969 0.996393

66.7969 0.996396
67.1875 0.995079

67.1875 0.995082
67.5781 0.993987

67.5781 0.99399
67.9688 0.993107

67.9688 0.99311
68.3594 0.992424

68.3594 0.992427
68.75 0.991927

68.75 0.99193
69.1406 0.991604

69.1406 0.991607
69.5312 0.991443

69.5312 0.991446
69.9219 0.991433

69.9219 0.991436
70.3125 0.991563

70.3125 0.991566
70.7031 0.991822

70.7031 0.991825
71.0938 0.992199

71.0938 0.992201
71.4844 0.992682

71.4844 0.992685
71.875 0.993262

71.875 0.993265
72.2656 0.993928

72.2656 0.993931
72.6562 0.994669

72.6562 0.994672
73.0469 0.995476

73.0469 0.995478
73.4375 0.996336

73.4375 0.996339
73.8281 0.99724

73.8281 0.997243
74.2188 0.998178

74.2188 0.99818
74.6094 0.999138

74.6094 0.999141
75 1.00011

75 1.00011
75.3906 1.00109

75.3906 1.00109
75.7812 1.00205

75.7812 1.00206
76.1719 1.003

76.1719 1.04538
76.5625 0.961553

76.7114 0
76.7487 0.390625

76.8376 0.390625
76.7717 0.78125

76.5625 1.16893
76.9531 0.797825

76.9531 0.844958
76.977 0.78125

