6.64062 1.17181
6.28619 1.17188

6.64062 1.17182
7.03125 1.17166

7.03125 1.17166
7.42188 1.17139

7.42188 1.17139
7.8125 1.17103

7.8125 1.17103
8.20312 1.17057

8.20312 1.17057
8.59375 1.17002

8.59375 1.17001
8.98438 1.16938

8.98438 1.16937
9.375 1.16866

9.375 1.16865
9.76562 1.16786

9.76562 1.16786
10.1562 1.167

10.1562 1.167
10.5469 1.16608

10.5469 1.16608
10.9375 1.16511

10.9375 1.16511
11.3281 1.16411

11.3281 1.1641
11.7188 1.16307

11.7188 1.16307
12.1094 1.16201

12.1094 1.16201
12.5 1.16094

12.5 1.16094
12.8906 1.15988

12.8906 1.15988
13.2812 1.15882

13.2812 1.15882
13.6719 1.15779

13.6719 1.15778
14.0625 1.15678

14.0625 1.15678
14.4531 1.15582

14.4531 1.15582
14.8438 1.15491

14.8438 1.1549
15.2344 1.15405

15.2344 1.15405
15.625 1.15326

15.625 1.15326
16.0156 1.15255

16.0156 1.15255
16.4062 1.15192

16.4062 1.15191
16.7969 1.15137

16.7969 1.15137
17.1875 1.15092

17.1875 1.15092
17.5781 1.15056

17.5781 1.15056
17.9688 1.15031

17.9688 1.15031
18.3594 1.15015

18.3594 1.15015
18.75 1.15011

18.75 1.15011
19.1406 1.15016

19.1406 1.15016
19.5312 1.15032

19.5312 1.15032
19.9219 1.15059

19.9219 1.15059
20.3125 1.15095

20.3125 1.15095
20.7031 1.15141

20.7031 1.15141
21.0938 1.15196

21.0938 1.15196
21.4844 1.1526

21.4844 1.1526
21.875 1.15332

21.875 1.15332
22.2656 1.15412

22.2656 1.15412
22.6562 1.15498

22.6562 1.15498
23.0469 1.15589

23.0469 1.1559
23.4375 1.15686

23.4375 1.15686
23.8281 1.15787

23.8281 1.15787
24.2188 1.15891

24.2188 1.15891
24.6094 1.15996

24.6094 1.15996
25 1.16103

25 1.16103
25.3906 1.1621

25.3906 1.1621
25.7812 1.16315

25.7812 1.16316
26.1719 1.16419

26.1719 1.16419
26.5625 1.16519

26.5625 1.1652
26.9531 1.16616

26.9531 1.16616
27.3438 1.16707

27.3438 1.16707
27.7344 1.16793

27.7344 1.16793
28.125 1.16872

28.125 1.16872
28.5156 1.16943

28.5156 1.16943
28.9062 1.17006

28.9062 1.17007
29.2969 1.17061

29.2969 1.17061
29.6875 1.17106

29.6875 1.17107
30.0781 1.17142

30.0781 1.17142
30.4688 1.17168

30.4688 1.17167
30.8594 1.17183

31.6406 1.17181
31.2859 1.17188

31.6406 1.17182
32.0312 1.17166

32.0312 1.17166
32.4219 1.17139

32.4219 1.17139
32.8125 1.17103

32.8125 1.17103
33.2031 1.17057

33.2031 1.17057
33.5938 1.17002

33.5938 1.17001
33.9844 1.16938

33.9844 1.16937
34.375 1.16866

34.375 1.16865
34.7656 1.16786

34.7656 1.16786
35.1562 1.167

35.1562 1.167
35.5469 1.16608

35.5469 1.16608
35.9375 1.16511

35.9375 1.16511
36.3281 1.16411

36.3281 1.1641
36.7188 1.16307

36.7188 1.16307
37.1094 1.16201

37.1094 1.16201
37.5 1.16095

37.5 1.16094
37.8906 1.15988

37.8906 1.15988
38.2812 1.15882

38.2812 1.15882
38.6719 1.15779

38.6719 1.15779
39.0625 1.15678

39.0625 1.15678
39.4531 1.15582

39.4531 1.15582
39.8438 1.15491

39.8438 1.1549
40.2344 1.15405

40.2344 1.15405
40.625 1.15326

40.625 1.15326
41.0156 1.15254

41.0156 1.15254
41.4062 1.15191

41.4062 1.15191
41.7969 1.15136

41.7969 1.15136
42.1875 1.1509

42.1875 1.1509
42.5781 1.15053

42.5781 1.15053
42.9688 1.15026

42.9688 1.15026
43.3594 1.15009

43.3594 1.15009
43.75 1.15001

43.75 1.15001
44.1406 1.15003

44.1406 1.15003
44.5312 1.15014

44.5312 1.15015
44.9219 1.15034

44.9219 1.15034
45.3125 1.15062

45.3125 1.15062
45.7031 1.15096

45.7031 1.15097
46.0938 1.15137

46.0938 1.15137
46.4844 1.15182

46.4844 1.15182
46.875 1.1523

46.875 1.15231
47.2656 1.1528

47.2656 1.15281
47.6562 1.15329

47.6562 1.1533
48.0469 1.15376

48.0469 1.15376
48.4375 1.15417

48.4375 1.15418
48.8281 1.15451

48.8281 1.15451
49.2188 1.15474

49.2188 1.15475
49.6094 1.15484

49.6094 1.15485
50 1.15478

50 1.15479
50.3906 1.15452

50.3906 1.15453
50.7812 1.15405

50.7812 1.15406
51.1719 1.15333

51.1719 1.15333
51.5625 1.15232

51.5625 1.15233
51.9531 1.15101

51.9531 1.15102
52.3438 1.14938

52.3438 1.14938
52.7344 1.14739

52.7344 1.1474
53.125 1.14505

53.125 1.14505
53.5156 1.14233

53.5156 1.14233
53.9062 1.13924

53.9062 1.13923
54.2969 1.13576

54.2969 1.13576
54.6875 1.13192

54.6875 1.13191
55.0781 1.12771

55.0781 1.12771
55.4688 1.12317

55.4688 1.12316
55.8594 1.11831

55.8594 1.1183
56.25 1.11317

56.25 1.11316
56.6406 1.10777

56.6406 1.10776
57.0312 1.10216

57.0312 1.10215
57.4219 1.09638

57.4219 1.09637
57.8125 1.09048

57.8125 1.09047
58.2031 1.08449

58.2031 1.08448
58.5938 1.07847

58.5938 1.07845
58.9844 1.07245

58.9844 1.07244
59.375 1.06649

59.375 1.06648
59.7656 1.06062

59.7656 1.06061
60.1562 1.05489

60.1562 1.05488
60.5469 1.04932

60.5469 1.04931
60.9375 1.04394

60.9375 1.04394
61.3281 1.0388

61.3281 1.03879
61.7188 1.03389

61.7188 1.03389
62.1094 1.02925

62.1094 1.02925
62.5 1.02489

62.5 1.02489
62.8906 1.02081

62.8906 1.02081
63.2812 1.01702

63.2812 1.01702
63.6719 1.01352

63.6719 1.01352
64.0625 1.01031

64.0625 1.01032
64.4531 1.00739

64.4531 1.00739
64.8438 1.00475

64.8438 1.00475
65.2344 1.00238

65.2344 1.00238
65.625 1.00027

65.625 1.00027
66.0156 0.998409

66.0156 0.998412
66.4062 0.996792

66.4062 0.996795
66.7969 0.995405

66.7969 0.995408
67.1875 0.994236

67.1875 0.994239
67.5781 0.993273

67.5781 0.993276
67.9688 0.992506

67.9688 0.992508
68.3594 0.991922

68.3594 0.991924
68.75 0.99151

68.75 0.991513
69.1406 0.991261

69.1406 0.991263
69.5312 0.991163

69.5312 0.991166
69.9219 0.991206

69.9219 0.991209
70.3125 0.991381

70.3125 0.991383
70.7031 0.991676

70.7031 0.991679
71.0938 0.992083

71.0938 0.992086
71.4844 0.992592

71.4844 0.992594
71.875 0.993192

71.875 0.993194
72.2656 0.993874

72.2656 0.993876
72.6562 0.994628

72.6562 0.994631
73.0469 0.995444

73.0469 0.995447
73.4375 0.996313

73.4375 0.996315
73.8281 0.997223

73.8281 0.997226
74.2188 0.998165

74.2188 0.998168
74.6094 0.999129

74.6094 0.999132
75 1.0001

75 1.00011
75.3906 1.00108

75.3906 1.00108
75.7812 1.00205

76.1955 0
76.2327 0.390625

76.3086 0.390625
76.2686 0.78125

75.7812 1.0932
76.1719 0.911853

76.1719 1.15167
76.4493 0.78125

