6.64062 1.17181
6.28636 1.17188

6.64062 1.17182
7.03125 1.17166

7.03125 1.17166
7.42188 1.17139

7.42188 1.17139
7.8125 1.17103

7.8125 1.17103
8.20312 1.17057

8.20312 1.17057
8.59375 1.17002

8.59375 1.17001
8.98438 1.16938

8.98438 1.16937
9.375 1.16866

9.375 1.16865
9.76562 1.16786

9.76562 1.16786
10.1562 1.167

10.1562 1.167
10.5469 1.16608

10.5469 1.16608
10.9375 1.16511

10.9375 1.16511
11.3281 1.16411

11.3281 1.1641
11.7188 1.16307

11.7188 1.16307
12.1094 1.16201

12.1094 1.16201
12.5 1.16094

12.5 1.16094
12.8906 1.15988

12.8906 1.15988
13.2812 1.15882

13.2812 1.15882
13.6719 1.15779

13.6719 1.15778
14.0625 1.15678

14.0625 1.15678
14.4531 1.15582

14.4531 1.15582
14.8438 1.15491

14.8438 1.1549
15.2344 1.15405

15.2344 1.15405
15.625 1.15326

15.625 1.15326
16.0156 1.15255

16.0156 1.15255
16.4062 1.15192

16.4062 1.15191
16.7969 1.15137

16.7969 1.15137
17.1875 1.15092

17.1875 1.15092
17.5781 1.15056

17.5781 1.15056
17.9688 1.15031

17.9688 1.15031
18.3594 1.15015

18.3594 1.15015
18.75 1.15011

18.75 1.15011
19.1406 1.15016

19.1406 1.15016
19.5312 1.15032

19.5312 1.15032
19.9219 1.15059

19.9219 1.15059
20.3125 1.15095

20.3125 1.15095
20.7031 1.15141

20.7031 1.15141
21.0938 1.15196

21.0938 1.15196
21.4844 1.1526

21.4844 1.1526
21.875 1.15332

21.875 1.15332
22.2656 1.15411

22.2656 1.15412
22.6562 1.15498

22.6562 1.15498
23.0469 1.15589

23.0469 1.1559
23.4375 1.15686

23.4375 1.15686
23.8281 1.15787

23.8281 1.15787
24.2188 1.1589

24.2188 1.15891
24.6094 1.15996

24.6094 1.15996
25 1.16103

25 1.16103
25.3906 1.1621

25.3906 1.1621
25.7812 1.16315

25.7812 1.16315
26.1719 1.16419

26.1719 1.16419
26.5625 1.16519

26.5625 1.1652
26.9531 1.16616

26.9531 1.16616
27.3438 1.16707

27.3438 1.16707
27.7344 1.16793

27.7344 1.16793
28.125 1.16872

28.125 1.16872
28.5156 1.16943

28.5156 1.16943
28.9062 1.17007

28.9062 1.17007
29.2969 1.17061

29.2969 1.17061
29.6875 1.17107

29.6875 1.17107
30.0781 1.17142

30.0781 1.17142
30.4688 1.17168

30.4688 1.17167
30.8594 1.17184

31.6406 1.17181
31.2861 1.17188

31.6406 1.17182
32.0312 1.17166

32.0312 1.17166
32.4219 1.17139

32.4219 1.17139
32.8125 1.17103

32.8125 1.17103
33.2031 1.17057

33.2031 1.17057
33.5938 1.17001

33.5938 1.17001
33.9844 1.16937

33.9844 1.16937
34.375 1.16865

34.375 1.16865
34.7656 1.16785

34.7656 1.16785
35.1562 1.16698

35.1562 1.16698
35.5469 1.16604

35.5469 1.16604
35.9375 1.16506

35.9375 1.16505
36.3281 1.16402

36.3281 1.16402
36.7188 1.16294

36.7188 1.16294
37.1094 1.16182

37.1094 1.16182
37.5 1.16068

37.5 1.16068
37.8906 1.15951

37.8906 1.15951
38.2812 1.15831

38.2812 1.15831
38.6719 1.15709

38.6719 1.15709
39.0625 1.15585

39.0625 1.15585
39.4531 1.15458

39.4531 1.15458
39.8438 1.15328

39.8438 1.15328
40.2344 1.15194

40.2344 1.15194
40.625 1.15055

40.625 1.15055
41.0156 1.14909

41.0156 1.1491
41.4062 1.14756

41.4062 1.14756
41.7969 1.14593

41.7969 1.14594
42.1875 1.14419

42.1875 1.14419
42.5781 1.14231

42.5781 1.14232
42.9688 1.14028

42.9688 1.14029
43.3594 1.13807

43.3594 1.13808
43.75 1.13567

43.75 1.13568
44.1406 1.13306

44.1406 1.13306
44.5312 1.13022

44.5312 1.13022
44.9219 1.12714

44.9219 1.12714
45.3125 1.12382

45.3125 1.12382
45.7031 1.12024

45.7031 1.12024
46.0938 1.11643

46.0938 1.11642
46.4844 1.11237

46.4844 1.11237
46.875 1.1081

46.875 1.1081
47.2656 1.10363

47.2656 1.10362
47.6562 1.09898

47.6562 1.09897
48.0469 1.09419

48.0469 1.09418
48.4375 1.0893

48.4375 1.08929
48.8281 1.08433

48.8281 1.08432
49.2188 1.07934

49.2188 1.07933
49.6094 1.07436

49.6094 1.07435
50 1.06944

50 1.06943
50.3906 1.06461

50.3906 1.0646
50.7812 1.05991

50.7812 1.05991
51.1719 1.05539

51.1719 1.05538
51.5625 1.05106

51.5625 1.05106
51.9531 1.04695

51.9531 1.04695
52.3438 1.04309

52.3438 1.04309
52.7344 1.03948

52.7344 1.03948
53.125 1.03613

53.125 1.03613
53.5156 1.03304

53.5156 1.03304
53.9062 1.03021

53.9062 1.03021
54.2969 1.02763

54.2969 1.02763
54.6875 1.02529

54.6875 1.02529
55.0781 1.02316

55.0781 1.02317
55.4688 1.02124

55.4688 1.02124
55.8594 1.0195

55.8594 1.0195
56.25 1.01791

56.25 1.01792
56.6406 1.01646

56.6406 1.01646
57.0312 1.01512

57.0312 1.01513
57.4219 1.01388

57.4219 1.01388
57.8125 1.01271

57.8125 1.01271
58.2031 1.01159

58.2031 1.01159
58.5938 1.01051

58.5938 1.01051
58.9844 1.00946

58.9844 1.00946
59.375 1.00843

59.375 1.00843
59.7656 1.0074

59.7656 1.0074
60.1562 1.00638

60.1562 1.00638
60.5469 1.00535

60.5469 1.00535
60.9375 1.00432

60.9375 1.00432
61.3281 1.00329

61.3281 1.00329
61.7188 1.00225

61.7188 1.00225
62.1094 1.00122

62.1094 1.00122
62.5 1.00019

62.5 1.00019
62.8906 0.999181

62.8906 0.999179
63.2812 0.998187

63.2812 0.998186
63.6719 0.99722

63.6719 0.997218
64.0625 0.996285

64.0625 0.996284
64.4531 0.995392

64.4531 1.06067
64.8438 0.929265

64.9317 0
64.9693 0.390625

65.0563 0.390625
64.9948 0.78125

64.8438 1.15019
65.1839 0.78125

