6.64062 1.17181
6.28642 1.17188

6.64062 1.17182
7.03125 1.17166

7.03125 1.17166
7.42188 1.17139

7.42188 1.17139
7.8125 1.17103

7.8125 1.17103
8.20312 1.17057

8.20312 1.17057
8.59375 1.17002

8.59375 1.17001
8.98438 1.16938

8.98438 1.16937
9.375 1.16866

9.375 1.16865
9.76562 1.16786

9.76562 1.16786
10.1562 1.167

10.1562 1.167
10.5469 1.16608

10.5469 1.16608
10.9375 1.16511

10.9375 1.16511
11.3281 1.16411

11.3281 1.1641
11.7188 1.16307

11.7188 1.16307
12.1094 1.16201

12.1094 1.16201
12.5 1.16094

12.5 1.16094
12.8906 1.15988

12.8906 1.15988
13.2812 1.15882

13.2812 1.15882
13.6719 1.15779

13.6719 1.15778
14.0625 1.15678

14.0625 1.15678
14.4531 1.15582

14.4531 1.15582
14.8438 1.15491

14.8438 1.1549
15.2344 1.15405

15.2344 1.15405
15.625 1.15326

15.625 1.15326
16.0156 1.15255

16.0156 1.15255
16.4062 1.15192

16.4062 1.15191
16.7969 1.15137

16.7969 1.15137
17.1875 1.15092

17.1875 1.15092
17.5781 1.15056

17.5781 1.15056
17.9688 1.15031

17.9688 1.15031
18.3594 1.15015

18.3594 1.15015
18.75 1.15011

18.75 1.15011
19.1406 1.15016

19.1406 1.15016
19.5312 1.15032

19.5312 1.15032
19.9219 1.15059

19.9219 1.15059
20.3125 1.15095

20.3125 1.15095
20.7031 1.15141

20.7031 1.15141
21.0938 1.15196

21.0938 1.15196
21.4844 1.1526

21.4844 1.1526
21.875 1.15332

21.875 1.15332
22.2656 1.15412

22.2656 1.15412
22.6562 1.15498

22.6562 1.15498
23.0469 1.15589

23.0469 1.1559
23.4375 1.15686

23.4375 1.15686
23.8281 1.15787

23.8281 1.15787
24.2188 1.1589

24.2188 1.15891
24.6094 1.15996

24.6094 1.15996
25 1.16103

25 1.16103
25.3906 1.1621

25.3906 1.1621
25.7812 1.16315

25.7812 1.16316
26.1719 1.16419

26.1719 1.16419
26.5625 1.16519

26.5625 1.1652
26.9531 1.16616

26.9531 1.16616
27.3438 1.16707

27.3438 1.16707
27.7344 1.16793

27.7344 1.16793
28.125 1.16872

28.125 1.16872
28.5156 1.16943

28.5156 1.16943
28.9062 1.17007

28.9062 1.17007
29.2969 1.17061

29.2969 1.17061
29.6875 1.17107

29.6875 1.17107
30.0781 1.17142

30.0781 1.17142
30.4688 1.17168

30.4688 1.17167
30.8594 1.17184

31.6406 1.17181
31.2865 1.17188

31.6406 1.17182
32.0312 1.17166

32.0312 1.17166
32.4219 1.17139

32.4219 1.17139
32.8125 1.17103

32.8125 1.17103
33.2031 1.17057

33.2031 1.17057
33.5938 1.17001

33.5938 1.17001
33.9844 1.16937

33.9844 1.16937
34.375 1.16865

34.375 1.16865
34.7656 1.16785

34.7656 1.16785
35.1562 1.16698

35.1562 1.16698
35.5469 1.16605

35.5469 1.16605
35.9375 1.16506

35.9375 1.16506
36.3281 1.16403

36.3281 1.16402
36.7188 1.16295

36.7188 1.16295
37.1094 1.16184

37.1094 1.16184
37.5 1.1607

37.5 1.1607
37.8906 1.15953

37.8906 1.15953
38.2812 1.15835

38.2812 1.15835
38.6719 1.15714

38.6719 1.15714
39.0625 1.15591

39.0625 1.15591
39.4531 1.15466

39.4531 1.15466
39.8438 1.15338

39.8438 1.15339
40.2344 1.15207

40.2344 1.15207
40.625 1.15071

40.625 1.15071
41.0156 1.14929

41.0156 1.1493
41.4062 1.1478

41.4062 1.14781
41.7969 1.14623

41.7969 1.14623
42.1875 1.14454

42.1875 1.14455
42.5781 1.14273

42.5781 1.14273
42.9688 1.14077

42.9688 1.14077
43.3594 1.13864

43.3594 1.13864
43.75 1.13632

43.75 1.13632
44.1406 1.13379

44.1406 1.1338
44.5312 1.13104

44.5312 1.13105
44.9219 1.12806

44.9219 1.12806
45.3125 1.12483

45.3125 1.12483
45.7031 1.12135

45.7031 1.12135
46.0938 1.11763

46.0938 1.11763
46.4844 1.11367

46.4844 1.11366
46.875 1.10948

46.875 1.10947
47.2656 1.10508

47.2656 1.10507
47.6562 1.1005

47.6562 1.10049
48.0469 1.09577

48.0469 1.09576
48.4375 1.09091

48.4375 1.0909
48.8281 1.08598

48.8281 1.08597
49.2188 1.081

49.2188 1.08099
49.6094 1.07602

49.6094 1.07601
50 1.07109

50 1.07108
50.3906 1.06623

50.3906 1.06623
50.7812 1.0615

50.7812 1.06149
51.1719 1.05692

51.1719 1.05692
51.5625 1.05253

51.5625 1.05253
51.9531 1.04835

51.9531 1.04835
52.3438 1.04441

52.3438 1.04441
52.7344 1.04071

52.7344 1.04071
53.125 1.03727

53.125 1.03727
53.5156 1.03409

53.5156 1.03409
53.9062 1.03117

53.9062 1.03117
54.2969 1.0285

54.2969 1.0285
54.6875 1.02606

54.6875 1.02607
55.0781 1.02385

55.0781 1.02386
55.4688 1.02185

55.4688 1.02185
55.8594 1.02003

55.8594 1.02003
56.25 1.01837

56.25 1.01838
56.6406 1.01686

56.6406 1.01686
57.0312 1.01546

57.0312 1.01546
57.4219 1.01416

57.4219 1.01417
57.8125 1.01294

57.8125 1.01295
58.2031 1.01179

58.2031 1.01179
58.5938 1.01067

58.5938 1.01068
58.9844 1.00959

58.9844 1.0096
59.375 1.00853

59.375 1.00854
59.7656 1.00749

59.7656 1.00749
60.1562 1.00644

60.1562 1.00644
60.5469 1.0054

60.5469 1.0054
60.9375 1.00436

60.9375 1.00436
61.3281 1.00332

61.3281 1.00332
61.7188 1.00228

61.7188 1.00227
62.1094 1.00124

62.1094 1.00124
62.5 1.00021

62.5 1.00021
62.8906 0.999191

62.8906 0.999189
63.2812 0.998194

63.2812 0.998192
63.6719 0.997224

63.6719 0.997223
64.0625 0.996288

64.0625 0.996287
64.4531 0.995393

64.4531 1.01214
64.8438 0.977802

65.0735 0
65.1112 0.390625

65.2145 0.390625
65.1212 0.78125

64.8438 1.1382
65.2344 0.849231

65.2344 0.99962
65.3289 0.78125

