6.64062 1.17181
6.28624 1.17188

6.64062 1.17182
7.03125 1.17166

7.03125 1.17166
7.42188 1.17139

7.42188 1.17139
7.8125 1.17103

7.8125 1.17103
8.20312 1.17057

8.20312 1.17057
8.59375 1.17002

8.59375 1.17001
8.98438 1.16938

8.98438 1.16937
9.375 1.16866

9.375 1.16865
9.76562 1.16786

9.76562 1.16786
10.1562 1.167

10.1562 1.167
10.5469 1.16608

10.5469 1.16608
10.9375 1.16511

10.9375 1.16511
11.3281 1.16411

11.3281 1.1641
11.7188 1.16307

11.7188 1.16307
12.1094 1.16201

12.1094 1.16201
12.5 1.16094

12.5 1.16094
12.8906 1.15988

12.8906 1.15988
13.2812 1.15882

13.2812 1.15882
13.6719 1.15779

13.6719 1.15778
14.0625 1.15678

14.0625 1.15678
14.4531 1.15582

14.4531 1.15582
14.8438 1.15491

14.8438 1.1549
15.2344 1.15405

15.2344 1.15405
15.625 1.15326

15.625 1.15326
16.0156 1.15255

16.0156 1.15255
16.4062 1.15192

16.4062 1.15191
16.7969 1.15137

16.7969 1.15137
17.1875 1.15092

17.1875 1.15092
17.5781 1.15056

17.5781 1.15056
17.9688 1.15031

17.9688 1.15031
18.3594 1.15015

18.3594 1.15015
18.75 1.15011

18.75 1.15011
19.1406 1.15016

19.1406 1.15016
19.5312 1.15032

19.5312 1.15032
19.9219 1.15059

19.9219 1.15059
20.3125 1.15095

20.3125 1.15095
20.7031 1.15141

20.7031 1.15141
21.0938 1.15196

21.0938 1.15196
21.4844 1.1526

21.4844 1.1526
21.875 1.15332

21.875 1.15332
22.2656 1.15411

22.2656 1.15412
22.6562 1.15498

22.6562 1.15498
23.0469 1.15589

23.0469 1.1559
23.4375 1.15686

23.4375 1.15686
23.8281 1.15787

23.8281 1.15787
24.2188 1.1589

24.2188 1.15891
24.6094 1.15996

24.6094 1.15996
25 1.16103

25 1.16103
25.3906 1.1621

25.3906 1.1621
25.7812 1.16315

25.7812 1.16315
26.1719 1.16419

26.1719 1.16419
26.5625 1.16519

26.5625 1.16519
26.9531 1.16616

26.9531 1.16616
27.3438 1.16707

27.3438 1.16707
27.7344 1.16793

27.7344 1.16793
28.125 1.16872

28.125 1.16872
28.5156 1.16943

28.5156 1.16943
28.9062 1.17006

28.9062 1.17007
29.2969 1.17061

29.2969 1.17061
29.6875 1.17106

29.6875 1.17106
30.0781 1.17142

30.0781 1.17142
30.4688 1.17168

30.4688 1.17167
30.8594 1.17183

31.6406 1.17181
31.286 1.17188

31.6406 1.17182
32.0312 1.17166

32.0312 1.17166
32.4219 1.17139

32.4219 1.17139
32.8125 1.17103

32.8125 1.17103
33.2031 1.17057

33.2031 1.17057
33.5938 1.17002

33.5938 1.17001
33.9844 1.16938

33.9844 1.16937
34.375 1.16866

34.375 1.16865
34.7656 1.16786

34.7656 1.16786
35.1562 1.167

35.1562 1.167
35.5469 1.16608

35.5469 1.16608
35.9375 1.16511

35.9375 1.16511
36.3281 1.16411

36.3281 1.1641
36.7188 1.16307

36.7188 1.16307
37.1094 1.16201

37.1094 1.16201
37.5 1.16095

37.5 1.16094
37.8906 1.15988

37.8906 1.15988
38.2812 1.15882

38.2812 1.15882
38.6719 1.15778

38.6719 1.15778
39.0625 1.15678

39.0625 1.15678
39.4531 1.15581

39.4531 1.15581
39.8438 1.15489

39.8438 1.15489
40.2344 1.15403

40.2344 1.15402
40.625 1.15322

40.625 1.15322
41.0156 1.15249

41.0156 1.15249
41.4062 1.15183

41.4062 1.15183
41.7969 1.15125

41.7969 1.15125
42.1875 1.15075

42.1875 1.15075
42.5781 1.15033

42.5781 1.15033
42.9688 1.14999

42.9688 1.14999
43.3594 1.14973

43.3594 1.14973
43.75 1.14953

43.75 1.14954
44.1406 1.1494

44.1406 1.14941
44.5312 1.14933

44.5312 1.14933
44.9219 1.14929

44.9219 1.14929
45.3125 1.14928

45.3125 1.14928
45.7031 1.14928

45.7031 1.14928
46.0938 1.14926

46.0938 1.14927
46.4844 1.14921

46.4844 1.14922
46.875 1.1491

46.875 1.14911
47.2656 1.14891

47.2656 1.14892
47.6562 1.1486

47.6562 1.14861
48.0469 1.14815

48.0469 1.14815
48.4375 1.14752

48.4375 1.14753
48.8281 1.14669

48.8281 1.1467
49.2188 1.14563

49.2188 1.14563
49.6094 1.14431

49.6094 1.14431
50 1.1427

50 1.14271
50.3906 1.1408

50.3906 1.1408
50.7812 1.13857

50.7812 1.13857
51.1719 1.136

51.1719 1.13601
51.5625 1.1331

51.5625 1.1331
51.9531 1.12985

51.9531 1.12985
52.3438 1.12626

52.3438 1.12626
52.7344 1.12235

52.7344 1.12234
53.125 1.11812

53.125 1.11812
53.5156 1.11361

53.5156 1.1136
53.9062 1.10883

53.9062 1.10882
54.2969 1.10383

54.2969 1.10382
54.6875 1.09863

54.6875 1.09862
55.0781 1.09329

55.0781 1.09328
55.4688 1.08783

55.4688 1.08782
55.8594 1.08231

55.8594 1.0823
56.25 1.07676

56.25 1.07675
56.6406 1.07123

56.6406 1.07122
57.0312 1.06576

57.0312 1.06575
57.4219 1.06039

57.4219 1.06038
57.8125 1.05514

57.8125 1.05513
58.2031 1.05004

58.2031 1.05004
58.5938 1.04513

58.5938 1.04513
58.9844 1.04043

58.9844 1.04043
59.375 1.03594

59.375 1.03594
59.7656 1.03169

59.7656 1.03169
60.1562 1.02768

60.1562 1.02768
60.5469 1.0239

60.5469 1.0239
60.9375 1.02038

60.9375 1.02038
61.3281 1.01709

61.3281 1.01709
61.7188 1.01404

61.7188 1.01404
62.1094 1.01122

62.1094 1.01122
62.5 1.00862

62.5 1.00862
62.8906 1.00623

62.8906 1.00623
63.2812 1.00404

63.2812 1.00404
63.6719 1.00205

63.6719 1.00205
64.0625 1.00024

64.0625 1.00024
64.4531 0.998608

64.4531 0.99861
64.8438 0.997141

64.8438 0.997143
65.2344 0.995834

65.2344 0.995835
65.625 0.994678

65.625 0.994679
66.0156 0.993668

66.0156 0.99367
66.4062 0.992799

66.4062 0.9928
66.7969 0.992065

66.7969 0.992066
67.1875 0.991462

67.1875 0.991463
67.5781 0.990986

67.5781 0.990987
67.9688 0.990634

67.9688 0.990635
68.3594 0.990401

68.3594 0.990402
68.75 0.990285

68.75 0.990286
69.1406 0.990281

69.1406 0.990282
69.5312 0.990386

69.5312 0.990387
69.9219 0.990596

69.9219 0.990597
70.3125 0.990905

70.3125 0.990906
70.7031 0.991309

70.7031 0.99131
71.0938 0.991803

71.0938 0.991804
71.4844 0.99238

71.4844 0.992381
71.875 0.993034

71.875 0.993036
72.2656 0.993758

72.2656 1.02658
72.6562 0.961723

72.8321 0
72.8697 0.390625

72.9666 0.390625
72.8853 0.78125

72.6562 1.15328
73.0469 0.815878

73.0469 0.894396
73.092 0.78125

