6.64062 1.17181
6.28612 1.17188

6.64062 1.17182
7.03125 1.17166

7.03125 1.17166
7.42188 1.17139

7.42188 1.17139
7.8125 1.17103

7.8125 1.17103
8.20312 1.17057

8.20312 1.17057
8.59375 1.17002

8.59375 1.17001
8.98438 1.16938

8.98438 1.16937
9.375 1.16866

9.375 1.16865
9.76562 1.16786

9.76562 1.16786
10.1562 1.167

10.1562 1.167
10.5469 1.16608

10.5469 1.16608
10.9375 1.16511

10.9375 1.16511
11.3281 1.16411

11.3281 1.1641
11.7188 1.16307

11.7188 1.16307
12.1094 1.16201

12.1094 1.16201
12.5 1.16094

12.5 1.16094
12.8906 1.15988

12.8906 1.15988
13.2812 1.15882

13.2812 1.15882
13.6719 1.15779

13.6719 1.15778
14.0625 1.15678

14.0625 1.15678
14.4531 1.15582

14.4531 1.15582
14.8438 1.15491

14.8438 1.1549
15.2344 1.15405

15.2344 1.15405
15.625 1.15326

15.625 1.15326
16.0156 1.15255

16.0156 1.15255
16.4062 1.15192

16.4062 1.15191
16.7969 1.15137

16.7969 1.15137
17.1875 1.15092

17.1875 1.15092
17.5781 1.15056

17.5781 1.15056
17.9688 1.15031

17.9688 1.15031
18.3594 1.15015

18.3594 1.15015
18.75 1.15011

18.75 1.15011
19.1406 1.15016

19.1406 1.15016
19.5312 1.15032

19.5312 1.15032
19.9219 1.15059

19.9219 1.15059
20.3125 1.15095

20.3125 1.15095
20.7031 1.15141

20.7031 1.15141
21.0938 1.15196

21.0938 1.15196
21.4844 1.1526

21.4844 1.1526
21.875 1.15332

21.875 1.15332
22.2656 1.15411

22.2656 1.15412
22.6562 1.15498

22.6562 1.15498
23.0469 1.15589

23.0469 1.1559
23.4375 1.15686

23.4375 1.15686
23.8281 1.15787

23.8281 1.15787
24.2188 1.1589

24.2188 1.15891
24.6094 1.15996

24.6094 1.15996
25 1.16103

25 1.16103
25.3906 1.1621

25.3906 1.1621
25.7812 1.16315

25.7812 1.16315
26.1719 1.16419

26.1719 1.16419
26.5625 1.16519

26.5625 1.16519
26.9531 1.16616

26.9531 1.16616
27.3438 1.16707

27.3438 1.16707
27.7344 1.16793

27.7344 1.16793
28.125 1.16872

28.125 1.16872
28.5156 1.16943

28.5156 1.16943
28.9062 1.17006

28.9062 1.17007
29.2969 1.17061

29.2969 1.17061
29.6875 1.17106

29.6875 1.17106
30.0781 1.17142

30.0781 1.17142
30.4688 1.17168

30.4688 1.17167
30.8594 1.17183

31.6406 1.17181
31.2857 1.17188

31.6406 1.17182
32.0312 1.17166

32.0312 1.17166
32.4219 1.17139

32.4219 1.17139
32.8125 1.17103

32.8125 1.17103
33.2031 1.17057

33.2031 1.17057
33.5938 1.17002

33.5938 1.17001
33.9844 1.16938

33.9844 1.16937
34.375 1.16866

34.375 1.16865
34.7656 1.16786

34.7656 1.16786
35.1562 1.167

35.1562 1.167
35.5469 1.16608

35.5469 1.16608
35.9375 1.16511

35.9375 1.16511
36.3281 1.16411

36.3281 1.1641
36.7188 1.16307

36.7188 1.16307
37.1094 1.16201

37.1094 1.16201
37.5 1.16095

37.5 1.16094
37.8906 1.15988

37.8906 1.15988
38.2812 1.15882

38.2812 1.15882
38.6719 1.15779

38.6719 1.15779
39.0625 1.15678

39.0625 1.15678
39.4531 1.15582

39.4531 1.15582
39.8438 1.15491

39.8438 1.1549
40.2344 1.15405

40.2344 1.15405
40.625 1.15326

40.625 1.15326
41.0156 1.15255

41.0156 1.15255
41.4062 1.15192

41.4062 1.15191
41.7969 1.15137

41.7969 1.15137
42.1875 1.15092

42.1875 1.15092
42.5781 1.15056

42.5781 1.15056
42.9688 1.15031

42.9688 1.15031
43.3594 1.15015

43.3594 1.15015
43.75 1.15011

43.75 1.15011
44.1406 1.15016

44.1406 1.15016
44.5312 1.15032

44.5312 1.15032
44.9219 1.15059

44.9219 1.15059
45.3125 1.15095

45.3125 1.15095
45.7031 1.15141

45.7031 1.15141
46.0938 1.15196

46.0938 1.15196
46.4844 1.1526

46.4844 1.1526
46.875 1.15332

46.875 1.15332
47.2656 1.15412

47.2656 1.15412
47.6562 1.15498

47.6562 1.15498
48.0469 1.15589

48.0469 1.1559
48.4375 1.15686

48.4375 1.15686
48.8281 1.15787

48.8281 1.15787
49.2188 1.1589

49.2188 1.15891
49.6094 1.15996

49.6094 1.15996
50 1.16103

50 1.16103
50.3906 1.16209

50.3906 1.1621
50.7812 1.16315

50.7812 1.16315
51.1719 1.16418

51.1719 1.16418
51.5625 1.16518

51.5625 1.16518
51.9531 1.16614

51.9531 1.16614
52.3438 1.16705

52.3438 1.16705
52.7344 1.16789

52.7344 1.16789
53.125 1.16866

53.125 1.16867
53.5156 1.16936

53.5156 1.16936
53.9062 1.16996

53.9062 1.16997
54.2969 1.17047

54.2969 1.17048
54.6875 1.17088

54.6875 1.17088
55.0781 1.17118

55.0781 1.17118
55.4688 1.17136

55.4688 1.17136
55.8594 1.17141

55.8594 1.17141
56.25 1.17133

56.25 1.17133
56.6406 1.17112

56.6406 1.17112
57.0312 1.17077

57.0312 1.17077
57.4219 1.17026

57.4219 1.17027
57.8125 1.16961

57.8125 1.16961
58.2031 1.16879

58.2031 1.1688
58.5938 1.16781

58.5938 1.16782
58.9844 1.16667

58.9844 1.16667
59.375 1.16534

59.375 1.16534
59.7656 1.16383

59.7656 1.16383
60.1562 1.16214

60.1562 1.16214
60.5469 1.16025

60.5469 1.16026
60.9375 1.15817

60.9375 1.15817
61.3281 1.15589

61.3281 1.15589
61.7188 1.1534

61.7188 1.1534
62.1094 1.1507

62.1094 1.1507
62.5 1.14779

62.5 1.14779
62.8906 1.14467

62.8906 1.14467
63.2812 1.14135

63.2812 1.14135
63.6719 1.13781

63.6719 1.13781
64.0625 1.13408

64.0625 1.13408
64.4531 1.13015

64.4531 1.13015
64.8438 1.12604

64.8438 1.12604
65.2344 1.12176

65.2344 1.12175
65.625 1.11732

65.625 1.11731
66.0156 1.11273

66.0156 1.11273
66.4062 1.10803

66.4062 1.10802
66.7969 1.10322

66.7969 1.10322
67.1875 1.09834

67.1875 1.09833
67.5781 1.0934

67.5781 1.0934
67.9688 1.08844

67.9688 1.08844
68.3594 1.08348

68.3594 1.08348
68.75 1.07855

68.75 1.07855
69.1406 1.07368

69.1406 1.07367
69.5312 1.06889

69.5312 1.06888
69.9219 1.06421

69.9219 1.06421
70.3125 1.05967

70.3125 1.05967
70.7031 1.0553

70.7031 1.05529
71.0938 1.0511

71.0938 1.0511
71.4844 1.04711

71.4844 1.0471
71.875 1.04333

71.875 1.04333
72.2656 1.03979

72.2656 1.03979
72.6562 1.0365

72.6562 1.03649
73.0469 1.03345

73.0469 1.03345
73.4375 1.03065

73.4375 1.03065
73.8281 1.02811

73.8281 1.02811
74.2188 1.02582

74.2188 1.02582
74.6094 1.02377

74.6094 1.02377
75 1.02196

75 1.02196
75.3906 1.02037

75.3906 1.02038
75.7812 1.019

75.7812 1.019
76.1719 1.01781

76.1719 1.01782
76.5625 1.01681

76.5625 1.01681
76.9531 1.01596

76.9531 1.01597
77.3438 1.01525

77.3438 1.01526
77.7344 1.01466

77.7344 1.01467
78.125 1.01418

78.125 1.01418
78.5156 1.01377

78.5156 1.01377
78.9062 1.01342

78.9062 1.01343
79.2969 1.01312

79.2969 1.01312
79.6875 1.01284

79.6875 1.01285
80.0781 1.01258

80.0781 1.01258
80.4688 1.0123

80.4688 1.01231
80.8594 1.01202

80.8594 1.01202
81.25 1.0117

81.25 1.01171
81.6406 1.01135

81.6406 1.01135
82.0312 1.01096

82.0312 1.01096
82.4219 1.01051

82.4219 1.01051
82.8125 1.01001

82.8125 1.01001
83.2031 1.00945

83.2031 1.00945
83.5938 1.00883

83.5938 1.00883
83.9844 1.00815

83.9844 1.00815
84.375 1.00742

84.375 1.00742
84.7656 1.00664

84.7656 1.00664
85.1562 1.0058

85.1562 1.0058
85.5469 1.00493

85.5469 1.00492
85.9375 1.00401

85.9375 1.00401
86.3281 1.00307

86.3281 1.00306
86.7188 1.0021

86.7188 1.0021
87.1094 1.00111

87.1094 1.00111
87.5 1.00012

87.5 1.00012
87.8906 0.999137

87.8906 0.999135
88.2812 0.998162

88.2812 0.998159
88.6719 0.997206

88.6719 0.997204
89.0625 0.996279

89.0625 0.996277
89.4531 0.99539

89.4531 0.995388
89.8438 0.994547

89.8438 0.994545
90.2344 0.993758

90.2344 0.993756
90.625 0.99303

91.1863 0
91.2243 0.390625

91.3222 0.390625
91.2403 0.78125

90.625 1.02709
91.0156 0.958305

91.0156 1.15083
91.4062 0.81082

91.4062 0.885533
91.4479 0.78125

