6.64062 1.17181
6.28598 1.17188

6.64062 1.17182
7.03125 1.17166

7.03125 1.17166
7.42188 1.17139

7.42188 1.17139
7.8125 1.17103

7.8125 1.17103
8.20312 1.17057

8.20312 1.17057
8.59375 1.17002

8.59375 1.17001
8.98438 1.16938

8.98438 1.16937
9.375 1.16865

9.375 1.16865
9.76562 1.16786

9.76562 1.16786
10.1562 1.167

10.1562 1.167
10.5469 1.16608

10.5469 1.16608
10.9375 1.16511

10.9375 1.16511
11.3281 1.16411

11.3281 1.1641
11.7188 1.16307

11.7188 1.16307
12.1094 1.16201

12.1094 1.16201
12.5 1.16094

12.5 1.16094
12.8906 1.15988

12.8906 1.15987
13.2812 1.15882

13.2812 1.15882
13.6719 1.15779

13.6719 1.15778
14.0625 1.15678

14.0625 1.15678
14.4531 1.15582

14.4531 1.15582
14.8438 1.1549

14.8438 1.1549
15.2344 1.15405

15.2344 1.15405
15.625 1.15326

15.625 1.15326
16.0156 1.15255

16.0156 1.15255
16.4062 1.15191

16.4062 1.15191
16.7969 1.15137

16.7969 1.15137
17.1875 1.15092

17.1875 1.15092
17.5781 1.15056

17.5781 1.15056
17.9688 1.15031

17.9688 1.1503
18.3594 1.15015

18.3594 1.15015
18.75 1.1501

18.75 1.1501
19.1406 1.15016

19.1406 1.15016
19.5312 1.15032

19.5312 1.15032
19.9219 1.15058

19.9219 1.15059
20.3125 1.15095

20.3125 1.15095
20.7031 1.15141

20.7031 1.15141
21.0938 1.15196

21.0938 1.15196
21.4844 1.1526

21.4844 1.1526
21.875 1.15332

21.875 1.15332
22.2656 1.15411

22.2656 1.15412
22.6562 1.15497

22.6562 1.15498
23.0469 1.15589

23.0469 1.15589
23.4375 1.15686

23.4375 1.15686
23.8281 1.15787

23.8281 1.15787
24.2188 1.1589

24.2188 1.15891
24.6094 1.15996

24.6094 1.15996
25 1.16103

25 1.16103
25.3906 1.1621

25.3906 1.1621
25.7812 1.16315

25.7812 1.16315
26.1719 1.16419

26.1719 1.16419
26.5625 1.16519

26.5625 1.16519
26.9531 1.16616

26.9531 1.16616
27.3438 1.16707

27.3438 1.16707
27.7344 1.16793

27.7344 1.16793
28.125 1.16872

28.125 1.16872
28.5156 1.16943

28.5156 1.16943
28.9062 1.17006

28.9062 1.17006
29.2969 1.17061

29.2969 1.17061
29.6875 1.17106

29.6875 1.17106
30.0781 1.17142

30.0781 1.17142
30.4688 1.17167

30.4688 1.17167
30.8594 1.17183

31.6406 1.17181
31.2857 1.17188

31.6406 1.17182
32.0312 1.17166

32.0312 1.17166
32.4219 1.17139

32.4219 1.17139
32.8125 1.17103

32.8125 1.17103
33.2031 1.17057

33.2031 1.17057
33.5938 1.17002

33.5938 1.17001
33.9844 1.16938

33.9844 1.16937
34.375 1.16865

34.375 1.16865
34.7656 1.16786

34.7656 1.16786
35.1562 1.167

35.1562 1.167
35.5469 1.16608

35.5469 1.16608
35.9375 1.16511

35.9375 1.16511
36.3281 1.16411

36.3281 1.1641
36.7188 1.16307

36.7188 1.16307
37.1094 1.16201

37.1094 1.16201
37.5 1.16094

37.5 1.16094
37.8906 1.15988

37.8906 1.15987
38.2812 1.15882

38.2812 1.15882
38.6719 1.15779

38.6719 1.15778
39.0625 1.15678

39.0625 1.15678
39.4531 1.15582

39.4531 1.15582
39.8438 1.1549

39.8438 1.1549
40.2344 1.15405

40.2344 1.15405
40.625 1.15326

40.625 1.15326
41.0156 1.15255

41.0156 1.15255
41.4062 1.15191

41.4062 1.15191
41.7969 1.15137

41.7969 1.15137
42.1875 1.15092

42.1875 1.15092
42.5781 1.15056

42.5781 1.15056
42.9688 1.15031

42.9688 1.15031
43.3594 1.15015

43.3594 1.15015
43.75 1.1501

43.75 1.1501
44.1406 1.15016

44.1406 1.15016
44.5312 1.15032

44.5312 1.15032
44.9219 1.15059

44.9219 1.15059
45.3125 1.15095

45.3125 1.15095
45.7031 1.15141

45.7031 1.15141
46.0938 1.15196

46.0938 1.15196
46.4844 1.1526

46.4844 1.1526
46.875 1.15332

46.875 1.15332
47.2656 1.15411

47.2656 1.15412
47.6562 1.15498

47.6562 1.15498
48.0469 1.15589

48.0469 1.1559
48.4375 1.15686

48.4375 1.15686
48.8281 1.15787

48.8281 1.15787
49.2188 1.1589

49.2188 1.15891
49.6094 1.15996

49.6094 1.15996
50 1.16103

50 1.16103
50.3906 1.1621

50.3906 1.1621
50.7812 1.16315

50.7812 1.16315
51.1719 1.16419

51.1719 1.16419
51.5625 1.16519

51.5625 1.16519
51.9531 1.16616

51.9531 1.16616
52.3438 1.16707

52.3438 1.16707
52.7344 1.16793

52.7344 1.16793
53.125 1.16872

53.125 1.16872
53.5156 1.16943

53.5156 1.16943
53.9062 1.17006

53.9062 1.17006
54.2969 1.17061

54.2969 1.17061
54.6875 1.17106

54.6875 1.17106
55.0781 1.17141

55.0781 1.17142
55.4688 1.17167

55.4688 1.17167
55.8594 1.17182

55.8594 1.17182
56.25 1.17186

56.25 1.17186
56.6406 1.1718

56.6406 1.1718
57.0312 1.17163

57.0312 1.17162
57.4219 1.17135

57.4219 1.17135
57.8125 1.17097

57.8125 1.17097
58.2031 1.17048

58.2031 1.17048
58.5938 1.1699

58.5938 1.1699
58.9844 1.16922

58.9844 1.16922
59.375 1.16845

59.375 1.16845
59.7656 1.16759

59.7656 1.16759
60.1562 1.16665

60.1562 1.16665
60.5469 1.16563

60.5469 1.16563
60.9375 1.16454

60.9375 1.16454
61.3281 1.16338

61.3281 1.16338
61.7188 1.16215

61.7188 1.16215
62.1094 1.16086

62.1094 1.16086
62.5 1.15952

62.5 1.15952
62.8906 1.15811

62.8906 1.15811
63.2812 1.15666

63.2812 1.15666
63.6719 1.15514

63.6719 1.15514
64.0625 1.15358

64.0625 1.15358
64.4531 1.15196

64.4531 1.15196
64.8438 1.15028

64.8438 1.15028
65.2344 1.14854

65.2344 1.14854
65.625 1.14673

65.625 1.14673
66.0156 1.14486

66.0156 1.14486
66.4062 1.14291

66.4062 1.14291
66.7969 1.14088

66.7969 1.14088
67.1875 1.13877

67.1875 1.13877
67.5781 1.13656

67.5781 1.13656
67.9688 1.13425

67.9688 1.13425
68.3594 1.13184

68.3594 1.13184
68.75 1.12931

68.75 1.12931
69.1406 1.12668

69.1406 1.12668
69.5312 1.12393

69.5312 1.12393
69.9219 1.12106

69.9219 1.12105
70.3125 1.11807

70.3125 1.11807
70.7031 1.11496

70.7031 1.11496
71.0938 1.11174

71.0938 1.11174
71.4844 1.10842

71.4844 1.10841
71.875 1.10499

71.875 1.10499
72.2656 1.10147

72.2656 1.10147
72.6562 1.09787

72.6562 1.09787
73.0469 1.0942

73.0469 1.0942
73.4375 1.09048

73.4375 1.09048
73.8281 1.08672

73.8281 1.08672
74.2188 1.08294

74.2188 1.08293
74.6094 1.07915

74.6094 1.07914
75 1.07537

75 1.07536
75.3906 1.07162

75.3906 1.07161
75.7812 1.06791

75.7812 1.06791
76.1719 1.06426

76.1719 1.06426
76.5625 1.06069

76.5625 1.06068
76.9531 1.0572

76.9531 1.0572
77.3438 1.05381

77.3438 1.05381
77.7344 1.05053

77.7344 1.05053
78.125 1.04737

78.125 1.04737
78.5156 1.04433

78.5156 1.04433
78.9062 1.04142

78.9062 1.04142
79.2969 1.03863

79.2969 1.03863
79.6875 1.03597

79.6875 1.03597
80.0781 1.03344

80.0781 1.03344
80.4688 1.03103

80.4688 1.03103
80.8594 1.02873

80.8594 1.02874
81.25 1.02655

81.25 1.02655
81.6406 1.02447

81.6406 1.02448
82.0312 1.02249

82.0312 1.0225
82.4219 1.0206

82.4219 1.0206
82.8125 1.01879

82.8125 1.01879
83.2031 1.01706

83.2031 1.01706
83.5938 1.01538

83.5938 1.01539
83.9844 1.01377

83.9844 1.01377
84.375 1.01221

84.375 1.01221
84.7656 1.0107

84.7656 1.0107
85.1562 1.00923

85.1562 1.00923
85.5469 1.00781

85.5469 1.00781
85.9375 1.00642

85.9375 1.00642
86.3281 1.00507

86.3281 1.00507
86.7188 1.00375

86.7188 1.00375
87.1094 1.00247

87.1094 1.00247
87.5 1.00124

87.5 1.00124
87.8906 1.00004

87.8906 1.00004
88.2812 0.998893

88.2812 0.998892
88.6719 0.997794

88.6719 0.997793
89.0625 0.99675

89.0625 0.996748
89.4531 0.995764

89.4531 0.995763
89.8438 0.994842

89.8438 0.994841
90.2344 0.99399

90.2344 0.993989
90.625 0.993211

90.625 0.99321
91.0156 0.992511

91.0156 0.99251
91.4062 0.991894

91.4062 0.991893
91.7969 0.991363

91.7969 0.991363
92.1875 0.990924

92.1875 0.990923
92.5781 0.990577

92.5781 0.990577
92.9688 0.990327

92.9688 0.990327
93.3594 0.990174

93.3594 0.990174
93.75 0.990118

93.75 0.990119
94.1406 0.990161

94.1406 0.990162
94.5312 0.990301

94.5312 0.990302
94.9219 0.990537

94.9219 0.990538
95.3125 0.990865

95.3125 0.990866
95.7031 0.991283

95.7031 0.991284
96.0938 0.991787

96.0938 0.991788
96.4844 0.99237

96.4844 0.992372
96.875 0.993029

96.875 0.99303
97.2656 0.993755

97.2656 1.0002
97.6562 0.988096

97.9338 0
97.9715 0.390625

98.0469 0.506197
97.9736 0.78125

98.0469 0.7631
98.0613 0.390625

97.6562 1.13103
98.0469 0.858895

98.0469 1.07379
98.1867 0.78125

