6.64062 1.17181
6.28613 1.17188

6.64062 1.17182
7.03125 1.17166

7.03125 1.17166
7.42188 1.17139

7.42188 1.17139
7.8125 1.17103

7.8125 1.17103
8.20312 1.17057

8.20312 1.17057
8.59375 1.17002

8.59375 1.17001
8.98438 1.16938

8.98438 1.16937
9.375 1.16866

9.375 1.16865
9.76562 1.16786

9.76562 1.16786
10.1562 1.167

10.1562 1.167
10.5469 1.16608

10.5469 1.16608
10.9375 1.16511

10.9375 1.16511
11.3281 1.16411

11.3281 1.1641
11.7188 1.16307

11.7188 1.16307
12.1094 1.16201

12.1094 1.16201
12.5 1.16094

12.5 1.16094
12.8906 1.15988

12.8906 1.15988
13.2812 1.15882

13.2812 1.15882
13.6719 1.15779

13.6719 1.15778
14.0625 1.15678

14.0625 1.15678
14.4531 1.15582

14.4531 1.15582
14.8438 1.15491

14.8438 1.1549
15.2344 1.15405

15.2344 1.15405
15.625 1.15326

15.625 1.15326
16.0156 1.15255

16.0156 1.15255
16.4062 1.15192

16.4062 1.15191
16.7969 1.15137

16.7969 1.15137
17.1875 1.15092

17.1875 1.15092
17.5781 1.15056

17.5781 1.15056
17.9688 1.15031

17.9688 1.15031
18.3594 1.15015

18.3594 1.15015
18.75 1.15011

18.75 1.15011
19.1406 1.15016

19.1406 1.15016
19.5312 1.15032

19.5312 1.15032
19.9219 1.15059

19.9219 1.15059
20.3125 1.15095

20.3125 1.15095
20.7031 1.15141

20.7031 1.15141
21.0938 1.15196

21.0938 1.15196
21.4844 1.1526

21.4844 1.1526
21.875 1.15332

21.875 1.15332
22.2656 1.15412

22.2656 1.15412
22.6562 1.15498

22.6562 1.15498
23.0469 1.15589

23.0469 1.1559
23.4375 1.15686

23.4375 1.15686
23.8281 1.15787

23.8281 1.15787
24.2188 1.1589

24.2188 1.15891
24.6094 1.15996

24.6094 1.15996
25 1.16103

25 1.16103
25.3906 1.1621

25.3906 1.1621
25.7812 1.16315

25.7812 1.16315
26.1719 1.16419

26.1719 1.16419
26.5625 1.16519

26.5625 1.16519
26.9531 1.16616

26.9531 1.16616
27.3438 1.16707

27.3438 1.16707
27.7344 1.16793

27.7344 1.16793
28.125 1.16872

28.125 1.16872
28.5156 1.16943

28.5156 1.16943
28.9062 1.17007

28.9062 1.17007
29.2969 1.17061

29.2969 1.17061
29.6875 1.17106

29.6875 1.17107
30.0781 1.17142

30.0781 1.17142
30.4688 1.17168

30.4688 1.17167
30.8594 1.17184

31.6406 1.17181
31.2852 1.17188

31.6406 1.17182
32.0312 1.17166

32.0312 1.17166
32.4219 1.17139

32.4219 1.17139
32.8125 1.17103

32.8125 1.17103
33.2031 1.17057

33.2031 1.17057
33.5938 1.17002

33.5938 1.17001
33.9844 1.16938

33.9844 1.16937
34.375 1.16865

34.375 1.16865
34.7656 1.16786

34.7656 1.16786
35.1562 1.167

35.1562 1.16699
35.5469 1.16608

35.5469 1.16607
35.9375 1.1651

35.9375 1.1651
36.3281 1.16409

36.3281 1.16409
36.7188 1.16304

36.7188 1.16304
37.1094 1.16197

37.1094 1.16196
37.5 1.16088

37.5 1.16087
37.8906 1.15978

37.8906 1.15977
38.2812 1.15867

38.2812 1.15867
38.6719 1.15758

38.6719 1.15758
39.0625 1.15649

39.0625 1.15649
39.4531 1.15541

39.4531 1.15541
39.8438 1.15435

39.8438 1.15435
40.2344 1.15331

40.2344 1.15331
40.625 1.15227

40.625 1.15228
41.0156 1.15125

41.0156 1.15125
41.4062 1.15022

41.4062 1.15022
41.7969 1.14918

41.7969 1.14919
42.1875 1.14813

42.1875 1.14813
42.5781 1.14703

42.5781 1.14703
42.9688 1.14588

42.9688 1.14588
43.3594 1.14465

43.3594 1.14465
43.75 1.14332

43.75 1.14333
44.1406 1.14188

44.1406 1.14189
44.5312 1.14029

44.5312 1.1403
44.9219 1.13854

44.9219 1.13854
45.3125 1.13659

45.3125 1.1366
45.7031 1.13444

45.7031 1.13444
46.0938 1.13206

46.0938 1.13206
46.4844 1.12943

46.4844 1.12943
46.875 1.12655

46.875 1.12655
47.2656 1.1234

47.2656 1.1234
47.6562 1.12

47.6562 1.11999
48.0469 1.11633

48.0469 1.11633
48.4375 1.11242

48.4375 1.11241
48.8281 1.10827

48.8281 1.10826
49.2188 1.10392

49.2188 1.10391
49.6094 1.09938

49.6094 1.09937
50 1.09469

50 1.09468
50.3906 1.08988

50.3906 1.08987
50.7812 1.085

50.7812 1.08499
51.1719 1.08007

51.1719 1.08006
51.5625 1.07515

51.5625 1.07514
51.9531 1.07027

51.9531 1.07026
52.3438 1.06547

52.3438 1.06547
52.7344 1.06079

52.7344 1.06078
53.125 1.05625

53.125 1.05624
53.5156 1.05188

53.5156 1.05188
53.9062 1.04771

53.9062 1.04771
54.2969 1.04376

54.2969 1.04375
54.6875 1.04002

54.6875 1.04002
55.0781 1.03652

55.0781 1.03652
55.4688 1.03325

55.4688 1.03325
55.8594 1.0302

55.8594 1.03021
56.25 1.02738

56.25 1.02738
56.6406 1.02477

56.6406 1.02477
57.0312 1.02235

57.0312 1.02236
57.4219 1.02012

57.4219 1.02012
57.8125 1.01805

57.8125 1.01805
58.2031 1.01612

58.2031 1.01613
58.5938 1.01433

58.5938 1.01433
58.9844 1.01265

58.9844 1.01265
59.375 1.01106

59.375 1.01107
59.7656 1.00956

59.7656 1.00957
60.1562 1.00814

60.1562 1.00814
60.5469 1.00677

60.5469 1.00677
60.9375 1.00545

60.9375 1.00545
61.3281 1.00418

61.3281 1.00418
61.7188 1.00295

61.7188 1.00295
62.1094 1.00176

62.1094 1.00176
62.5 1.00061

62.5 1.00061
62.8906 0.999497

62.8906 0.999496
63.2812 0.998423

63.2812 0.998422
63.6719 0.997393

63.6719 0.997392
64.0625 0.996411

64.0625 0.99641
64.4531 0.99548

64.4531 0.995479
64.8438 0.994607

64.8438 0.994606
65.2344 0.993796

65.2344 0.993795
65.625 0.993054

65.625 0.993052
66.0156 0.992384

66.0156 0.992383
66.4062 0.991792

67.1207 0
67.1585 0.390625

67.1875 0.675727
67.1554 0.78125

66.4062 0.992874
66.7969 0.9902

66.7969 1.11433
67.1875 0.867817

67.2339 0.390625
67.2053 0.78125

67.1875 1.10671
67.3694 0.78125

