6.64062 1.17181
6.28613 1.17188

6.64062 1.17182
7.03125 1.17166

7.03125 1.17166
7.42188 1.17139

7.42188 1.17139
7.8125 1.17103

7.8125 1.17103
8.20312 1.17057

8.20312 1.17057
8.59375 1.17002

8.59375 1.17001
8.98438 1.16938

8.98438 1.16937
9.375 1.16866

9.375 1.16865
9.76562 1.16786

9.76562 1.16786
10.1562 1.167

10.1562 1.167
10.5469 1.16608

10.5469 1.16608
10.9375 1.16511

10.9375 1.16511
11.3281 1.16411

11.3281 1.1641
11.7188 1.16307

11.7188 1.16307
12.1094 1.16201

12.1094 1.16201
12.5 1.16094

12.5 1.16094
12.8906 1.15988

12.8906 1.15988
13.2812 1.15882

13.2812 1.15882
13.6719 1.15779

13.6719 1.15778
14.0625 1.15678

14.0625 1.15678
14.4531 1.15582

14.4531 1.15582
14.8438 1.15491

14.8438 1.1549
15.2344 1.15405

15.2344 1.15405
15.625 1.15326

15.625 1.15326
16.0156 1.15255

16.0156 1.15255
16.4062 1.15192

16.4062 1.15191
16.7969 1.15137

16.7969 1.15137
17.1875 1.15092

17.1875 1.15092
17.5781 1.15056

17.5781 1.15056
17.9688 1.15031

17.9688 1.15031
18.3594 1.15015

18.3594 1.15015
18.75 1.15011

18.75 1.15011
19.1406 1.15016

19.1406 1.15016
19.5312 1.15032

19.5312 1.15032
19.9219 1.15059

19.9219 1.15059
20.3125 1.15095

20.3125 1.15095
20.7031 1.15141

20.7031 1.15141
21.0938 1.15196

21.0938 1.15196
21.4844 1.1526

21.4844 1.1526
21.875 1.15332

21.875 1.15332
22.2656 1.15411

22.2656 1.15412
22.6562 1.15498

22.6562 1.15498
23.0469 1.15589

23.0469 1.1559
23.4375 1.15686

23.4375 1.15686
23.8281 1.15787

23.8281 1.15787
24.2188 1.1589

24.2188 1.15891
24.6094 1.15996

24.6094 1.15996
25 1.16103

25 1.16103
25.3906 1.1621

25.3906 1.1621
25.7812 1.16315

25.7812 1.16315
26.1719 1.16419

26.1719 1.16419
26.5625 1.16519

26.5625 1.16519
26.9531 1.16616

26.9531 1.16616
27.3438 1.16707

27.3438 1.16707
27.7344 1.16793

27.7344 1.16793
28.125 1.16872

28.125 1.16872
28.5156 1.16943

28.5156 1.16943
28.9062 1.17006

28.9062 1.17007
29.2969 1.17061

29.2969 1.17061
29.6875 1.17106

29.6875 1.17106
30.0781 1.17142

30.0781 1.17142
30.4688 1.17168

30.4688 1.17167
30.8594 1.17183

31.6406 1.17181
31.2863 1.17188

31.6406 1.17182
32.0312 1.17166

32.0312 1.17166
32.4219 1.17139

32.4219 1.17139
32.8125 1.17103

32.8125 1.17103
33.2031 1.17057

33.2031 1.17057
33.5938 1.17002

33.5938 1.17001
33.9844 1.16938

33.9844 1.16937
34.375 1.16866

34.375 1.16865
34.7656 1.16786

34.7656 1.16786
35.1562 1.167

35.1562 1.167
35.5469 1.16608

35.5469 1.16608
35.9375 1.16511

35.9375 1.16511
36.3281 1.16411

36.3281 1.1641
36.7188 1.16307

36.7188 1.16307
37.1094 1.16201

37.1094 1.16201
37.5 1.16094

37.5 1.16094
37.8906 1.15988

37.8906 1.15988
38.2812 1.15882

38.2812 1.15882
38.6719 1.15779

38.6719 1.15779
39.0625 1.15678

39.0625 1.15678
39.4531 1.15582

39.4531 1.15582
39.8438 1.15491

39.8438 1.1549
40.2344 1.15405

40.2344 1.15405
40.625 1.15326

40.625 1.15326
41.0156 1.15255

41.0156 1.15255
41.4062 1.15192

41.4062 1.15191
41.7969 1.15137

41.7969 1.15137
42.1875 1.15092

42.1875 1.15092
42.5781 1.15056

42.5781 1.15056
42.9688 1.15031

42.9688 1.15031
43.3594 1.15015

43.3594 1.15015
43.75 1.15011

43.75 1.15011
44.1406 1.15016

44.1406 1.15016
44.5312 1.15032

44.5312 1.15032
44.9219 1.15058

44.9219 1.15058
45.3125 1.15094

45.3125 1.15094
45.7031 1.1514

45.7031 1.1514
46.0938 1.15194

46.0938 1.15194
46.4844 1.15257

46.4844 1.15258
46.875 1.15328

46.875 1.15328
47.2656 1.15406

47.2656 1.15406
47.6562 1.15489

47.6562 1.1549
48.0469 1.15578

48.0469 1.15578
48.4375 1.1567

48.4375 1.1567
48.8281 1.15765

48.8281 1.15765
49.2188 1.15861

49.2188 1.15862
49.6094 1.15957

49.6094 1.15958
50 1.16052

50 1.16052
50.3906 1.16142

50.3906 1.16143
50.7812 1.16228

50.7812 1.16229
51.1719 1.16307

51.1719 1.16307
51.5625 1.16376

51.5625 1.16377
51.9531 1.16434

51.9531 1.16435
52.3438 1.1648

52.3438 1.1648
52.7344 1.16509

52.7344 1.1651
53.125 1.16521

53.125 1.16521
53.5156 1.16512

53.5156 1.16513
53.9062 1.16481

53.9062 1.16482
54.2969 1.16426

54.2969 1.16426
54.6875 1.16343

54.6875 1.16343
55.0781 1.16231

55.0781 1.16231
55.4688 1.16087

55.4688 1.16088
55.8594 1.15911

55.8594 1.15911
56.25 1.157

56.25 1.15701
56.6406 1.15454

56.6406 1.15454
57.0312 1.15171

57.0312 1.15171
57.4219 1.14851

57.4219 1.14851
57.8125 1.14494

57.8125 1.14494
58.2031 1.14101

58.2031 1.141
58.5938 1.13672

58.5938 1.13671
58.9844 1.13209

58.9844 1.13208
59.375 1.12713

59.375 1.12713
59.7656 1.12188

59.7656 1.12188
60.1562 1.11637

60.1562 1.11636
60.5469 1.11062

60.5469 1.11061
60.9375 1.10468

60.9375 1.10467
61.3281 1.09858

61.3281 1.09857
61.7188 1.09236

61.7188 1.09235
62.1094 1.08608

62.1094 1.08607
62.5 1.07978

62.5 1.07976
62.8906 1.07349

62.8906 1.07348
63.2812 1.06728

63.2812 1.06727
63.6719 1.06117

63.6719 1.06116
64.0625 1.05521

64.0625 1.0552
64.4531 1.04944

64.4531 1.04943
64.8438 1.0439

64.8438 1.04389
65.2344 1.0386

65.2344 1.0386
65.625 1.03359

65.625 1.03359
66.0156 1.02888

66.0156 1.02888
66.4062 1.02449

66.4062 1.02448
66.7969 1.02043

66.7969 1.02043
67.1875 1.01671

67.1875 1.01671
67.5781 1.01334

67.5781 1.01334
67.9688 1.01032

67.9688 1.01032
68.3594 1.00764

68.3594 1.00764
68.75 1.00529

68.75 1.00529
69.1406 1.00327

69.1406 1.00328
69.5312 1.00157

69.5312 1.00158
69.9219 1.00017

69.9219 1.00018
70.3125 0.999055

70.3125 0.99906
70.7031 0.998205

70.7031 0.99821
71.0938 0.997603

71.0938 0.997608
71.4844 0.997229

71.4844 0.997234
71.875 0.997063

71.875 0.997068
72.2656 0.997085

72.2656 0.99709
72.6562 0.997274

72.6562 0.997279
73.0469 0.99761

73.0469 0.997615
73.4375 0.998073

73.4375 0.998078
73.8281 0.998644

73.8281 0.998649
74.2188 0.999304

74.2188 0.999308
74.6094 1.00003

74.6094 1.00004
75 1.00082

75 1.00082
75.3906 1.00164

75.3906 1.00165
75.7812 1.00249

75.7812 1.00249
76.1719 1.00334

76.1719 1.00334
76.5625 1.00418

76.5625 1.00418
76.9531 1.005

76.9531 1.00501
77.3438 1.0058

77.3438 1.0058
77.7344 1.00655

77.7344 1.00655
78.125 1.00725

78.125 1.00725
78.5156 1.00788

78.5156 1.00789
78.9062 1.00845

78.9062 1.00845
79.2969 1.00894

79.2969 1.00895
79.6875 1.00936

79.6875 1.00936
80.0781 1.00968

80.0781 1.00968
80.4688 1.00991

80.4688 1.00992
80.8594 1.01006

80.8594 1.01006
81.25 1.0101

81.25 1.0101
81.6406 1.01005

81.6406 1.06045
82.0312 0.959513

82.1607 0
82.1974 0.390625

82.2806 0.390625
82.2241 0.78125

82.4196 0.78125
82.0358 1.17188

82.4219 0.800861
82.4289 0.78125

