6.64062 1.17181
6.28623 1.17188

6.64062 1.17182
7.03125 1.17166

7.03125 1.17166
7.42188 1.17139

7.42188 1.17139
7.8125 1.17103

7.8125 1.17103
8.20312 1.17057

8.20312 1.17057
8.59375 1.17002

8.59375 1.17001
8.98438 1.16938

8.98438 1.16937
9.375 1.16866

9.375 1.16865
9.76562 1.16786

9.76562 1.16786
10.1562 1.167

10.1562 1.167
10.5469 1.16608

10.5469 1.16608
10.9375 1.16511

10.9375 1.16511
11.3281 1.16411

11.3281 1.1641
11.7188 1.16307

11.7188 1.16307
12.1094 1.16201

12.1094 1.16201
12.5 1.16094

12.5 1.16094
12.8906 1.15988

12.8906 1.15988
13.2812 1.15882

13.2812 1.15882
13.6719 1.15779

13.6719 1.15778
14.0625 1.15678

14.0625 1.15678
14.4531 1.15582

14.4531 1.15582
14.8438 1.15491

14.8438 1.1549
15.2344 1.15405

15.2344 1.15405
15.625 1.15326

15.625 1.15326
16.0156 1.15255

16.0156 1.15255
16.4062 1.15192

16.4062 1.15191
16.7969 1.15137

16.7969 1.15137
17.1875 1.15092

17.1875 1.15092
17.5781 1.15056

17.5781 1.15056
17.9688 1.15031

17.9688 1.15031
18.3594 1.15015

18.3594 1.15015
18.75 1.15011

18.75 1.15011
19.1406 1.15016

19.1406 1.15016
19.5312 1.15032

19.5312 1.15032
19.9219 1.15059

19.9219 1.15059
20.3125 1.15095

20.3125 1.15095
20.7031 1.15141

20.7031 1.15141
21.0938 1.15196

21.0938 1.15196
21.4844 1.1526

21.4844 1.1526
21.875 1.15332

21.875 1.15332
22.2656 1.15411

22.2656 1.15412
22.6562 1.15497

22.6562 1.15498
23.0469 1.15589

23.0469 1.1559
23.4375 1.15686

23.4375 1.15686
23.8281 1.15787

23.8281 1.15787
24.2188 1.1589

24.2188 1.15891
24.6094 1.15996

24.6094 1.15996
25 1.16103

25 1.16103
25.3906 1.1621

25.3906 1.1621
25.7812 1.16315

25.7812 1.16315
26.1719 1.16419

26.1719 1.16419
26.5625 1.16519

26.5625 1.16519
26.9531 1.16616

26.9531 1.16616
27.3438 1.16707

27.3438 1.16707
27.7344 1.16793

27.7344 1.16793
28.125 1.16872

28.125 1.16872
28.5156 1.16943

28.5156 1.16943
28.9062 1.17006

28.9062 1.17007
29.2969 1.17061

29.2969 1.17061
29.6875 1.17106

29.6875 1.17106
30.0781 1.17142

30.0781 1.17142
30.4688 1.17168

30.4688 1.17167
30.8594 1.17183

31.6406 1.17181
31.2862 1.17188

31.6406 1.17182
32.0312 1.17166

32.0312 1.17166
32.4219 1.17139

32.4219 1.17139
32.8125 1.17103

32.8125 1.17103
33.2031 1.17057

33.2031 1.17057
33.5938 1.17002

33.5938 1.17001
33.9844 1.16938

33.9844 1.16937
34.375 1.16865

34.375 1.16865
34.7656 1.16786

34.7656 1.16786
35.1562 1.167

35.1562 1.167
35.5469 1.16608

35.5469 1.16608
35.9375 1.16511

35.9375 1.16511
36.3281 1.16411

36.3281 1.1641
36.7188 1.16307

36.7188 1.16307
37.1094 1.16201

37.1094 1.16201
37.5 1.16094

37.5 1.16094
37.8906 1.15988

37.8906 1.15988
38.2812 1.15882

38.2812 1.15882
38.6719 1.15779

38.6719 1.15778
39.0625 1.15678

39.0625 1.15678
39.4531 1.15582

39.4531 1.15582
39.8438 1.1549

39.8438 1.1549
40.2344 1.15404

40.2344 1.15404
40.625 1.15325

40.625 1.15325
41.0156 1.15253

41.0156 1.15253
41.4062 1.15189

41.4062 1.15189
41.7969 1.15133

41.7969 1.15133
42.1875 1.15085

42.1875 1.15085
42.5781 1.15047

42.5781 1.15047
42.9688 1.15018

42.9688 1.15018
43.3594 1.14997

43.3594 1.14997
43.75 1.14986

43.75 1.14986
44.1406 1.14982

44.1406 1.14983
44.5312 1.14987

44.5312 1.14987
44.9219 1.14998

44.9219 1.14998
45.3125 1.15015

45.3125 1.15015
45.7031 1.15037

45.7031 1.15037
46.0938 1.15061

46.0938 1.15062
46.4844 1.15087

46.4844 1.15087
46.875 1.15112

46.875 1.15112
47.2656 1.15134

47.2656 1.15134
47.6562 1.1515

47.6562 1.15151
48.0469 1.15158

48.0469 1.15159
48.4375 1.15155

48.4375 1.15156
48.8281 1.15139

48.8281 1.15139
49.2188 1.15105

49.2188 1.15106
49.6094 1.15051

49.6094 1.15052
50 1.14975

50 1.14975
50.3906 1.14872

50.3906 1.14873
50.7812 1.14742

50.7812 1.14742
51.1719 1.1458

51.1719 1.1458
51.5625 1.14386

51.5625 1.14386
51.9531 1.14157

51.9531 1.14157
52.3438 1.13892

52.3438 1.13892
52.7344 1.13591

52.7344 1.13591
53.125 1.13254

53.125 1.13254
53.5156 1.12882

53.5156 1.12881
53.9062 1.12474

53.9062 1.12474
54.2969 1.12035

54.2969 1.12034
54.6875 1.11565

54.6875 1.11564
55.0781 1.11068

55.0781 1.11067
55.4688 1.10546

55.4688 1.10545
55.8594 1.10005

55.8594 1.10004
56.25 1.09448

56.25 1.09447
56.6406 1.08879

56.6406 1.08878
57.0312 1.08303

57.0312 1.08302
57.4219 1.07724

57.4219 1.07723
57.8125 1.07146

57.8125 1.07145
58.2031 1.06575

58.2031 1.06574
58.5938 1.06012

58.5938 1.06011
58.9844 1.05463

58.9844 1.05462
59.375 1.0493

59.375 1.0493
59.7656 1.04416

59.7656 1.04416
60.1562 1.03924

60.1562 1.03924
60.5469 1.03455

60.5469 1.03454
60.9375 1.0301

60.9375 1.0301
61.3281 1.02591

61.3281 1.02591
61.7188 1.02199

61.7188 1.02199
62.1094 1.01832

62.1094 1.01833
62.5 1.01493

62.5 1.01493
62.8906 1.01179

62.8906 1.0118
63.2812 1.00892

63.2812 1.00892
63.6719 1.00629

63.6719 1.00629
64.0625 1.0039

64.0625 1.0039
64.4531 1.00174

64.4531 1.00174
64.8438 0.999807

64.8438 0.999809
65.2344 0.998085

65.2344 0.998087
65.625 0.996566

65.625 0.996568
66.0156 0.995239

66.0156 0.995241
66.4062 0.994096

66.4062 0.994099
66.7969 0.993129

66.7969 0.993131
67.1875 0.992327

67.1875 0.992329
67.5781 0.991684

67.5781 0.991686
67.9688 0.991193

67.9688 0.991194
68.3594 0.990845

68.3594 0.990846
68.75 0.990634

68.75 0.990635
69.1406 0.990553

69.1406 0.990555
69.5312 0.990596

69.5312 0.990597
69.9219 0.990756

69.9219 0.990757
70.3125 0.991026

70.3125 0.991027
70.7031 0.991399

70.7031 0.991401
71.0938 0.991869

71.0938 0.991871
71.4844 0.992428

71.4844 0.99243
71.875 0.993068

71.875 0.99307
72.2656 0.993781

72.2656 0.993783
72.6562 0.99456

72.6562 0.994562
73.0469 0.995395

73.0469 0.995397
73.4375 0.996277

73.4375 0.99628
73.8281 0.997198

73.8281 1.01572
74.2188 0.979628

74.4429 0
74.4803 0.390625

74.5804 0.390625
74.4921 0.78125

74.2188 1.1453
74.6094 0.849985

74.6094 0.991817
74.6985 0.78125

