6.64062 1.17181
6.28617 1.17188

6.64062 1.17182
7.03125 1.17166

7.03125 1.17166
7.42188 1.17139

7.42188 1.17139
7.8125 1.17103

7.8125 1.17103
8.20312 1.17057

8.20312 1.17057
8.59375 1.17002

8.59375 1.17001
8.98438 1.16938

8.98438 1.16937
9.375 1.16866

9.375 1.16865
9.76562 1.16786

9.76562 1.16786
10.1562 1.167

10.1562 1.167
10.5469 1.16608

10.5469 1.16608
10.9375 1.16511

10.9375 1.16511
11.3281 1.16411

11.3281 1.1641
11.7188 1.16307

11.7188 1.16307
12.1094 1.16201

12.1094 1.16201
12.5 1.16094

12.5 1.16094
12.8906 1.15988

12.8906 1.15988
13.2812 1.15882

13.2812 1.15882
13.6719 1.15779

13.6719 1.15778
14.0625 1.15678

14.0625 1.15678
14.4531 1.15582

14.4531 1.15582
14.8438 1.15491

14.8438 1.1549
15.2344 1.15405

15.2344 1.15405
15.625 1.15326

15.625 1.15326
16.0156 1.15255

16.0156 1.15255
16.4062 1.15192

16.4062 1.15191
16.7969 1.15137

16.7969 1.15137
17.1875 1.15092

17.1875 1.15092
17.5781 1.15056

17.5781 1.15056
17.9688 1.15031

17.9688 1.15031
18.3594 1.15015

18.3594 1.15015
18.75 1.15011

18.75 1.15011
19.1406 1.15016

19.1406 1.15016
19.5312 1.15032

19.5312 1.15032
19.9219 1.15059

19.9219 1.15059
20.3125 1.15095

20.3125 1.15095
20.7031 1.15141

20.7031 1.15141
21.0938 1.15196

21.0938 1.15196
21.4844 1.1526

21.4844 1.1526
21.875 1.15332

21.875 1.15332
22.2656 1.15412

22.2656 1.15412
22.6562 1.15498

22.6562 1.15498
23.0469 1.15589

23.0469 1.1559
23.4375 1.15686

23.4375 1.15686
23.8281 1.15787

23.8281 1.15787
24.2188 1.1589

24.2188 1.15891
24.6094 1.15996

24.6094 1.15996
25 1.16103

25 1.16103
25.3906 1.1621

25.3906 1.1621
25.7812 1.16315

25.7812 1.16315
26.1719 1.16419

26.1719 1.16419
26.5625 1.16519

26.5625 1.16519
26.9531 1.16616

26.9531 1.16616
27.3438 1.16707

27.3438 1.16707
27.7344 1.16793

27.7344 1.16793
28.125 1.16872

28.125 1.16872
28.5156 1.16943

28.5156 1.16943
28.9062 1.17006

28.9062 1.17007
29.2969 1.17061

29.2969 1.17061
29.6875 1.17106

29.6875 1.17106
30.0781 1.17142

30.0781 1.17142
30.4688 1.17168

30.4688 1.17167
30.8594 1.17183

31.6406 1.17181
31.2865 1.17188

31.6406 1.17182
32.0312 1.17166

32.0312 1.17166
32.4219 1.17139

32.4219 1.17139
32.8125 1.17103

32.8125 1.17103
33.2031 1.17057

33.2031 1.17057
33.5938 1.17002

33.5938 1.17001
33.9844 1.16938

33.9844 1.16937
34.375 1.16866

34.375 1.16865
34.7656 1.16786

34.7656 1.16786
35.1562 1.167

35.1562 1.167
35.5469 1.16608

35.5469 1.16608
35.9375 1.16511

35.9375 1.16511
36.3281 1.16411

36.3281 1.1641
36.7188 1.16307

36.7188 1.16307
37.1094 1.16201

37.1094 1.16201
37.5 1.16094

37.5 1.16094
37.8906 1.15988

37.8906 1.15988
38.2812 1.15882

38.2812 1.15882
38.6719 1.15779

38.6719 1.15778
39.0625 1.15678

39.0625 1.15678
39.4531 1.15582

39.4531 1.15582
39.8438 1.15491

39.8438 1.1549
40.2344 1.15405

40.2344 1.15405
40.625 1.15326

40.625 1.15326
41.0156 1.15255

41.0156 1.15255
41.4062 1.15191

41.4062 1.15191
41.7969 1.15137

41.7969 1.15137
42.1875 1.15091

42.1875 1.15091
42.5781 1.15056

42.5781 1.15055
42.9688 1.1503

42.9688 1.1503
43.3594 1.15014

43.3594 1.15014
43.75 1.15008

43.75 1.15008
44.1406 1.15013

44.1406 1.15013
44.5312 1.15027

44.5312 1.15027
44.9219 1.15051

44.9219 1.15052
45.3125 1.15085

45.3125 1.15085
45.7031 1.15127

45.7031 1.15127
46.0938 1.15177

46.0938 1.15177
46.4844 1.15234

46.4844 1.15234
46.875 1.15297

46.875 1.15297
47.2656 1.15365

47.2656 1.15365
47.6562 1.15436

47.6562 1.15436
48.0469 1.15508

48.0469 1.15509
48.4375 1.15581

48.4375 1.15581
48.8281 1.15651

48.8281 1.15652
49.2188 1.15718

49.2188 1.15719
49.6094 1.15778

49.6094 1.15779
50 1.15829

50 1.1583
50.3906 1.15869

50.3906 1.1587
50.7812 1.15895

50.7812 1.15895
51.1719 1.15903

51.1719 1.15904
51.5625 1.15892

51.5625 1.15893
51.9531 1.15858

51.9531 1.15859
52.3438 1.15798

52.3438 1.15799
52.7344 1.15711

52.7344 1.15711
53.125 1.15593

53.125 1.15593
53.5156 1.15441

53.5156 1.15442
53.9062 1.15255

53.9062 1.15255
54.2969 1.15032

54.2969 1.15032
54.6875 1.14771

54.6875 1.14772
55.0781 1.14472

55.0781 1.14472
55.4688 1.14134

55.4688 1.14134
55.8594 1.13758

55.8594 1.13758
56.25 1.13345

56.25 1.13344
56.6406 1.12895

56.6406 1.12895
57.0312 1.12412

57.0312 1.12411
57.4219 1.11898

57.4219 1.11897
57.8125 1.11355

57.8125 1.11354
58.2031 1.10789

58.2031 1.10788
58.5938 1.10202

58.5938 1.10201
58.9844 1.09599

58.9844 1.09597
59.375 1.08984

59.375 1.08983
59.7656 1.08363

59.7656 1.08361
60.1562 1.07739

60.1562 1.07738
60.5469 1.07118

60.5469 1.07116
60.9375 1.06503

60.9375 1.06502
61.3281 1.05899

61.3281 1.05899
61.7188 1.05311

61.7188 1.0531
62.1094 1.04741

62.1094 1.0474
62.5 1.04193

62.5 1.04192
62.8906 1.03669

62.8906 1.03669
63.2812 1.03173

63.2812 1.03172
63.6719 1.02705

63.6719 1.02704
64.0625 1.02267

64.0625 1.02267
64.4531 1.0186

64.4531 1.0186
64.8438 1.01485

64.8438 1.01485
65.2344 1.01143

65.2344 1.01143
65.625 1.00832

65.625 1.00832
66.0156 1.00552

66.0156 1.00553
66.4062 1.00304

66.4062 1.00304
66.7969 1.00085

66.7969 1.00085
67.1875 0.998954

67.1875 0.998957
67.5781 0.997332

67.5781 0.997336
67.9688 0.995974

67.9688 0.995978
68.3594 0.994866

68.3594 0.99487
68.75 0.993992

68.75 0.993996
69.1406 0.993339

69.1406 0.993342
69.5312 0.99289

69.5312 0.992894
69.9219 0.992632

69.9219 0.992635
70.3125 0.992548

70.3125 0.992552
70.7031 0.992626

70.7031 0.992629
71.0938 0.99285

71.0938 0.992853
71.4844 0.993205

71.4844 0.993209
71.875 0.993679

71.875 0.993683
72.2656 0.994258

72.2656 0.994261
72.6562 0.994928

72.6562 0.994931
73.0469 0.995676

73.0469 0.995679
73.4375 0.99649

73.4375 0.996493
73.8281 0.997358

73.8281 0.997361
74.2188 0.998266

74.2188 0.998269
74.6094 0.999204

74.6094 0.999207
75 1.00016

75 1.00016
75.3906 1.00112

75.3906 1.00112
75.7812 1.00208

75.7812 1.00208
76.1719 1.00302

76.1719 1.00302
76.5625 1.00394

76.5625 1.00394
76.9531 1.00482

76.9531 1.00482
77.3438 1.00566

77.3438 1.00566
77.7344 1.00644

77.7344 1.01855
78.125 0.995066

78.3748 0
78.4119 0.390625

78.5092 0.390625
78.4253 0.78125

78.5156 0.673791
78.519 0.78125

78.125 1.15159
78.5156 0.863407

78.5156 1.046
78.6317 0.78125

