6.64062 1.17181
6.28594 1.17188

6.64062 1.17182
7.03125 1.17166

7.03125 1.17166
7.42188 1.17139

7.42188 1.17139
7.8125 1.17103

7.8125 1.17103
8.20312 1.17057

8.20312 1.17057
8.59375 1.17002

8.59375 1.17001
8.98438 1.16938

8.98438 1.16937
9.375 1.16866

9.375 1.16865
9.76562 1.16786

9.76562 1.16786
10.1562 1.167

10.1562 1.167
10.5469 1.16608

10.5469 1.16608
10.9375 1.16511

10.9375 1.16511
11.3281 1.16411

11.3281 1.1641
11.7188 1.16307

11.7188 1.16307
12.1094 1.16201

12.1094 1.16201
12.5 1.16094

12.5 1.16094
12.8906 1.15988

12.8906 1.15988
13.2812 1.15882

13.2812 1.15882
13.6719 1.15779

13.6719 1.15778
14.0625 1.15678

14.0625 1.15678
14.4531 1.15582

14.4531 1.15582
14.8438 1.15491

14.8438 1.1549
15.2344 1.15405

15.2344 1.15405
15.625 1.15326

15.625 1.15326
16.0156 1.15255

16.0156 1.15255
16.4062 1.15192

16.4062 1.15191
16.7969 1.15137

16.7969 1.15137
17.1875 1.15092

17.1875 1.15092
17.5781 1.15056

17.5781 1.15056
17.9688 1.15031

17.9688 1.15031
18.3594 1.15015

18.3594 1.15015
18.75 1.15011

18.75 1.15011
19.1406 1.15016

19.1406 1.15016
19.5312 1.15032

19.5312 1.15032
19.9219 1.15059

19.9219 1.15059
20.3125 1.15095

20.3125 1.15095
20.7031 1.15141

20.7031 1.15141
21.0938 1.15196

21.0938 1.15196
21.4844 1.1526

21.4844 1.1526
21.875 1.15332

21.875 1.15332
22.2656 1.15411

22.2656 1.15412
22.6562 1.15497

22.6562 1.15498
23.0469 1.15589

23.0469 1.1559
23.4375 1.15686

23.4375 1.15686
23.8281 1.15787

23.8281 1.15787
24.2188 1.1589

24.2188 1.15891
24.6094 1.15996

24.6094 1.15996
25 1.16103

25 1.16103
25.3906 1.1621

25.3906 1.1621
25.7812 1.16315

25.7812 1.16316
26.1719 1.16419

26.1719 1.16419
26.5625 1.16519

26.5625 1.1652
26.9531 1.16616

26.9531 1.16616
27.3438 1.16707

27.3438 1.16707
27.7344 1.16793

27.7344 1.16793
28.125 1.16872

28.125 1.16872
28.5156 1.16943

28.5156 1.16944
28.9062 1.17007

28.9062 1.17007
29.2969 1.17061

29.2969 1.17061
29.6875 1.17107

29.6875 1.17107
30.0781 1.17142

30.0781 1.17142
30.4688 1.17168

30.4688 1.17168
30.8594 1.17183

30.8594 1.17184
31.1198 1.17188

31.6406 1.17182
31.2742 1.17188

31.6406 1.17182
32.0312 1.17166

32.0312 1.17166
32.4219 1.17139

32.4219 1.17139
32.8125 1.17102

32.8125 1.17102
33.2031 1.17055

33.2031 1.17055
33.5938 1.16999

33.5938 1.16999
33.9844 1.16933

33.9844 1.16933
34.375 1.16858

34.375 1.16858
34.7656 1.16775

34.7656 1.16775
35.1562 1.16683

35.1562 1.16683
35.5469 1.16584

35.5469 1.16584
35.9375 1.16477

35.9375 1.16477
36.3281 1.16363

36.3281 1.16363
36.7188 1.16242

36.7188 1.16242
37.1094 1.16112

37.1094 1.16113
37.5 1.15976

37.5 1.15976
37.8906 1.1583

37.8906 1.1583
38.2812 1.15676

38.2812 1.15676
38.6719 1.15511

38.6719 1.15512
39.0625 1.15336

39.0625 1.15336
39.4531 1.15147

39.4531 1.15147
39.8438 1.14944

39.8438 1.14945
40.2344 1.14726

40.2344 1.14726
40.625 1.14489

40.625 1.1449
41.0156 1.14234

41.0156 1.14234
41.4062 1.13957

41.4062 1.13957
41.7969 1.13657

41.7969 1.13657
42.1875 1.13333

42.1875 1.13333
42.5781 1.12984

42.5781 1.12984
42.9688 1.1261

42.9688 1.1261
43.3594 1.1221

43.3594 1.12209
43.75 1.11784

43.75 1.11784
44.1406 1.11335

44.1406 1.11334
44.5312 1.10863

44.5312 1.10863
44.9219 1.10371

44.9219 1.10371
45.3125 1.09863

45.3125 1.09862
45.7031 1.0934

45.7031 1.09339
46.0938 1.08808

46.0938 1.08807
46.4844 1.0827

46.4844 1.08269
46.875 1.07731

46.875 1.0773
47.2656 1.07196

47.2656 1.07195
47.6562 1.0667

47.6562 1.06669
48.0469 1.06157

48.0469 1.06156
48.4375 1.05661

48.4375 1.0566
48.8281 1.05186

48.8281 1.05185
49.2188 1.04736

49.2188 1.04735
49.6094 1.04313

49.6094 1.04313
50 1.0392

50 1.0392
50.3906 1.03558

50.3906 1.03558
50.7812 1.03228

50.7812 1.03228
51.1719 1.02931

51.1719 1.02931
51.5625 1.02665

51.5625 1.02665
51.9531 1.0243

51.9531 1.0243
52.3438 1.02223

52.3438 1.02224
52.7344 1.02044

52.7344 1.02045
53.125 1.0189

53.125 1.01891
53.5156 1.01758

53.5156 1.01759
53.9062 1.01645

53.9062 1.01646
54.2969 1.01549

54.2969 1.0155
54.6875 1.01466

54.6875 1.01467
55.0781 1.01394

55.0781 1.01395
55.4688 1.01331

55.4688 1.01331
55.8594 1.01273

55.8594 1.01274
56.25 1.01219

56.25 1.0122
56.6406 1.01167

56.6406 1.01167
57.0312 1.01114

57.0312 1.01114
57.4219 1.0106

57.4219 1.0106
57.8125 1.01003

57.8125 1.01003
58.2031 1.00943

58.2031 1.00943
58.5938 1.00878

58.5938 1.00878
58.9844 1.00809

58.9844 1.00809
59.375 1.00735

59.375 1.00735
59.7656 1.00656

59.7656 1.00656
60.1562 1.00573

60.1562 1.00573
60.5469 1.00486

60.5469 1.00486
60.9375 1.00395

60.9375 1.00395
61.3281 1.00302

61.3281 1.00302
61.7188 1.00206

62.1537 0
62.1912 0.390625

62.2703 0.390625
62.2247 0.78125

61.7188 1.08449
62.1094 0.918645

62.1094 1.15327
62.4078 0.78125

