6.64062 1.17181
6.28597 1.17188

6.64062 1.17182
7.03125 1.17166

7.03125 1.17166
7.42188 1.17139

7.42188 1.17139
7.8125 1.17103

7.8125 1.17103
8.20312 1.17057

8.20312 1.17057
8.59375 1.17002

8.59375 1.17001
8.98438 1.16938

8.98438 1.16937
9.375 1.16865

9.375 1.16865
9.76562 1.16786

9.76562 1.16786
10.1562 1.167

10.1562 1.167
10.5469 1.16608

10.5469 1.16608
10.9375 1.16511

10.9375 1.16511
11.3281 1.16411

11.3281 1.1641
11.7188 1.16307

11.7188 1.16307
12.1094 1.16201

12.1094 1.16201
12.5 1.16094

12.5 1.16094
12.8906 1.15988

12.8906 1.15987
13.2812 1.15882

13.2812 1.15882
13.6719 1.15779

13.6719 1.15778
14.0625 1.15678

14.0625 1.15678
14.4531 1.15582

14.4531 1.15582
14.8438 1.1549

14.8438 1.1549
15.2344 1.15405

15.2344 1.15405
15.625 1.15326

15.625 1.15326
16.0156 1.15255

16.0156 1.15255
16.4062 1.15191

16.4062 1.15191
16.7969 1.15137

16.7969 1.15137
17.1875 1.15092

17.1875 1.15092
17.5781 1.15056

17.5781 1.15056
17.9688 1.15031

17.9688 1.1503
18.3594 1.15015

18.3594 1.15015
18.75 1.1501

18.75 1.1501
19.1406 1.15016

19.1406 1.15016
19.5312 1.15032

19.5312 1.15032
19.9219 1.15058

19.9219 1.15059
20.3125 1.15095

20.3125 1.15095
20.7031 1.15141

20.7031 1.15141
21.0938 1.15196

21.0938 1.15196
21.4844 1.1526

21.4844 1.1526
21.875 1.15332

21.875 1.15332
22.2656 1.15411

22.2656 1.15412
22.6562 1.15497

22.6562 1.15498
23.0469 1.15589

23.0469 1.15589
23.4375 1.15686

23.4375 1.15686
23.8281 1.15787

23.8281 1.15787
24.2188 1.1589

24.2188 1.15891
24.6094 1.15996

24.6094 1.15996
25 1.16103

25 1.16103
25.3906 1.1621

25.3906 1.1621
25.7812 1.16315

25.7812 1.16315
26.1719 1.16419

26.1719 1.16419
26.5625 1.16519

26.5625 1.16519
26.9531 1.16616

26.9531 1.16616
27.3438 1.16707

27.3438 1.16707
27.7344 1.16793

27.7344 1.16793
28.125 1.16872

28.125 1.16872
28.5156 1.16943

28.5156 1.16943
28.9062 1.17006

28.9062 1.17006
29.2969 1.17061

29.2969 1.17061
29.6875 1.17106

29.6875 1.17106
30.0781 1.17142

30.0781 1.17142
30.4688 1.17167

30.4688 1.17167
30.8594 1.17183

31.6406 1.17181
31.2856 1.17188

31.6406 1.17182
32.0312 1.17166

32.0312 1.17166
32.4219 1.17139

32.4219 1.17139
32.8125 1.17103

32.8125 1.17103
33.2031 1.17057

33.2031 1.17057
33.5938 1.17002

33.5938 1.17001
33.9844 1.16938

33.9844 1.16937
34.375 1.16865

34.375 1.16865
34.7656 1.16786

34.7656 1.16786
35.1562 1.167

35.1562 1.167
35.5469 1.16608

35.5469 1.16608
35.9375 1.16511

35.9375 1.16511
36.3281 1.16411

36.3281 1.1641
36.7188 1.16307

36.7188 1.16307
37.1094 1.16201

37.1094 1.16201
37.5 1.16094

37.5 1.16094
37.8906 1.15988

37.8906 1.15987
38.2812 1.15882

38.2812 1.15882
38.6719 1.15779

38.6719 1.15778
39.0625 1.15678

39.0625 1.15678
39.4531 1.15582

39.4531 1.15582
39.8438 1.1549

39.8438 1.1549
40.2344 1.15405

40.2344 1.15405
40.625 1.15326

40.625 1.15326
41.0156 1.15255

41.0156 1.15255
41.4062 1.15191

41.4062 1.15191
41.7969 1.15137

41.7969 1.15137
42.1875 1.15092

42.1875 1.15092
42.5781 1.15056

42.5781 1.15056
42.9688 1.15031

42.9688 1.15031
43.3594 1.15015

43.3594 1.15015
43.75 1.1501

43.75 1.1501
44.1406 1.15016

44.1406 1.15016
44.5312 1.15032

44.5312 1.15032
44.9219 1.15059

44.9219 1.15059
45.3125 1.15095

45.3125 1.15095
45.7031 1.15141

45.7031 1.15141
46.0938 1.15196

46.0938 1.15196
46.4844 1.1526

46.4844 1.1526
46.875 1.15332

46.875 1.15332
47.2656 1.15411

47.2656 1.15412
47.6562 1.15497

47.6562 1.15498
48.0469 1.15589

48.0469 1.1559
48.4375 1.15686

48.4375 1.15686
48.8281 1.15787

48.8281 1.15787
49.2188 1.1589

49.2188 1.15891
49.6094 1.15996

49.6094 1.15996
50 1.16103

50 1.16103
50.3906 1.1621

50.3906 1.1621
50.7812 1.16315

50.7812 1.16315
51.1719 1.16419

51.1719 1.16419
51.5625 1.16519

51.5625 1.16519
51.9531 1.16616

51.9531 1.16616
52.3438 1.16707

52.3438 1.16707
52.7344 1.16793

52.7344 1.16793
53.125 1.16872

53.125 1.16872
53.5156 1.16943

53.5156 1.16943
53.9062 1.17006

53.9062 1.17006
54.2969 1.17061

54.2969 1.17061
54.6875 1.17106

54.6875 1.17106
55.0781 1.17141

55.0781 1.17142
55.4688 1.17167

55.4688 1.17167
55.8594 1.17182

55.8594 1.17182
56.25 1.17186

56.25 1.17186
56.6406 1.1718

56.6406 1.1718
57.0312 1.17163

57.0312 1.17163
57.4219 1.17135

57.4219 1.17135
57.8125 1.17097

57.8125 1.17097
58.2031 1.17049

58.2031 1.17049
58.5938 1.16991

58.5938 1.16991
58.9844 1.16923

58.9844 1.16923
59.375 1.16847

59.375 1.16847
59.7656 1.16761

59.7656 1.16761
60.1562 1.16668

60.1562 1.16668
60.5469 1.16567

60.5469 1.16566
60.9375 1.16458

60.9375 1.16458
61.3281 1.16343

61.3281 1.16343
61.7188 1.16221

61.7188 1.16221
62.1094 1.16094

62.1094 1.16094
62.5 1.15961

62.5 1.15961
62.8906 1.15822

62.8906 1.15822
63.2812 1.15678

63.2812 1.15678
63.6719 1.1553

63.6719 1.1553
64.0625 1.15376

64.0625 1.15376
64.4531 1.15217

64.4531 1.15217
64.8438 1.15052

64.8438 1.15053
65.2344 1.14882

65.2344 1.14882
65.625 1.14706

65.625 1.14706
66.0156 1.14524

66.0156 1.14524
66.4062 1.14334

66.4062 1.14334
66.7969 1.14136

66.7969 1.14137
67.1875 1.13931

67.1875 1.13931
67.5781 1.13716

67.5781 1.13716
67.9688 1.13492

67.9688 1.13492
68.3594 1.13257

68.3594 1.13258
68.75 1.13012

68.75 1.13012
69.1406 1.12756

69.1406 1.12756
69.5312 1.12488

69.5312 1.12488
69.9219 1.12208

69.9219 1.12208
70.3125 1.11916

70.3125 1.11916
70.7031 1.11613

70.7031 1.11613
71.0938 1.11298

71.0938 1.11297
71.4844 1.10971

71.4844 1.10971
71.875 1.10634

71.875 1.10634
72.2656 1.10288

72.2656 1.10288
72.6562 1.09933

72.6562 1.09932
73.0469 1.0957

73.0469 1.0957
73.4375 1.09201

73.4375 1.09201
73.8281 1.08828

73.8281 1.08827
74.2188 1.08451

74.2188 1.08451
74.6094 1.08073

74.6094 1.08073
75 1.07695

75 1.07695
75.3906 1.07319

75.3906 1.07319
75.7812 1.06946

75.7812 1.06946
76.1719 1.06579

76.1719 1.06579
76.5625 1.06218

76.5625 1.06218
76.9531 1.05865

76.9531 1.05865
77.3438 1.05522

77.3438 1.05522
77.7344 1.05189

77.7344 1.05188
78.125 1.04866

78.125 1.04866
78.5156 1.04556

78.5156 1.04556
78.9062 1.04258

78.9062 1.04258
79.2969 1.03972

79.2969 1.03972
79.6875 1.03699

79.6875 1.03699
80.0781 1.03439

80.0781 1.03439
80.4688 1.03191

80.4688 1.03191
80.8594 1.02954

80.8594 1.02955
81.25 1.02729

81.25 1.0273
81.6406 1.02515

81.6406 1.02515
82.0312 1.02311

82.0312 1.02311
82.4219 1.02115

82.4219 1.02116
82.8125 1.01929

82.8125 1.01929
83.2031 1.0175

83.2031 1.0175
83.5938 1.01577

83.5938 1.01578
83.9844 1.01412

83.9844 1.01412
84.375 1.01251

84.375 1.01252
84.7656 1.01097

84.7656 1.01097
85.1562 1.00946

85.1562 1.00946
85.5469 1.008

85.5469 1.008
85.9375 1.00659

85.9375 1.00659
86.3281 1.00521

86.3281 1.00521
86.7188 1.00387

86.7188 1.00387
87.1094 1.00258

87.1094 1.00258
87.5 1.00132

87.5 1.00132
87.8906 1.00011

87.8906 1.00011
88.2812 0.998953

88.2812 0.998952
88.6719 0.997844

88.6719 0.997843
89.0625 0.996791

89.0625 0.996789
89.4531 0.995798

89.4531 0.995796
89.8438 0.99487

89.8438 0.994869
90.2344 0.994012

90.2344 0.994011
90.625 0.993229

90.625 0.993228
91.0156 0.992525

91.0156 0.992524
91.4062 0.991905

91.4062 0.991904
91.7969 0.991372

91.7969 0.991371
92.1875 0.990931

92.1875 0.99093
92.5781 0.990583

92.5781 0.990582
92.9688 0.990331

92.9688 0.990331
93.3594 0.990177

93.3594 0.990177
93.75 0.990121

93.75 0.990121
94.1406 0.990163

94.1406 0.990163
94.5312 0.990303

94.5312 0.990303
94.9219 0.990538

94.9219 0.990539
95.3125 0.990866

95.3125 0.990867
95.7031 0.991284

95.7031 0.991285
96.0938 0.991787

96.0938 0.991788
96.4844 0.992371

96.4844 0.992372
96.875 0.993029

96.875 0.993031
97.2656 0.993756

97.2656 0.993757
97.6562 0.994544

98.1018 0
98.1394 0.390625

98.2224 0.390625
98.1692 0.78125

97.6562 1.07253
98.0469 0.917398

98.0469 1.14722
98.3549 0.78125

