6.64062 1.17181
6.28619 1.17188

6.64062 1.17182
7.03125 1.17166

7.03125 1.17166
7.42188 1.17139

7.42188 1.17139
7.8125 1.17103

7.8125 1.17103
8.20312 1.17057

8.20312 1.17057
8.59375 1.17002

8.59375 1.17001
8.98438 1.16938

8.98438 1.16937
9.375 1.16866

9.375 1.16865
9.76562 1.16786

9.76562 1.16786
10.1562 1.167

10.1562 1.167
10.5469 1.16608

10.5469 1.16608
10.9375 1.16511

10.9375 1.16511
11.3281 1.16411

11.3281 1.1641
11.7188 1.16307

11.7188 1.16307
12.1094 1.16201

12.1094 1.16201
12.5 1.16094

12.5 1.16094
12.8906 1.15988

12.8906 1.15988
13.2812 1.15882

13.2812 1.15882
13.6719 1.15779

13.6719 1.15778
14.0625 1.15678

14.0625 1.15678
14.4531 1.15582

14.4531 1.15582
14.8438 1.15491

14.8438 1.1549
15.2344 1.15405

15.2344 1.15405
15.625 1.15326

15.625 1.15326
16.0156 1.15255

16.0156 1.15255
16.4062 1.15192

16.4062 1.15191
16.7969 1.15137

16.7969 1.15137
17.1875 1.15092

17.1875 1.15092
17.5781 1.15056

17.5781 1.15056
17.9688 1.15031

17.9688 1.15031
18.3594 1.15015

18.3594 1.15015
18.75 1.15011

18.75 1.15011
19.1406 1.15016

19.1406 1.15016
19.5312 1.15032

19.5312 1.15032
19.9219 1.15059

19.9219 1.15059
20.3125 1.15095

20.3125 1.15095
20.7031 1.15141

20.7031 1.15141
21.0938 1.15196

21.0938 1.15196
21.4844 1.1526

21.4844 1.1526
21.875 1.15332

21.875 1.15332
22.2656 1.15412

22.2656 1.15412
22.6562 1.15498

22.6562 1.15498
23.0469 1.15589

23.0469 1.1559
23.4375 1.15686

23.4375 1.15686
23.8281 1.15787

23.8281 1.15787
24.2188 1.1589

24.2188 1.15891
24.6094 1.15996

24.6094 1.15996
25 1.16103

25 1.16103
25.3906 1.1621

25.3906 1.1621
25.7812 1.16315

25.7812 1.16315
26.1719 1.16419

26.1719 1.16419
26.5625 1.16519

26.5625 1.16519
26.9531 1.16616

26.9531 1.16616
27.3438 1.16707

27.3438 1.16707
27.7344 1.16793

27.7344 1.16793
28.125 1.16872

28.125 1.16872
28.5156 1.16943

28.5156 1.16943
28.9062 1.17006

28.9062 1.17007
29.2969 1.17061

29.2969 1.17061
29.6875 1.17106

29.6875 1.17106
30.0781 1.17142

30.0781 1.17142
30.4688 1.17168

30.4688 1.17167
30.8594 1.17183

31.6406 1.17181
31.2854 1.17188

31.6406 1.17182
32.0312 1.17166

32.0312 1.17166
32.4219 1.17139

32.4219 1.17139
32.8125 1.17103

32.8125 1.17103
33.2031 1.17057

33.2031 1.17057
33.5938 1.17002

33.5938 1.17001
33.9844 1.16938

33.9844 1.16937
34.375 1.16866

34.375 1.16865
34.7656 1.16786

34.7656 1.16786
35.1562 1.167

35.1562 1.167
35.5469 1.16608

35.5469 1.16608
35.9375 1.16511

35.9375 1.16511
36.3281 1.16411

36.3281 1.1641
36.7188 1.16307

36.7188 1.16307
37.1094 1.16201

37.1094 1.16201
37.5 1.16094

37.5 1.16094
37.8906 1.15988

37.8906 1.15988
38.2812 1.15882

38.2812 1.15882
38.6719 1.15779

38.6719 1.15778
39.0625 1.15678

39.0625 1.15678
39.4531 1.15582

39.4531 1.15582
39.8438 1.15491

39.8438 1.1549
40.2344 1.15405

40.2344 1.15405
40.625 1.15326

40.625 1.15326
41.0156 1.15255

41.0156 1.15255
41.4062 1.15191

41.4062 1.15191
41.7969 1.15137

41.7969 1.15137
42.1875 1.15091

42.1875 1.15091
42.5781 1.15055

42.5781 1.15055
42.9688 1.15029

42.9688 1.15029
43.3594 1.15013

43.3594 1.15013
43.75 1.15007

43.75 1.15007
44.1406 1.15012

44.1406 1.15012
44.5312 1.15026

44.5312 1.15026
44.9219 1.15049

44.9219 1.15049
45.3125 1.15082

45.3125 1.15082
45.7031 1.15123

45.7031 1.15123
46.0938 1.15171

46.0938 1.15171
46.4844 1.15226

46.4844 1.15227
46.875 1.15287

46.875 1.15287
47.2656 1.15352

47.2656 1.15352
47.6562 1.15419

47.6562 1.1542
48.0469 1.15488

48.0469 1.15488
48.4375 1.15555

48.4375 1.15556
48.8281 1.1562

48.8281 1.1562
49.2188 1.15679

49.2188 1.1568
49.6094 1.15731

49.6094 1.15731
50 1.15772

50 1.15772
50.3906 1.158

50.3906 1.15801
50.7812 1.15812

50.7812 1.15813
51.1719 1.15806

51.1719 1.15807
51.5625 1.15778

51.5625 1.15779
51.9531 1.15725

51.9531 1.15726
52.3438 1.15646

52.3438 1.15646
52.7344 1.15536

52.7344 1.15537
53.125 1.15394

53.125 1.15395
53.5156 1.15218

53.5156 1.15219
53.9062 1.15006

53.9062 1.15006
54.2969 1.14756

54.2969 1.14757
54.6875 1.14469

54.6875 1.14469
55.0781 1.14142

55.0781 1.14142
55.4688 1.13777

55.4688 1.13777
55.8594 1.13374

55.8594 1.13374
56.25 1.12936

56.25 1.12935
56.6406 1.12463

56.6406 1.12462
57.0312 1.11958

57.0312 1.11957
57.4219 1.11425

57.4219 1.11424
57.8125 1.10866

57.8125 1.10865
58.2031 1.10287

58.2031 1.10286
58.5938 1.0969

58.5938 1.09689
58.9844 1.09081

58.9844 1.0908
59.375 1.08465

59.375 1.08463
59.7656 1.07845

59.7656 1.07844
60.1562 1.07226

60.1562 1.07225
60.5469 1.06614

60.5469 1.06613
60.9375 1.06011

60.9375 1.0601
61.3281 1.05423

61.3281 1.05422
61.7188 1.04852

61.7188 1.04851
62.1094 1.04302

62.1094 1.04302
62.5 1.03776

62.5 1.03776
62.8906 1.03277

62.8906 1.03276
63.2812 1.02805

63.2812 1.02804
63.6719 1.02362

63.6719 1.02362
64.0625 1.01951

64.0625 1.01951
64.4531 1.0157

64.4531 1.0157
64.8438 1.01221

64.8438 1.01221
65.2344 1.00903

65.2344 1.00903
65.625 1.00616

65.625 1.00616
66.0156 1.0036

66.0156 1.0036
66.4062 1.00133

66.4062 1.00133
66.7969 0.999341

66.7969 0.999344
67.1875 0.99763

67.1875 0.997634
67.5781 0.996181

67.5781 0.996184
67.9688 0.994979

67.9688 0.994982
68.3594 0.994011

68.3594 0.994014
68.75 0.993263

68.75 0.993266
69.1406 0.992721

69.1406 0.992724
69.5312 0.99237

69.5312 0.992374
69.9219 0.992197

69.9219 0.992201
70.3125 0.992188

70.3125 0.992192
70.7031 0.992329

70.7031 0.992333
71.0938 0.992607

71.0938 0.99261
71.4844 0.993009

71.4844 0.993012
71.875 0.993521

71.875 0.993524
72.2656 0.994131

72.2656 0.994134
72.6562 0.994828

72.6562 0.994831
73.0469 0.995598

73.0469 0.995601
73.4375 0.996429

73.4375 0.996432
73.8281 0.99731

73.8281 0.997313
74.2188 0.99823

74.2188 0.998233
74.6094 0.999177

74.6094 0.999179
75 1.00014

75 1.00014
75.3906 1.00111

75.3906 1.00111
75.7812 1.00207

75.7812 1.00207
76.1719 1.00301

76.1719 1.00302
76.5625 1.00393

76.5625 1.00393
76.9531 1.00482

76.9531 1.00482
77.3438 1.00566

77.8925 0
77.9298 0.390625

78.0184 0.390625
77.9531 0.78125

77.3438 1.04476
77.7344 0.96734

77.7344 1.17176
78.125 0.807518

78.125 0.867625
78.1575 0.78125

