6.64062 1.17181
6.28624 1.17188

6.64062 1.17182
7.03125 1.17166

7.03125 1.17166
7.42188 1.17139

7.42188 1.17139
7.8125 1.17103

7.8125 1.17103
8.20312 1.17057

8.20312 1.17057
8.59375 1.17002

8.59375 1.17001
8.98438 1.16938

8.98438 1.16937
9.375 1.16866

9.375 1.16865
9.76562 1.16786

9.76562 1.16786
10.1562 1.167

10.1562 1.167
10.5469 1.16608

10.5469 1.16608
10.9375 1.16511

10.9375 1.16511
11.3281 1.16411

11.3281 1.1641
11.7188 1.16307

11.7188 1.16307
12.1094 1.16201

12.1094 1.16201
12.5 1.16094

12.5 1.16094
12.8906 1.15988

12.8906 1.15988
13.2812 1.15882

13.2812 1.15882
13.6719 1.15779

13.6719 1.15778
14.0625 1.15678

14.0625 1.15678
14.4531 1.15582

14.4531 1.15582
14.8438 1.15491

14.8438 1.1549
15.2344 1.15405

15.2344 1.15405
15.625 1.15326

15.625 1.15326
16.0156 1.15255

16.0156 1.15255
16.4062 1.15192

16.4062 1.15191
16.7969 1.15137

16.7969 1.15137
17.1875 1.15092

17.1875 1.15092
17.5781 1.15056

17.5781 1.15056
17.9688 1.15031

17.9688 1.15031
18.3594 1.15015

18.3594 1.15015
18.75 1.15011

18.75 1.15011
19.1406 1.15016

19.1406 1.15016
19.5312 1.15032

19.5312 1.15032
19.9219 1.15059

19.9219 1.15059
20.3125 1.15095

20.3125 1.15095
20.7031 1.15141

20.7031 1.15141
21.0938 1.15196

21.0938 1.15196
21.4844 1.1526

21.4844 1.1526
21.875 1.15332

21.875 1.15332
22.2656 1.15412

22.2656 1.15412
22.6562 1.15498

22.6562 1.15498
23.0469 1.15589

23.0469 1.1559
23.4375 1.15686

23.4375 1.15686
23.8281 1.15787

23.8281 1.15787
24.2188 1.15891

24.2188 1.15891
24.6094 1.15996

24.6094 1.15996
25 1.16103

25 1.16103
25.3906 1.1621

25.3906 1.1621
25.7812 1.16315

25.7812 1.16316
26.1719 1.16419

26.1719 1.16419
26.5625 1.16519

26.5625 1.1652
26.9531 1.16616

26.9531 1.16616
27.3438 1.16707

27.3438 1.16707
27.7344 1.16793

27.7344 1.16793
28.125 1.16872

28.125 1.16872
28.5156 1.16943

28.5156 1.16943
28.9062 1.17006

28.9062 1.17007
29.2969 1.17061

29.2969 1.17061
29.6875 1.17106

29.6875 1.17107
30.0781 1.17142

30.0781 1.17142
30.4688 1.17168

30.4688 1.17167
30.8594 1.17183

31.6406 1.17181
31.2836 1.17188

31.6406 1.17182
32.0312 1.17166

32.0312 1.17166
32.4219 1.17139

32.4219 1.17139
32.8125 1.17103

32.8125 1.17103
33.2031 1.17057

33.2031 1.17057
33.5938 1.17002

33.5938 1.17001
33.9844 1.16938

33.9844 1.16937
34.375 1.16866

34.375 1.16865
34.7656 1.16786

34.7656 1.16786
35.1562 1.167

35.1562 1.167
35.5469 1.16608

35.5469 1.16608
35.9375 1.16511

35.9375 1.16511
36.3281 1.16411

36.3281 1.1641
36.7188 1.16307

36.7188 1.16307
37.1094 1.16201

37.1094 1.16201
37.5 1.16095

37.5 1.16094
37.8906 1.15988

37.8906 1.15988
38.2812 1.15882

38.2812 1.15882
38.6719 1.15779

38.6719 1.15779
39.0625 1.15678

39.0625 1.15678
39.4531 1.15582

39.4531 1.15582
39.8438 1.1549

39.8438 1.1549
40.2344 1.15405

40.2344 1.15405
40.625 1.15326

40.625 1.15326
41.0156 1.15254

41.0156 1.15254
41.4062 1.1519

41.4062 1.1519
41.7969 1.15135

41.7969 1.15135
42.1875 1.15089

42.1875 1.15089
42.5781 1.15052

42.5781 1.15052
42.9688 1.15024

42.9688 1.15024
43.3594 1.15006

43.3594 1.15006
43.75 1.14997

43.75 1.14997
44.1406 1.14998

44.1406 1.14998
44.5312 1.15007

44.5312 1.15007
44.9219 1.15024

44.9219 1.15024
45.3125 1.15049

45.3125 1.15049
45.7031 1.15079

45.7031 1.1508
46.0938 1.15115

46.0938 1.15116
46.4844 1.15155

46.4844 1.15155
46.875 1.15196

46.875 1.15196
47.2656 1.15237

47.2656 1.15238
47.6562 1.15276

47.6562 1.15277
48.0469 1.15311

48.0469 1.15311
48.4375 1.15338

48.4375 1.15339
48.8281 1.15356

48.8281 1.15357
49.2188 1.15361

49.2188 1.15362
49.6094 1.1535

49.6094 1.15351
50 1.15321

50 1.15321
50.3906 1.1527

50.3906 1.15271
50.7812 1.15194

50.7812 1.15195
51.1719 1.15092

51.1719 1.15092
51.5625 1.14959

51.5625 1.14959
51.9531 1.14794

51.9531 1.14794
52.3438 1.14594

52.3438 1.14594
52.7344 1.14359

52.7344 1.14359
53.125 1.14087

53.125 1.14087
53.5156 1.13778

53.5156 1.13778
53.9062 1.13431

53.9062 1.13431
54.2969 1.13048

54.2969 1.13047
54.6875 1.12629

54.6875 1.12629
55.0781 1.12178

55.0781 1.12177
55.4688 1.11695

55.4688 1.11694
55.8594 1.11184

55.8594 1.11183
56.25 1.10649

56.25 1.10648
56.6406 1.10093

56.6406 1.10092
57.0312 1.09521

57.0312 1.0952
57.4219 1.08938

57.4219 1.08936
57.8125 1.08346

57.8125 1.08345
58.2031 1.07752

58.2031 1.07751
58.5938 1.07159

58.5938 1.07158
58.9844 1.06571

58.9844 1.06571
59.375 1.05994

59.375 1.05993
59.7656 1.0543

59.7656 1.05429
60.1562 1.04883

60.1562 1.04882
60.5469 1.04355

60.5469 1.04355
60.9375 1.0385

60.9375 1.0385
61.3281 1.03369

61.3281 1.03369
61.7188 1.02914

61.7188 1.02914
62.1094 1.02485

62.1094 1.02485
62.5 1.02085

62.5 1.02085
62.8906 1.01712

62.8906 1.01712
63.2812 1.01368

63.2812 1.01368
63.6719 1.01052

63.6719 1.01052
64.0625 1.00763

64.0625 1.00763
64.4531 1.00501

64.4531 1.00501
64.8438 1.00265

64.8438 1.00265
65.2344 1.00054

65.2344 1.00054
65.625 0.998669

65.625 0.998671
66.0156 0.99703

66.0156 0.997032
66.4062 0.99561

66.4062 0.995612
66.7969 0.994399

66.7969 0.994401
67.1875 0.993385

67.1875 0.993388
67.5781 0.992559

67.5781 0.992562
67.9688 0.991911

67.9688 0.991913
68.3594 0.99143

68.3594 0.991432
68.75 0.991106

68.75 0.991109
69.1406 0.990932

69.1406 0.990934
69.5312 0.990897

69.5312 0.990899
69.9219 0.990993

69.9219 0.990995
70.3125 0.991211

70.3125 0.991213
70.7031 0.991542

70.7031 0.991545
71.0938 0.991979

71.0938 0.991981
71.4844 0.992511

71.4844 0.992513
71.875 0.99313

71.875 0.993132
72.2656 0.993827

72.2656 0.993829
72.6562 0.994593

72.6562 0.994595
73.0469 0.995418

73.0469 0.995421
73.4375 0.996294

73.4375 0.996296
73.8281 0.99721

73.8281 0.997212
74.2188 0.998156

74.2188 0.998158
74.6094 0.999123

74.6094 0.999125
75 1.0001

75.5544 0
75.5918 0.390625

75.6838 0.390625
75.6118 0.78125

75 1.03716
75.3906 0.96402

75.3906 1.16388
75.7812 0.809645

75.7812 0.874699
75.8172 0.78125

