6.64062 1.17181
6.28626 1.17188

6.64062 1.17182
7.03125 1.17166

7.03125 1.17166
7.42188 1.17139

7.42188 1.17139
7.8125 1.17103

7.8125 1.17103
8.20312 1.17057

8.20312 1.17057
8.59375 1.17002

8.59375 1.17001
8.98438 1.16938

8.98438 1.16937
9.375 1.16866

9.375 1.16865
9.76562 1.16786

9.76562 1.16786
10.1562 1.167

10.1562 1.167
10.5469 1.16608

10.5469 1.16608
10.9375 1.16511

10.9375 1.16511
11.3281 1.16411

11.3281 1.1641
11.7188 1.16307

11.7188 1.16307
12.1094 1.16201

12.1094 1.16201
12.5 1.16094

12.5 1.16094
12.8906 1.15988

12.8906 1.15988
13.2812 1.15882

13.2812 1.15882
13.6719 1.15779

13.6719 1.15778
14.0625 1.15678

14.0625 1.15678
14.4531 1.15582

14.4531 1.15582
14.8438 1.15491

14.8438 1.1549
15.2344 1.15405

15.2344 1.15405
15.625 1.15326

15.625 1.15326
16.0156 1.15255

16.0156 1.15255
16.4062 1.15192

16.4062 1.15191
16.7969 1.15137

16.7969 1.15137
17.1875 1.15092

17.1875 1.15092
17.5781 1.15056

17.5781 1.15056
17.9688 1.15031

17.9688 1.15031
18.3594 1.15015

18.3594 1.15015
18.75 1.15011

18.75 1.15011
19.1406 1.15016

19.1406 1.15016
19.5312 1.15032

19.5312 1.15032
19.9219 1.15059

19.9219 1.15059
20.3125 1.15095

20.3125 1.15095
20.7031 1.15141

20.7031 1.15141
21.0938 1.15196

21.0938 1.15196
21.4844 1.1526

21.4844 1.1526
21.875 1.15332

21.875 1.15332
22.2656 1.15412

22.2656 1.15412
22.6562 1.15498

22.6562 1.15498
23.0469 1.15589

23.0469 1.1559
23.4375 1.15686

23.4375 1.15686
23.8281 1.15787

23.8281 1.15787
24.2188 1.15891

24.2188 1.15891
24.6094 1.15996

24.6094 1.15996
25 1.16103

25 1.16103
25.3906 1.1621

25.3906 1.1621
25.7812 1.16315

25.7812 1.16316
26.1719 1.16419

26.1719 1.16419
26.5625 1.16519

26.5625 1.1652
26.9531 1.16616

26.9531 1.16616
27.3438 1.16707

27.3438 1.16707
27.7344 1.16793

27.7344 1.16793
28.125 1.16872

28.125 1.16872
28.5156 1.16943

28.5156 1.16943
28.9062 1.17007

28.9062 1.17007
29.2969 1.17061

29.2969 1.17061
29.6875 1.17106

29.6875 1.17107
30.0781 1.17142

30.0781 1.17142
30.4688 1.17168

30.4688 1.17167
30.8594 1.17184

31.6406 1.17181
31.2862 1.17188

31.6406 1.17182
32.0312 1.17166

32.0312 1.17166
32.4219 1.17139

32.4219 1.17139
32.8125 1.17103

32.8125 1.17103
33.2031 1.17057

33.2031 1.17057
33.5938 1.17002

33.5938 1.17002
33.9844 1.16938

33.9844 1.16938
34.375 1.16866

34.375 1.16865
34.7656 1.16786

34.7656 1.16786
35.1562 1.167

35.1562 1.167
35.5469 1.16608

35.5469 1.16608
35.9375 1.16512

35.9375 1.16511
36.3281 1.16411

36.3281 1.16411
36.7188 1.16307

36.7188 1.16307
37.1094 1.16201

37.1094 1.16201
37.5 1.16094

37.5 1.16094
37.8906 1.15988

37.8906 1.15987
38.2812 1.15882

38.2812 1.15881
38.6719 1.15778

38.6719 1.15777
39.0625 1.15676

39.0625 1.15676
39.4531 1.15579

39.4531 1.15579
39.8438 1.15486

39.8438 1.15486
40.2344 1.15398

40.2344 1.15398
40.625 1.15316

40.625 1.15316
41.0156 1.1524

41.0156 1.1524
41.4062 1.15171

41.4062 1.15171
41.7969 1.15109

41.7969 1.15109
42.1875 1.15053

42.1875 1.15054
42.5781 1.15004

42.5781 1.15005
42.9688 1.14962

42.9688 1.14962
43.3594 1.14924

43.3594 1.14924
43.75 1.14891

43.75 1.14891
44.1406 1.14861

44.1406 1.14862
44.5312 1.14833

44.5312 1.14834
44.9219 1.14806

44.9219 1.14806
45.3125 1.14776

45.3125 1.14776
45.7031 1.14742

45.7031 1.14743
46.0938 1.14702

46.0938 1.14702
46.4844 1.14652

46.4844 1.14653
46.875 1.14591

46.875 1.14591
47.2656 1.14514

47.2656 1.14515
47.6562 1.1442

47.6562 1.14421
48.0469 1.14305

48.0469 1.14306
48.4375 1.14168

48.4375 1.14168
48.8281 1.14004

48.8281 1.14005
49.2188 1.13813

49.2188 1.13813
49.6094 1.13592

49.6094 1.13592
50 1.1334

50 1.13341
50.3906 1.13057

50.3906 1.13057
50.7812 1.12741

50.7812 1.12741
51.1719 1.12393

51.1719 1.12393
51.5625 1.12015

51.5625 1.12014
51.9531 1.11607

51.9531 1.11606
52.3438 1.11172

52.3438 1.11171
52.7344 1.10712

52.7344 1.10711
53.125 1.1023

53.125 1.10229
53.5156 1.09731

53.5156 1.0973
53.9062 1.09217

53.9062 1.09216
54.2969 1.08693

54.2969 1.08692
54.6875 1.08163

54.6875 1.08162
55.0781 1.07632

55.0781 1.07631
55.4688 1.07102

55.4688 1.07101
55.8594 1.06579

55.8594 1.06578
56.25 1.06065

56.25 1.06064
56.6406 1.05564

56.6406 1.05563
57.0312 1.05079

57.0312 1.05078
57.4219 1.04611

57.4219 1.04611
57.8125 1.04163

57.8125 1.04163
58.2031 1.03736

58.2031 1.03736
58.5938 1.03332

58.5938 1.03332
58.9844 1.0295

58.9844 1.0295
59.375 1.02591

59.375 1.02591
59.7656 1.02255

59.7656 1.02255
60.1562 1.0194

60.1562 1.0194
60.5469 1.01648

60.5469 1.01648
60.9375 1.01375

60.9375 1.01376
61.3281 1.01123

61.3281 1.01123
61.7188 1.00889

61.7188 1.00889
62.1094 1.00673

62.1094 1.00673
62.5 1.00473

62.5 1.00473
62.8906 1.00289

62.8906 1.00289
63.2812 1.00119

63.2812 1.00119
63.6719 0.999637

63.6719 0.999639
64.0625 0.998214

64.0625 0.998215
64.4531 0.996917

64.4531 0.996918
64.8438 0.995742

64.8438 0.995743
65.2344 0.994685

65.2344 0.994685
65.625 0.993742

65.625 0.993742
66.0156 0.992912

66.0156 0.992912
66.4062 0.992193

66.4062 0.992193
66.7969 0.991583

66.7969 0.991584
67.1875 0.991083

67.1875 0.991083
67.5781 0.990691

67.5781 0.990691
67.9688 0.990406

67.9688 0.990406
68.3594 0.990227

68.3594 0.990227
68.75 0.990153

68.75 0.990154
69.1406 0.990183

69.1406 0.990183
69.5312 0.990314

69.5312 0.990315
69.9219 0.990543

69.9219 0.990544
70.3125 0.990868

70.3125 0.990869
70.7031 0.991283

70.7031 1.01408
71.0938 0.968986

71.302 0
71.3396 0.390625

71.4418 0.390625
71.3503 0.78125

71.0938 1.14201
71.4844 0.836484

71.4844 0.955879
71.5579 0.78125

