6.64062 1.17181
6.28637 1.17188

6.64062 1.17182
7.03125 1.17166

7.03125 1.17166
7.42188 1.17139

7.42188 1.17139
7.8125 1.17103

7.8125 1.17103
8.20312 1.17057

8.20312 1.17057
8.59375 1.17002

8.59375 1.17001
8.98438 1.16938

8.98438 1.16937
9.375 1.16866

9.375 1.16865
9.76562 1.16786

9.76562 1.16786
10.1562 1.167

10.1562 1.167
10.5469 1.16608

10.5469 1.16608
10.9375 1.16511

10.9375 1.16511
11.3281 1.16411

11.3281 1.1641
11.7188 1.16307

11.7188 1.16307
12.1094 1.16201

12.1094 1.16201
12.5 1.16094

12.5 1.16094
12.8906 1.15988

12.8906 1.15988
13.2812 1.15882

13.2812 1.15882
13.6719 1.15779

13.6719 1.15778
14.0625 1.15678

14.0625 1.15678
14.4531 1.15582

14.4531 1.15582
14.8438 1.15491

14.8438 1.1549
15.2344 1.15405

15.2344 1.15405
15.625 1.15326

15.625 1.15326
16.0156 1.15255

16.0156 1.15255
16.4062 1.15192

16.4062 1.15191
16.7969 1.15137

16.7969 1.15137
17.1875 1.15092

17.1875 1.15092
17.5781 1.15056

17.5781 1.15056
17.9688 1.15031

17.9688 1.15031
18.3594 1.15015

18.3594 1.15015
18.75 1.15011

18.75 1.15011
19.1406 1.15016

19.1406 1.15016
19.5312 1.15032

19.5312 1.15032
19.9219 1.15059

19.9219 1.15059
20.3125 1.15095

20.3125 1.15095
20.7031 1.15141

20.7031 1.15141
21.0938 1.15196

21.0938 1.15196
21.4844 1.1526

21.4844 1.1526
21.875 1.15332

21.875 1.15332
22.2656 1.15411

22.2656 1.15412
22.6562 1.15498

22.6562 1.15498
23.0469 1.15589

23.0469 1.1559
23.4375 1.15686

23.4375 1.15686
23.8281 1.15787

23.8281 1.15787
24.2188 1.1589

24.2188 1.15891
24.6094 1.15996

24.6094 1.15996
25 1.16103

25 1.16103
25.3906 1.1621

25.3906 1.1621
25.7812 1.16315

25.7812 1.16316
26.1719 1.16419

26.1719 1.16419
26.5625 1.16519

26.5625 1.1652
26.9531 1.16616

26.9531 1.16616
27.3438 1.16707

27.3438 1.16707
27.7344 1.16793

27.7344 1.16793
28.125 1.16872

28.125 1.16872
28.5156 1.16943

28.5156 1.16944
28.9062 1.17007

28.9062 1.17007
29.2969 1.17061

29.2969 1.17061
29.6875 1.17107

29.6875 1.17107
30.0781 1.17142

30.0781 1.17142
30.4688 1.17168

30.4688 1.17168
30.8594 1.17183

30.8594 1.17184
31.1369 1.17188

31.6406 1.17182
31.2709 1.17188

31.6406 1.17182
32.0312 1.17166

32.0312 1.17166
32.4219 1.17139

32.4219 1.17139
32.8125 1.17102

32.8125 1.17102
33.2031 1.17055

33.2031 1.17055
33.5938 1.16998

33.5938 1.16998
33.9844 1.16932

33.9844 1.16932
34.375 1.16857

34.375 1.16857
34.7656 1.16774

34.7656 1.16774
35.1562 1.16682

35.1562 1.16682
35.5469 1.16582

35.5469 1.16582
35.9375 1.16475

35.9375 1.16475
36.3281 1.1636

36.3281 1.1636
36.7188 1.16237

36.7188 1.16237
37.1094 1.16107

37.1094 1.16107
37.5 1.15968

37.5 1.15968
37.8906 1.15821

37.8906 1.15821
38.2812 1.15664

38.2812 1.15664
38.6719 1.15497

38.6719 1.15497
39.0625 1.15317

39.0625 1.15318
39.4531 1.15125

39.4531 1.15125
39.8438 1.14918

39.8438 1.14918
40.2344 1.14694

40.2344 1.14694
40.625 1.14452

40.625 1.14452
41.0156 1.1419

41.0156 1.1419
41.4062 1.13906

41.4062 1.13906
41.7969 1.13598

41.7969 1.13599
42.1875 1.13267

42.1875 1.13267
42.5781 1.1291

42.5781 1.1291
42.9688 1.12527

42.9688 1.12527
43.3594 1.12118

43.3594 1.12118
43.75 1.11685

43.75 1.11685
44.1406 1.11228

44.1406 1.11227
44.5312 1.10748

44.5312 1.10748
44.9219 1.1025

44.9219 1.10249
45.3125 1.09735

45.3125 1.09734
45.7031 1.09207

45.7031 1.09206
46.0938 1.0867

46.0938 1.08669
46.4844 1.0813

46.4844 1.08129
46.875 1.07589

46.875 1.07588
47.2656 1.07054

47.2656 1.07053
47.6562 1.06528

47.6562 1.06527
48.0469 1.06017

48.0469 1.06016
48.4375 1.05524

48.4375 1.05524
48.8281 1.05054

48.8281 1.05053
49.2188 1.04609

49.2188 1.04609
49.6094 1.04193

49.6094 1.04192
50 1.03806

50 1.03806
50.3906 1.03452

50.3906 1.03452
50.7812 1.0313

50.7812 1.0313
51.1719 1.0284

51.1719 1.02841
51.5625 1.02583

51.5625 1.02583
51.9531 1.02355

51.9531 1.02356
52.3438 1.02157

52.3438 1.02158
52.7344 1.01986

52.7344 1.01986
53.125 1.01839

53.125 1.01839
53.5156 1.01713

53.5156 1.01714
53.9062 1.01606

53.9062 1.01607
54.2969 1.01516

54.2969 1.01516
54.6875 1.01438

54.6875 1.01439
55.0781 1.01371

55.0781 1.01371
55.4688 1.01311

55.4688 1.01312
55.8594 1.01257

55.8594 1.01258
56.25 1.01206

56.25 1.01206
56.6406 1.01156

56.6406 1.01156
57.0312 1.01105

57.0312 1.01106
57.4219 1.01053

57.4219 1.01053
57.8125 1.00998

57.8125 1.00998
58.2031 1.00938

58.2031 1.00939
58.5938 1.00875

58.5938 1.00875
58.9844 1.00806

58.9844 1.00806
59.375 1.00733

59.375 1.00733
59.7656 1.00655

59.7656 1.00655
60.1562 1.00572

60.1562 1.00572
60.5469 1.00486

60.5469 1.00485
60.9375 1.00395

60.9375 1.00395
61.3281 1.00301

61.3281 1.00452
61.7188 1.00054

62.0371 0
62.0746 0.390625

62.1094 0.648489
62.0738 0.78125

62.147 0.390625
62.127 0.78125

61.7188 1.12843
62.1094 0.874706

62.1094 1.11689
62.2883 0.78125

