6.64062 1.17181
6.28619 1.17188

6.64062 1.17182
7.03125 1.17166

7.03125 1.17166
7.42188 1.17139

7.42188 1.17139
7.8125 1.17103

7.8125 1.17103
8.20312 1.17057

8.20312 1.17057
8.59375 1.17002

8.59375 1.17001
8.98438 1.16938

8.98438 1.16937
9.375 1.16866

9.375 1.16865
9.76562 1.16786

9.76562 1.16786
10.1562 1.167

10.1562 1.167
10.5469 1.16608

10.5469 1.16608
10.9375 1.16511

10.9375 1.16511
11.3281 1.16411

11.3281 1.1641
11.7188 1.16307

11.7188 1.16307
12.1094 1.16201

12.1094 1.16201
12.5 1.16094

12.5 1.16094
12.8906 1.15988

12.8906 1.15988
13.2812 1.15882

13.2812 1.15882
13.6719 1.15779

13.6719 1.15778
14.0625 1.15678

14.0625 1.15678
14.4531 1.15582

14.4531 1.15582
14.8438 1.15491

14.8438 1.1549
15.2344 1.15405

15.2344 1.15405
15.625 1.15326

15.625 1.15326
16.0156 1.15255

16.0156 1.15255
16.4062 1.15191

16.4062 1.15191
16.7969 1.15137

16.7969 1.15137
17.1875 1.15092

17.1875 1.15092
17.5781 1.15056

17.5781 1.15056
17.9688 1.15031

17.9688 1.15031
18.3594 1.15015

18.3594 1.15015
18.75 1.1501

18.75 1.1501
19.1406 1.15016

19.1406 1.15016
19.5312 1.15032

19.5312 1.15032
19.9219 1.15059

19.9219 1.15059
20.3125 1.15095

20.3125 1.15095
20.7031 1.15141

20.7031 1.15141
21.0938 1.15196

21.0938 1.15196
21.4844 1.1526

21.4844 1.1526
21.875 1.15332

21.875 1.15332
22.2656 1.15411

22.2656 1.15412
22.6562 1.15497

22.6562 1.15498
23.0469 1.15589

23.0469 1.1559
23.4375 1.15686

23.4375 1.15686
23.8281 1.15787

23.8281 1.15787
24.2188 1.1589

24.2188 1.15891
24.6094 1.15996

24.6094 1.15996
25 1.16103

25 1.16103
25.3906 1.1621

25.3906 1.1621
25.7812 1.16315

25.7812 1.16315
26.1719 1.16419

26.1719 1.16419
26.5625 1.16519

26.5625 1.16519
26.9531 1.16616

26.9531 1.16616
27.3438 1.16707

27.3438 1.16707
27.7344 1.16793

27.7344 1.16793
28.125 1.16872

28.125 1.16872
28.5156 1.16943

28.5156 1.16943
28.9062 1.17006

28.9062 1.17007
29.2969 1.17061

29.2969 1.17061
29.6875 1.17106

29.6875 1.17106
30.0781 1.17142

30.0781 1.17142
30.4688 1.17168

30.4688 1.17167
30.8594 1.17183

31.6406 1.17181
31.2856 1.17188

31.6406 1.17182
32.0312 1.17166

32.0312 1.17166
32.4219 1.17139

32.4219 1.17139
32.8125 1.17103

32.8125 1.17103
33.2031 1.17057

33.2031 1.17057
33.5938 1.17002

33.5938 1.17001
33.9844 1.16938

33.9844 1.16937
34.375 1.16865

34.375 1.16865
34.7656 1.16786

34.7656 1.16786
35.1562 1.167

35.1562 1.167
35.5469 1.16608

35.5469 1.16608
35.9375 1.16511

35.9375 1.16511
36.3281 1.16411

36.3281 1.1641
36.7188 1.16307

36.7188 1.16307
37.1094 1.16201

37.1094 1.16201
37.5 1.16094

37.5 1.16094
37.8906 1.15988

37.8906 1.15988
38.2812 1.15882

38.2812 1.15882
38.6719 1.15779

38.6719 1.15778
39.0625 1.15678

39.0625 1.15678
39.4531 1.15582

39.4531 1.15582
39.8438 1.15491

39.8438 1.1549
40.2344 1.15405

40.2344 1.15405
40.625 1.15326

40.625 1.15326
41.0156 1.15255

41.0156 1.15255
41.4062 1.15192

41.4062 1.15191
41.7969 1.15137

41.7969 1.15137
42.1875 1.15092

42.1875 1.15092
42.5781 1.15056

42.5781 1.15056
42.9688 1.15031

42.9688 1.15031
43.3594 1.15015

43.3594 1.15015
43.75 1.15011

43.75 1.15011
44.1406 1.15016

44.1406 1.15016
44.5312 1.15032

44.5312 1.15032
44.9219 1.15059

44.9219 1.15059
45.3125 1.15095

45.3125 1.15095
45.7031 1.15141

45.7031 1.15141
46.0938 1.15196

46.0938 1.15196
46.4844 1.1526

46.4844 1.1526
46.875 1.15332

46.875 1.15332
47.2656 1.15411

47.2656 1.15412
47.6562 1.15497

47.6562 1.15497
48.0469 1.15589

48.0469 1.15589
48.4375 1.15685

48.4375 1.15686
48.8281 1.15786

48.8281 1.15786
49.2188 1.15889

49.2188 1.15889
49.6094 1.15994

49.6094 1.15994
50 1.16099

50 1.161
50.3906 1.16205

50.3906 1.16205
50.7812 1.16308

50.7812 1.16309
51.1719 1.16409

51.1719 1.16409
51.5625 1.16506

51.5625 1.16506
51.9531 1.16598

51.9531 1.16598
52.3438 1.16683

52.3438 1.16684
52.7344 1.16761

52.7344 1.16761
53.125 1.1683

53.125 1.1683
53.5156 1.16888

53.5156 1.16889
53.9062 1.16936

53.9062 1.16936
54.2969 1.1697

54.2969 1.1697
54.6875 1.1699

54.6875 1.16991
55.0781 1.16995

55.0781 1.16996
55.4688 1.16983

55.4688 1.16984
55.8594 1.16953

55.8594 1.16954
56.25 1.16904

56.25 1.16904
56.6406 1.16834

56.6406 1.16834
57.0312 1.16741

57.0312 1.16741
57.4219 1.16625

57.4219 1.16625
57.8125 1.16484

57.8125 1.16484
58.2031 1.16317

58.2031 1.16317
58.5938 1.16123

58.5938 1.16123
58.9844 1.15901

58.9844 1.15901
59.375 1.15651

59.375 1.15651
59.7656 1.15371

59.7656 1.15371
60.1562 1.15062

60.1562 1.15062
60.5469 1.14723

60.5469 1.14723
60.9375 1.14355

60.9375 1.14355
61.3281 1.13959

61.3281 1.13958
61.7188 1.13534

61.7188 1.13534
62.1094 1.13083

62.1094 1.13083
62.5 1.12608

62.5 1.12607
62.8906 1.12109

62.8906 1.12108
63.2812 1.1159

63.2812 1.11589
63.6719 1.11053

63.6719 1.11052
64.0625 1.10501

64.0625 1.105
64.4531 1.09938

64.4531 1.09937
64.8438 1.09366

64.8438 1.09365
65.2344 1.0879

65.2344 1.08789
65.625 1.08213

65.625 1.08212
66.0156 1.07638

66.0156 1.07637
66.4062 1.07071

66.4062 1.0707
66.7969 1.06513

66.7969 1.06512
67.1875 1.05969

67.1875 1.05968
67.5781 1.05442

67.5781 1.05442
67.9688 1.04936

67.9688 1.04935
68.3594 1.04452

68.3594 1.04452
68.75 1.03994

68.75 1.03994
69.1406 1.03563

69.1406 1.03563
69.5312 1.03162

69.5312 1.03162
69.9219 1.02791

69.9219 1.02791
70.3125 1.02452

70.3125 1.02452
70.7031 1.02144

70.7031 1.02144
71.0938 1.01869

71.0938 1.01869
71.4844 1.01625

71.4844 1.01625
71.875 1.01412

71.875 1.01413
72.2656 1.0123

72.2656 1.0123
72.6562 1.01076

72.6562 1.01077
73.0469 1.0095

73.0469 1.0095
73.4375 1.00849

73.4375 1.0085
73.8281 1.00772

73.8281 1.00772
74.2188 1.00716

74.2188 1.00717
74.6094 1.0068

74.6094 1.00681
75 1.00661

75 1.00661
75.3906 1.00657

75.3906 1.00657
75.7812 1.00665

75.7812 1.00665
76.1719 1.00683

76.1719 1.00684
76.5625 1.0071

76.5625 1.00711
76.9531 1.00743

76.9531 1.00743
77.3438 1.00779

77.3438 1.0078
77.7344 1.00818

77.7344 1.00819
78.125 1.00858

78.125 1.00858
78.5156 1.00896

78.5156 1.00896
78.9062 1.00932

78.9062 1.00932
79.2969 1.00963

79.2969 1.00964
79.6875 1.0099

79.6875 1.0099
80.0781 1.01011

80.0781 1.01011
80.4688 1.01025

80.4688 1.01025
80.8594 1.01031

80.8594 1.01031
81.25 1.0103

81.25 1.0103
81.6406 1.0102

81.6406 1.0102
82.0312 1.01002

82.0312 1.01002
82.4219 1.00975

82.4219 1.00975
82.8125 1.0094

82.8125 1.0094
83.2031 1.00896

83.2031 1.00896
83.5938 1.00845

83.5938 1.00845
83.9844 1.00785

83.9844 1.00785
84.375 1.00719

84.375 1.00719
84.7656 1.00645

84.7656 1.00645
85.1562 1.00566

85.1562 1.00566
85.5469 1.00482

85.5469 1.00482
85.9375 1.00393

85.9375 1.00393
86.3281 1.00301

86.3281 1.003
86.7188 1.00205

87.1563 0
87.194 0.390625

87.2735 0.390625
87.2276 0.78125

86.7188 1.08319
87.1094 0.919943

87.1094 1.15427
87.4114 0.78125

