6.64062 1.17181
6.28666 1.17188

6.64062 1.17182
7.03125 1.17166

7.03125 1.17166
7.42188 1.17139

7.42188 1.17139
7.8125 1.17103

7.8125 1.17103
8.20312 1.17057

8.20312 1.17057
8.59375 1.17002

8.59375 1.17001
8.98438 1.16938

8.98438 1.16937
9.375 1.16865

9.375 1.16865
9.76562 1.16786

9.76562 1.16786
10.1562 1.167

10.1562 1.167
10.5469 1.16608

10.5469 1.16608
10.9375 1.16511

10.9375 1.16511
11.3281 1.16411

11.3281 1.1641
11.7188 1.16307

11.7188 1.16307
12.1094 1.16201

12.1094 1.16201
12.5 1.16094

12.5 1.16094
12.8906 1.15988

12.8906 1.15988
13.2812 1.15882

13.2812 1.15882
13.6719 1.15779

13.6719 1.15778
14.0625 1.15678

14.0625 1.15678
14.4531 1.15582

14.4531 1.15582
14.8438 1.15491

14.8438 1.1549
15.2344 1.15405

15.2344 1.15405
15.625 1.15326

15.625 1.15326
16.0156 1.15255

16.0156 1.15255
16.4062 1.15192

16.4062 1.15191
16.7969 1.15137

16.7969 1.15137
17.1875 1.15092

17.1875 1.15092
17.5781 1.15056

17.5781 1.15056
17.9688 1.15031

17.9688 1.15031
18.3594 1.15015

18.3594 1.15015
18.75 1.1501

18.75 1.1501
19.1406 1.15016

19.1406 1.15016
19.5312 1.15032

19.5312 1.15032
19.9219 1.15059

19.9219 1.15059
20.3125 1.15095

20.3125 1.15095
20.7031 1.15141

20.7031 1.15141
21.0938 1.15196

21.0938 1.15196
21.4844 1.1526

21.4844 1.1526
21.875 1.15332

21.875 1.15332
22.2656 1.15412

22.2656 1.15412
22.6562 1.15498

22.6562 1.15498
23.0469 1.15589

23.0469 1.1559
23.4375 1.15686

23.4375 1.15686
23.8281 1.15787

23.8281 1.15787
24.2188 1.15891

24.2188 1.15891
24.6094 1.15996

24.6094 1.15997
25 1.16103

25 1.16103
25.3906 1.1621

25.3906 1.1621
25.7812 1.16315

25.7812 1.16316
26.1719 1.16419

26.1719 1.16419
26.5625 1.1652

26.5625 1.1652
26.9531 1.16616

26.9531 1.16616
27.3438 1.16707

27.3438 1.16708
27.7344 1.16793

27.7344 1.16793
28.125 1.16872

28.125 1.16872
28.5156 1.16943

28.5156 1.16944
28.9062 1.17007

28.9062 1.17007
29.2969 1.17061

29.2969 1.17061
29.6875 1.17106

29.6875 1.17106
30.0781 1.17141

30.0781 1.17141
30.4688 1.17166

30.4688 1.17166
30.8594 1.1718

30.8594 1.1718
31.25 1.17183

31.25 1.17183
31.6406 1.17174

31.6406 1.17175
32.0312 1.17154

32.0312 1.17154
32.4219 1.17122

32.4219 1.17122
32.8125 1.17078

32.8125 1.17078
33.2031 1.17021

33.2031 1.17021
33.5938 1.16951

33.5938 1.16951
33.9844 1.16867

33.9844 1.16867
34.375 1.16769

34.375 1.16769
34.7656 1.16655

34.7656 1.16656
35.1562 1.16525

35.1562 1.16525
35.5469 1.16377

35.5469 1.16378
35.9375 1.1621

35.9375 1.1621
36.3281 1.16022

36.3281 1.16022
36.7188 1.15811

36.7188 1.15811
37.1094 1.15576

37.1094 1.15576
37.5 1.15314

37.5 1.15314
37.8906 1.15023

37.8906 1.15024
38.2812 1.14703

38.2812 1.14703
38.6719 1.14351

38.6719 1.14351
39.0625 1.13967

39.0625 1.13967
39.4531 1.13549

39.4531 1.13549
39.8438 1.13098

39.8438 1.13098
40.2344 1.12614

40.2344 1.12614
40.625 1.12099

40.625 1.12098
41.0156 1.11554

41.0156 1.11553
41.4062 1.10983

41.4062 1.10982
41.7969 1.10389

41.7969 1.10388
42.1875 1.09775

42.1875 1.09774
42.5781 1.09148

42.5781 1.09147
42.9688 1.08512

42.9688 1.08511
43.3594 1.07874

43.3594 1.07872
43.75 1.07238

43.75 1.07236
44.1406 1.06611

44.1406 1.0661
44.5312 1.05999

44.5312 1.05998
44.9219 1.05408

44.9219 1.05407
45.3125 1.04843

45.3125 1.04842
45.7031 1.04308

45.7031 1.04307
46.0938 1.03807

46.0938 1.03807
46.4844 1.03344

46.4844 1.03344
46.875 1.02921

46.875 1.02921
47.2656 1.0254

47.2656 1.0254
47.6562 1.02201

47.6562 1.02201
48.0469 1.01904

48.0469 1.01905
48.4375 1.01649

48.4375 1.01649
48.8281 1.01433

48.8281 1.01434
49.2188 1.01256

49.2188 1.01256
49.6094 1.01113

49.6094 1.01114
50 1.01003

50 1.01003
50.3906 1.00921

50.3906 1.00922
50.7812 1.00865

50.7812 1.00866
51.1719 1.0083

51.1719 1.00831
51.5625 1.00815

51.5625 1.00815
51.9531 1.00814

51.9531 1.00814
52.3438 1.00824

52.3438 1.00825
52.7344 1.00844

52.7344 1.00844
53.125 1.00868

53.125 1.00869
53.5156 1.00897

53.5156 1.00897
53.9062 1.00925

53.9062 1.00926
54.2969 1.00953

54.2969 1.00953
54.6875 1.00977

54.6875 1.00978
55.0781 1.00997

55.0781 1.00998
55.4688 1.01011

55.4688 1.01012
55.8594 1.01019

55.8594 1.01019
56.25 1.01018

56.25 1.01019
56.6406 1.0101

56.6406 1.0101
57.0312 1.00993

57.0312 1.00993
57.4219 1.00968

57.4219 1.051
57.8125 0.968027

57.9649 0
58.002 0.390625

58.0884 0.390625
58.0271 0.78125

58.2031 0.802678
57.8167 1.17188

58.2031 0.856303
58.231 0.78125

