6.64062 1.17181
6.28619 1.17188

6.64062 1.17182
7.03125 1.17166

7.03125 1.17166
7.42188 1.17139

7.42188 1.17139
7.8125 1.17103

7.8125 1.17103
8.20312 1.17057

8.20312 1.17057
8.59375 1.17002

8.59375 1.17001
8.98438 1.16938

8.98438 1.16937
9.375 1.16866

9.375 1.16865
9.76562 1.16786

9.76562 1.16786
10.1562 1.167

10.1562 1.167
10.5469 1.16608

10.5469 1.16608
10.9375 1.16511

10.9375 1.16511
11.3281 1.16411

11.3281 1.1641
11.7188 1.16307

11.7188 1.16307
12.1094 1.16201

12.1094 1.16201
12.5 1.16094

12.5 1.16094
12.8906 1.15988

12.8906 1.15988
13.2812 1.15882

13.2812 1.15882
13.6719 1.15779

13.6719 1.15778
14.0625 1.15678

14.0625 1.15678
14.4531 1.15582

14.4531 1.15582
14.8438 1.15491

14.8438 1.1549
15.2344 1.15405

15.2344 1.15405
15.625 1.15326

15.625 1.15326
16.0156 1.15255

16.0156 1.15255
16.4062 1.15192

16.4062 1.15191
16.7969 1.15137

16.7969 1.15137
17.1875 1.15092

17.1875 1.15092
17.5781 1.15056

17.5781 1.15056
17.9688 1.15031

17.9688 1.15031
18.3594 1.15015

18.3594 1.15015
18.75 1.15011

18.75 1.15011
19.1406 1.15016

19.1406 1.15016
19.5312 1.15032

19.5312 1.15032
19.9219 1.15059

19.9219 1.15059
20.3125 1.15095

20.3125 1.15095
20.7031 1.15141

20.7031 1.15141
21.0938 1.15196

21.0938 1.15196
21.4844 1.1526

21.4844 1.1526
21.875 1.15332

21.875 1.15332
22.2656 1.15412

22.2656 1.15412
22.6562 1.15498

22.6562 1.15498
23.0469 1.15589

23.0469 1.1559
23.4375 1.15686

23.4375 1.15686
23.8281 1.15787

23.8281 1.15787
24.2188 1.1589

24.2188 1.15891
24.6094 1.15996

24.6094 1.15996
25 1.16103

25 1.16103
25.3906 1.1621

25.3906 1.1621
25.7812 1.16315

25.7812 1.16316
26.1719 1.16419

26.1719 1.16419
26.5625 1.16519

26.5625 1.1652
26.9531 1.16616

26.9531 1.16616
27.3438 1.16707

27.3438 1.16707
27.7344 1.16793

27.7344 1.16793
28.125 1.16872

28.125 1.16872
28.5156 1.16943

28.5156 1.16943
28.9062 1.17006

28.9062 1.17007
29.2969 1.17061

29.2969 1.17061
29.6875 1.17106

29.6875 1.17107
30.0781 1.17142

30.0781 1.17142
30.4688 1.17168

30.4688 1.17167
30.8594 1.17183

31.6406 1.17181
31.2865 1.17188

31.6406 1.17182
32.0312 1.17166

32.0312 1.17166
32.4219 1.17139

32.4219 1.17139
32.8125 1.17103

32.8125 1.17103
33.2031 1.17057

33.2031 1.17057
33.5938 1.17002

33.5938 1.17001
33.9844 1.16938

33.9844 1.16937
34.375 1.16866

34.375 1.16865
34.7656 1.16786

34.7656 1.16786
35.1562 1.167

35.1562 1.167
35.5469 1.16608

35.5469 1.16608
35.9375 1.16511

35.9375 1.16511
36.3281 1.16411

36.3281 1.1641
36.7188 1.16307

36.7188 1.16307
37.1094 1.16201

37.1094 1.16201
37.5 1.16094

37.5 1.16094
37.8906 1.15988

37.8906 1.15988
38.2812 1.15882

38.2812 1.15882
38.6719 1.15779

38.6719 1.15779
39.0625 1.15678

39.0625 1.15678
39.4531 1.15582

39.4531 1.15582
39.8438 1.15491

39.8438 1.1549
40.2344 1.15405

40.2344 1.15405
40.625 1.15326

40.625 1.15326
41.0156 1.15255

41.0156 1.15255
41.4062 1.15191

41.4062 1.15191
41.7969 1.15136

41.7969 1.15136
42.1875 1.15091

42.1875 1.15091
42.5781 1.15055

42.5781 1.15055
42.9688 1.15028

42.9688 1.15028
43.3594 1.15012

43.3594 1.15012
43.75 1.15006

43.75 1.15006
44.1406 1.15009

44.1406 1.15009
44.5312 1.15022

44.5312 1.15023
44.9219 1.15045

44.9219 1.15045
45.3125 1.15076

45.3125 1.15076
45.7031 1.15115

45.7031 1.15115
46.0938 1.15161

46.0938 1.15162
46.4844 1.15213

46.4844 1.15214
46.875 1.1527

46.875 1.15271
47.2656 1.15331

47.2656 1.15331
47.6562 1.15392

47.6562 1.15393
48.0469 1.15454

48.0469 1.15454
48.4375 1.15513

48.4375 1.15514
48.8281 1.15567

48.8281 1.15568
49.2188 1.15615

49.2188 1.15616
49.6094 1.15653

49.6094 1.15653
50 1.15678

50 1.15679
50.3906 1.15689

50.3906 1.15689
50.7812 1.15681

50.7812 1.15681
51.1719 1.15651

51.1719 1.15652
51.5625 1.15598

51.5625 1.15599
51.9531 1.15519

51.9531 1.15519
52.3438 1.15409

52.3438 1.1541
52.7344 1.15268

52.7344 1.15268
53.125 1.15092

53.125 1.15093
53.5156 1.14881

53.5156 1.14881
53.9062 1.14632

53.9062 1.14633
54.2969 1.14346

54.2969 1.14346
54.6875 1.14021

54.6875 1.14021
55.0781 1.13657

55.0781 1.13657
55.4688 1.13257

55.4688 1.13256
55.8594 1.1282

55.8594 1.1282
56.25 1.1235

56.25 1.12349
56.6406 1.11848

56.6406 1.11847
57.0312 1.11318

57.0312 1.11317
57.4219 1.10763

57.4219 1.10762
57.8125 1.10187

57.8125 1.10186
58.2031 1.09595

58.2031 1.09594
58.5938 1.08991

58.5938 1.0899
58.9844 1.0838

58.9844 1.08379
59.375 1.07766

59.375 1.07765
59.7656 1.07154

59.7656 1.07153
60.1562 1.06548

60.1562 1.06547
60.5469 1.05952

60.5469 1.05951
60.9375 1.0537

60.9375 1.05369
61.3281 1.04807

61.3281 1.04806
61.7188 1.04264

61.7188 1.04263
62.1094 1.03744

62.1094 1.03744
62.5 1.03251

62.5 1.03251
62.8906 1.02785

62.8906 1.02785
63.2812 1.02348

63.2812 1.02348
63.6719 1.01941

63.6719 1.01941
64.0625 1.01564

64.0625 1.01564
64.4531 1.01218

64.4531 1.01218
64.8438 1.00903

64.8438 1.00903
65.2344 1.00617

65.2344 1.00617
65.625 1.00361

65.625 1.00361
66.0156 1.00134

66.0156 1.00134
66.4062 0.999336

66.4062 0.999339
66.7969 0.997601

66.7969 0.997604
67.1875 0.996119

67.1875 0.996122
67.5781 0.994876

67.5781 0.994879
67.9688 0.993861

67.9688 0.993864
68.3594 0.993059

68.3594 0.993063
68.75 0.992459

68.75 0.992462
69.1406 0.992046

69.1406 0.992049
69.5312 0.991808

69.5312 0.991811
69.9219 0.991732

69.9219 0.991735
70.3125 0.991806

70.3125 0.991809
70.7031 0.992018

70.7031 0.992021
71.0938 0.992355

71.0938 0.992358
71.4844 0.992806

71.4844 0.992809
71.875 0.99336

71.875 0.993363
72.2656 0.994004

72.2656 0.994007
72.6562 0.994728

72.6562 0.994731
73.0469 0.99552

73.0469 0.995523
73.4375 0.99637

73.4375 0.996373
73.8281 0.997265

73.8281 0.997268
74.2188 0.998196

74.2188 0.998199
74.6094 0.999152

74.6094 0.999154
75 1.00012

75 1.00012
75.3906 1.00109

75.3906 1.0011
75.7812 1.00206

75.7812 1.00206
76.1719 1.00301

76.1719 1.00301
76.5625 1.00393

77.2465 0
77.2837 0.390625

77.3438 0.549508
77.2869 0.78125

76.5625 1.00815
76.9531 1.0006

76.9531 1.13953
77.3438 0.870935

77.3504 0.390625
77.3625 0.78125

77.3438 1.09893
77.5009 0.78125

