6.64062 1.17181
6.28598 1.17188

6.64062 1.17182
7.03125 1.17166

7.03125 1.17166
7.42188 1.17139

7.42188 1.17139
7.8125 1.17103

7.8125 1.17103
8.20312 1.17057

8.20312 1.17057
8.59375 1.17002

8.59375 1.17001
8.98438 1.16938

8.98438 1.16937
9.375 1.16865

9.375 1.16865
9.76562 1.16786

9.76562 1.16786
10.1562 1.167

10.1562 1.167
10.5469 1.16608

10.5469 1.16608
10.9375 1.16511

10.9375 1.16511
11.3281 1.16411

11.3281 1.1641
11.7188 1.16307

11.7188 1.16307
12.1094 1.16201

12.1094 1.16201
12.5 1.16094

12.5 1.16094
12.8906 1.15988

12.8906 1.15987
13.2812 1.15882

13.2812 1.15882
13.6719 1.15779

13.6719 1.15778
14.0625 1.15678

14.0625 1.15678
14.4531 1.15582

14.4531 1.15582
14.8438 1.15491

14.8438 1.1549
15.2344 1.15405

15.2344 1.15405
15.625 1.15326

15.625 1.15326
16.0156 1.15255

16.0156 1.15255
16.4062 1.15191

16.4062 1.15191
16.7969 1.15137

16.7969 1.15137
17.1875 1.15092

17.1875 1.15092
17.5781 1.15056

17.5781 1.15056
17.9688 1.15031

17.9688 1.1503
18.3594 1.15015

18.3594 1.15015
18.75 1.1501

18.75 1.1501
19.1406 1.15016

19.1406 1.15016
19.5312 1.15032

19.5312 1.15032
19.9219 1.15058

19.9219 1.15059
20.3125 1.15095

20.3125 1.15095
20.7031 1.15141

20.7031 1.15141
21.0938 1.15196

21.0938 1.15196
21.4844 1.1526

21.4844 1.1526
21.875 1.15332

21.875 1.15332
22.2656 1.15411

22.2656 1.15412
22.6562 1.15497

22.6562 1.15498
23.0469 1.15589

23.0469 1.15589
23.4375 1.15686

23.4375 1.15686
23.8281 1.15787

23.8281 1.15787
24.2188 1.1589

24.2188 1.15891
24.6094 1.15996

24.6094 1.15996
25 1.16103

25 1.16103
25.3906 1.1621

25.3906 1.1621
25.7812 1.16315

25.7812 1.16315
26.1719 1.16419

26.1719 1.16419
26.5625 1.16519

26.5625 1.16519
26.9531 1.16616

26.9531 1.16616
27.3438 1.16707

27.3438 1.16707
27.7344 1.16793

27.7344 1.16793
28.125 1.16872

28.125 1.16872
28.5156 1.16943

28.5156 1.16943
28.9062 1.17006

28.9062 1.17006
29.2969 1.17061

29.2969 1.17061
29.6875 1.17106

29.6875 1.17106
30.0781 1.17142

30.0781 1.17142
30.4688 1.17167

30.4688 1.17167
30.8594 1.17183

31.6406 1.17181
31.2856 1.17188

31.6406 1.17182
32.0312 1.17166

32.0312 1.17166
32.4219 1.17139

32.4219 1.17139
32.8125 1.17103

32.8125 1.17103
33.2031 1.17057

33.2031 1.17057
33.5938 1.17002

33.5938 1.17001
33.9844 1.16938

33.9844 1.16937
34.375 1.16865

34.375 1.16865
34.7656 1.16786

34.7656 1.16786
35.1562 1.167

35.1562 1.167
35.5469 1.16608

35.5469 1.16608
35.9375 1.16511

35.9375 1.16511
36.3281 1.16411

36.3281 1.1641
36.7188 1.16307

36.7188 1.16307
37.1094 1.16201

37.1094 1.16201
37.5 1.16094

37.5 1.16094
37.8906 1.15988

37.8906 1.15987
38.2812 1.15882

38.2812 1.15882
38.6719 1.15779

38.6719 1.15778
39.0625 1.15678

39.0625 1.15678
39.4531 1.15582

39.4531 1.15582
39.8438 1.15491

39.8438 1.1549
40.2344 1.15405

40.2344 1.15405
40.625 1.15326

40.625 1.15326
41.0156 1.15255

41.0156 1.15255
41.4062 1.15192

41.4062 1.15191
41.7969 1.15137

41.7969 1.15137
42.1875 1.15092

42.1875 1.15092
42.5781 1.15056

42.5781 1.15056
42.9688 1.15031

42.9688 1.15031
43.3594 1.15015

43.3594 1.15015
43.75 1.15011

43.75 1.15011
44.1406 1.15016

44.1406 1.15016
44.5312 1.15032

44.5312 1.15032
44.9219 1.15059

44.9219 1.15059
45.3125 1.15095

45.3125 1.15095
45.7031 1.15141

45.7031 1.15141
46.0938 1.15196

46.0938 1.15196
46.4844 1.1526

46.4844 1.1526
46.875 1.15332

46.875 1.15332
47.2656 1.15412

47.2656 1.15412
47.6562 1.15498

47.6562 1.15498
48.0469 1.15589

48.0469 1.1559
48.4375 1.15686

48.4375 1.15686
48.8281 1.15787

48.8281 1.15787
49.2188 1.1589

49.2188 1.15891
49.6094 1.15996

49.6094 1.15996
50 1.16103

50 1.16103
50.3906 1.1621

50.3906 1.1621
50.7812 1.16315

50.7812 1.16316
51.1719 1.16419

51.1719 1.16419
51.5625 1.16519

51.5625 1.1652
51.9531 1.16616

51.9531 1.16616
52.3438 1.16707

52.3438 1.16707
52.7344 1.16793

52.7344 1.16793
53.125 1.16872

53.125 1.16872
53.5156 1.16943

53.5156 1.16943
53.9062 1.17006

53.9062 1.17006
54.2969 1.17061

54.2969 1.17061
54.6875 1.17106

54.6875 1.17106
55.0781 1.17141

55.0781 1.17141
55.4688 1.17166

55.4688 1.17166
55.8594 1.17181

55.8594 1.17181
56.25 1.17185

56.25 1.17185
56.6406 1.17178

56.6406 1.17178
57.0312 1.1716

57.0312 1.1716
57.4219 1.17131

57.4219 1.17131
57.8125 1.17092

57.8125 1.17092
58.2031 1.17043

58.2031 1.17042
58.5938 1.16982

58.5938 1.16982
58.9844 1.16912

58.9844 1.16912
59.375 1.16833

59.375 1.16833
59.7656 1.16743

59.7656 1.16743
60.1562 1.16645

60.1562 1.16645
60.5469 1.16538

60.5469 1.16538
60.9375 1.16423

60.9375 1.16423
61.3281 1.163

61.3281 1.163
61.7188 1.16169

61.7188 1.16169
62.1094 1.1603

62.1094 1.1603
62.5 1.15884

62.5 1.15884
62.8906 1.1573

62.8906 1.1573
63.2812 1.15569

63.2812 1.15569
63.6719 1.154

63.6719 1.154
64.0625 1.15224

64.0625 1.15224
64.4531 1.1504

64.4531 1.1504
64.8438 1.14848

64.8438 1.14848
65.2344 1.14647

65.2344 1.14647
65.625 1.14437

65.625 1.14437
66.0156 1.14218

66.0156 1.14218
66.4062 1.13988

66.4062 1.13988
66.7969 1.13749

66.7969 1.13749
67.1875 1.13498

67.1875 1.13498
67.5781 1.13237

67.5781 1.13237
67.9688 1.12964

67.9688 1.12964
68.3594 1.12679

68.3594 1.12679
68.75 1.12382

68.75 1.12382
69.1406 1.12074

69.1406 1.12074
69.5312 1.11754

69.5312 1.11754
69.9219 1.11423

69.9219 1.11423
70.3125 1.11081

70.3125 1.11081
70.7031 1.10729

70.7031 1.10729
71.0938 1.10368

71.0938 1.10368
71.4844 1.1

71.4844 1.09999
71.875 1.09624

71.875 1.09624
72.2656 1.09244

72.2656 1.09243
72.6562 1.08859

72.6562 1.08859
73.0469 1.08473

73.0469 1.08472
73.4375 1.08086

73.4375 1.08086
73.8281 1.077

73.8281 1.077
74.2188 1.07318

74.2188 1.07318
74.6094 1.0694

74.6094 1.0694
75 1.06569

75 1.06569
75.3906 1.06206

75.3906 1.06206
75.7812 1.05853

75.7812 1.05852
76.1719 1.0551

76.1719 1.0551
76.5625 1.05179

76.5625 1.05179
76.9531 1.04861

76.9531 1.0486
77.3438 1.04556

77.3438 1.04556
77.7344 1.04265

77.7344 1.04265
78.125 1.03988

78.125 1.03988
78.5156 1.03725

78.5156 1.03725
78.9062 1.03477

78.9062 1.03477
79.2969 1.03242

79.2969 1.03242
79.6875 1.0302

79.6875 1.0302
80.0781 1.0281

80.0781 1.0281
80.4688 1.02612

80.4688 1.02612
80.8594 1.02425

80.8594 1.02425
81.25 1.02247

81.25 1.02248
81.6406 1.02079

81.6406 1.02079
82.0312 1.01918

82.0312 1.01918
82.4219 1.01763

82.4219 1.01764
82.8125 1.01615

82.8125 1.01615
83.2031 1.01472

83.2031 1.01472
83.5938 1.01333

83.5938 1.01333
83.9844 1.01197

83.9844 1.01197
84.375 1.01064

84.375 1.01064
84.7656 1.00934

84.7656 1.00934
85.1562 1.00806

85.1562 1.00806
85.5469 1.0068

85.5469 1.0068
85.9375 1.00556

85.9375 1.00556
86.3281 1.00434

86.3281 1.00434
86.7188 1.00314

86.7188 1.00314
87.1094 1.00196

87.1094 1.00196
87.5 1.00081

87.5 1.00081
87.8906 0.999686

87.8906 0.999685
88.2812 0.9986

88.2812 0.998598
88.6719 0.997553

88.6719 0.997552
89.0625 0.996553

89.0625 0.996552
89.4531 0.995605

89.4531 0.995603
89.8438 0.994714

89.8438 0.994713
90.2344 0.993887

90.2344 0.993886
90.625 0.993129

90.625 0.993128
91.0156 0.992446

91.0156 0.992445
91.4062 0.991843

91.4062 0.991842
91.7969 0.991324

91.7969 0.991323
92.1875 0.990893

92.1875 0.990892
92.5781 0.990554

92.5781 0.990553
92.9688 0.990309

92.9688 0.990308
93.3594 0.99016

93.3594 0.99016
93.75 0.990108

93.75 0.990108
94.1406 0.990154

94.1406 0.990154
94.5312 0.990296

94.5312 0.990296
94.9219 0.990533

94.9219 0.990533
95.3125 0.990862

95.3125 0.990863
95.7031 0.991281

95.7031 0.991282
96.0938 0.991785

96.0938 0.991786
96.4844 0.992369

96.4844 1.08326
96.875 0.902137

96.8957 0
96.9334 0.390625

97.0136 0.390625
96.9664 0.78125

96.875 1.13789
97.1471 0.78125

