6.64062 1.17181
6.28599 1.17188

6.64062 1.17182
7.03125 1.17166

7.03125 1.17166
7.42188 1.17139

7.42188 1.17139
7.8125 1.17103

7.8125 1.17103
8.20312 1.17057

8.20312 1.17057
8.59375 1.17002

8.59375 1.17001
8.98438 1.16938

8.98438 1.16937
9.375 1.16866

9.375 1.16865
9.76562 1.16786

9.76562 1.16786
10.1562 1.167

10.1562 1.167
10.5469 1.16608

10.5469 1.16608
10.9375 1.16511

10.9375 1.16511
11.3281 1.16411

11.3281 1.1641
11.7188 1.16307

11.7188 1.16307
12.1094 1.16201

12.1094 1.16201
12.5 1.16094

12.5 1.16094
12.8906 1.15988

12.8906 1.15988
13.2812 1.15882

13.2812 1.15882
13.6719 1.15779

13.6719 1.15778
14.0625 1.15678

14.0625 1.15678
14.4531 1.15582

14.4531 1.15582
14.8438 1.15491

14.8438 1.1549
15.2344 1.15405

15.2344 1.15405
15.625 1.15326

15.625 1.15326
16.0156 1.15255

16.0156 1.15255
16.4062 1.15192

16.4062 1.15191
16.7969 1.15137

16.7969 1.15137
17.1875 1.15092

17.1875 1.15092
17.5781 1.15056

17.5781 1.15056
17.9688 1.15031

17.9688 1.15031
18.3594 1.15015

18.3594 1.15015
18.75 1.15011

18.75 1.15011
19.1406 1.15016

19.1406 1.15016
19.5312 1.15032

19.5312 1.15032
19.9219 1.15059

19.9219 1.15059
20.3125 1.15095

20.3125 1.15095
20.7031 1.15141

20.7031 1.15141
21.0938 1.15196

21.0938 1.15196
21.4844 1.1526

21.4844 1.1526
21.875 1.15332

21.875 1.15332
22.2656 1.15412

22.2656 1.15412
22.6562 1.15498

22.6562 1.15498
23.0469 1.15589

23.0469 1.1559
23.4375 1.15686

23.4375 1.15686
23.8281 1.15787

23.8281 1.15787
24.2188 1.15891

24.2188 1.15891
24.6094 1.15996

24.6094 1.15997
25 1.16103

25 1.16103
25.3906 1.1621

25.3906 1.1621
25.7812 1.16315

25.7812 1.16316
26.1719 1.16419

26.1719 1.16419
26.5625 1.16519

26.5625 1.1652
26.9531 1.16616

26.9531 1.16616
27.3438 1.16707

27.3438 1.16707
27.7344 1.16793

27.7344 1.16793
28.125 1.16872

28.125 1.16872
28.5156 1.16943

28.5156 1.16943
28.9062 1.17007

28.9062 1.17007
29.2969 1.17061

29.2969 1.17061
29.6875 1.17107

29.6875 1.17107
30.0781 1.17142

30.0781 1.17142
30.4688 1.17168

30.4688 1.17167
30.8594 1.17184

31.6406 1.17181
31.2885 1.17188

31.6406 1.17182
32.0312 1.17166

32.0312 1.17166
32.4219 1.1714

32.4219 1.17139
32.8125 1.17103

32.8125 1.17103
33.2031 1.17057

33.2031 1.17057
33.5938 1.17002

33.5938 1.17002
33.9844 1.16938

33.9844 1.16938
34.375 1.16866

34.375 1.16866
34.7656 1.16786

34.7656 1.16786
35.1562 1.167

35.1562 1.167
35.5469 1.16608

35.5469 1.16608
35.9375 1.16511

35.9375 1.16511
36.3281 1.16411

36.3281 1.1641
36.7188 1.16307

36.7188 1.16306
37.1094 1.16201

37.1094 1.162
37.5 1.16093

37.5 1.16093
37.8906 1.15986

37.8906 1.15986
38.2812 1.15879

38.2812 1.15879
38.6719 1.15774

38.6719 1.15773
39.0625 1.15671

39.0625 1.15671
39.4531 1.15571

39.4531 1.15571
39.8438 1.15475

39.8438 1.15474
40.2344 1.15382

40.2344 1.15382
40.625 1.15295

40.625 1.15295
41.0156 1.15212

41.0156 1.15212
41.4062 1.15133

41.4062 1.15133
41.7969 1.15059

41.7969 1.15059
42.1875 1.14989

42.1875 1.14989
42.5781 1.14921

42.5781 1.14922
42.9688 1.14856

42.9688 1.14856
43.3594 1.14791

43.3594 1.14792
43.75 1.14726

43.75 1.14726
44.1406 1.14657

44.1406 1.14658
44.5312 1.14584

44.5312 1.14585
44.9219 1.14504

44.9219 1.14505
45.3125 1.14414

45.3125 1.14415
45.7031 1.14312

45.7031 1.14313
46.0938 1.14196

46.0938 1.14196
46.4844 1.14061

46.4844 1.14062
46.875 1.13907

46.875 1.13908
47.2656 1.13731

47.2656 1.13731
47.6562 1.1353

47.6562 1.1353
48.0469 1.13302

48.0469 1.13302
48.4375 1.13047

48.4375 1.13047
48.8281 1.12763

48.8281 1.12763
49.2188 1.12449

49.2188 1.12449
49.6094 1.12107

49.6094 1.12107
50 1.11737

50 1.11736
50.3906 1.11339

50.3906 1.11339
50.7812 1.10917

50.7812 1.10916
51.1719 1.10472

51.1719 1.10472
51.5625 1.10008

51.5625 1.10007
51.9531 1.09527

51.9531 1.09527
52.3438 1.09035

52.3438 1.09034
52.7344 1.08533

52.7344 1.08532
53.125 1.08027

53.125 1.08026
53.5156 1.0752

53.5156 1.0752
53.9062 1.07017

53.9062 1.07017
54.2969 1.06521

54.2969 1.06521
54.6875 1.06036

54.6875 1.06035
55.0781 1.05564

55.0781 1.05564
55.4688 1.05109

55.4688 1.05108
55.8594 1.04671

55.8594 1.04671
56.25 1.04254

56.25 1.04254
56.6406 1.03858

56.6406 1.03858
57.0312 1.03484

57.0312 1.03484
57.4219 1.03131

57.4219 1.03131
57.8125 1.02801

57.8125 1.02801
58.2031 1.02492

58.2031 1.02492
58.5938 1.02203

58.5938 1.02204
58.9844 1.01935

58.9844 1.01935
59.375 1.01684

59.375 1.01684
59.7656 1.01451

59.7656 1.01451
60.1562 1.01233

60.1562 1.01233
60.5469 1.0103

60.5469 1.0103
60.9375 1.0084

60.9375 1.0084
61.3281 1.00663

61.3281 1.00663
61.7188 1.00496

61.7188 1.00496
62.1094 1.0034

62.1094 1.0034
62.5 1.00193

62.5 1.00193
62.8906 1.00056

62.8906 1.00056
63.2812 0.999263

63.2812 0.999264
63.6719 0.998054

63.6719 0.998054
64.0625 0.996925

64.0625 0.996925
64.4531 0.995877

64.4531 0.995876
64.8438 0.994909

64.8438 0.994909
65.2344 0.994023

65.2344 0.994023
65.625 0.993222

65.625 0.993222
66.0156 0.992507

66.0156 0.992506
66.4062 0.991881

66.4062 0.99188
66.7969 0.991345

66.7969 0.991345
67.1875 0.990904

67.1875 0.990903
67.5781 0.990557

67.5781 0.990557
67.9688 0.990308

67.9688 0.990308
68.3594 0.990157

68.3594 0.990157
68.75 0.990104

69.3286 0
69.3664 0.390625

69.4672 0.390625
69.3787 0.78125

68.75 1.01886
69.1406 0.961392

69.1406 1.14486
69.5312 0.822078

69.5312 0.915541
69.5865 0.78125

