6.64062 1.17181
6.28602 1.17188

6.64062 1.17182
7.03125 1.17166

7.03125 1.17166
7.42188 1.17139

7.42188 1.17139
7.8125 1.17103

7.8125 1.17103
8.20312 1.17057

8.20312 1.17057
8.59375 1.17002

8.59375 1.17001
8.98438 1.16938

8.98438 1.16937
9.375 1.16866

9.375 1.16865
9.76562 1.16786

9.76562 1.16786
10.1562 1.167

10.1562 1.167
10.5469 1.16608

10.5469 1.16608
10.9375 1.16511

10.9375 1.16511
11.3281 1.16411

11.3281 1.1641
11.7188 1.16307

11.7188 1.16307
12.1094 1.16201

12.1094 1.16201
12.5 1.16094

12.5 1.16094
12.8906 1.15988

12.8906 1.15988
13.2812 1.15882

13.2812 1.15882
13.6719 1.15779

13.6719 1.15778
14.0625 1.15678

14.0625 1.15678
14.4531 1.15582

14.4531 1.15582
14.8438 1.15491

14.8438 1.1549
15.2344 1.15405

15.2344 1.15405
15.625 1.15326

15.625 1.15326
16.0156 1.15255

16.0156 1.15255
16.4062 1.15192

16.4062 1.15191
16.7969 1.15137

16.7969 1.15137
17.1875 1.15092

17.1875 1.15092
17.5781 1.15056

17.5781 1.15056
17.9688 1.15031

17.9688 1.15031
18.3594 1.15015

18.3594 1.15015
18.75 1.15011

18.75 1.15011
19.1406 1.15016

19.1406 1.15016
19.5312 1.15032

19.5312 1.15032
19.9219 1.15059

19.9219 1.15059
20.3125 1.15095

20.3125 1.15095
20.7031 1.15141

20.7031 1.15141
21.0938 1.15196

21.0938 1.15196
21.4844 1.1526

21.4844 1.1526
21.875 1.15332

21.875 1.15332
22.2656 1.15411

22.2656 1.15412
22.6562 1.15498

22.6562 1.15498
23.0469 1.15589

23.0469 1.1559
23.4375 1.15686

23.4375 1.15686
23.8281 1.15787

23.8281 1.15787
24.2188 1.1589

24.2188 1.15891
24.6094 1.15996

24.6094 1.15996
25 1.16103

25 1.16103
25.3906 1.1621

25.3906 1.1621
25.7812 1.16315

25.7812 1.16316
26.1719 1.16419

26.1719 1.16419
26.5625 1.16519

26.5625 1.1652
26.9531 1.16616

26.9531 1.16616
27.3438 1.16707

27.3438 1.16708
27.7344 1.16793

27.7344 1.16793
28.125 1.16872

28.125 1.16872
28.5156 1.16943

28.5156 1.16944
28.9062 1.17007

28.9062 1.17007
29.2969 1.17061

29.2969 1.17061
29.6875 1.17107

29.6875 1.17107
30.0781 1.17142

30.0781 1.17142
30.4688 1.17168

30.4688 1.17168
30.8594 1.17183

30.8594 1.17185
31.1069 1.17188

31.6406 1.17182
31.2772 1.17188

31.6406 1.17182
32.0312 1.17166

32.0312 1.17166
32.4219 1.17139

32.4219 1.17139
32.8125 1.17102

32.8125 1.17102
33.2031 1.17055

33.2031 1.17055
33.5938 1.16999

33.5938 1.16999
33.9844 1.16933

33.9844 1.16933
34.375 1.16858

34.375 1.16858
34.7656 1.16775

34.7656 1.16775
35.1562 1.16684

35.1562 1.16684
35.5469 1.16585

35.5469 1.16585
35.9375 1.16478

35.9375 1.16478
36.3281 1.16365

36.3281 1.16365
36.7188 1.16244

36.7188 1.16244
37.1094 1.16115

37.1094 1.16115
37.5 1.15979

37.5 1.15979
37.8906 1.15835

37.8906 1.15835
38.2812 1.15681

38.2812 1.15682
38.6719 1.15518

38.6719 1.15519
39.0625 1.15344

39.0625 1.15345
39.4531 1.15158

39.4531 1.15158
39.8438 1.14957

39.8438 1.14958
40.2344 1.14741

40.2344 1.14742
40.625 1.14508

40.625 1.14508
41.0156 1.14255

41.0156 1.14255
41.4062 1.13981

41.4062 1.13982
41.7969 1.13685

41.7969 1.13685
42.1875 1.13365

42.1875 1.13365
42.5781 1.1302

42.5781 1.13021
42.9688 1.1265

42.9688 1.1265
43.3594 1.12254

43.3594 1.12254
43.75 1.11833

43.75 1.11833
44.1406 1.11388

44.1406 1.11387
44.5312 1.1092

44.5312 1.10919
44.9219 1.10432

44.9219 1.10431
45.3125 1.09926

45.3125 1.09925
45.7031 1.09406

45.7031 1.09405
46.0938 1.08876

46.0938 1.08875
46.4844 1.0834

46.4844 1.08338
46.875 1.07802

46.875 1.07801
47.2656 1.07267

47.2656 1.07266
47.6562 1.06741

47.6562 1.0674
48.0469 1.06227

48.0469 1.06226
48.4375 1.05729

48.4375 1.05728
48.8281 1.05252

48.8281 1.05251
49.2188 1.04799

49.2188 1.04799
49.6094 1.04374

49.6094 1.04373
50 1.03977

50 1.03977
50.3906 1.03612

50.3906 1.03612
50.7812 1.03278

50.7812 1.03278
51.1719 1.02976

51.1719 1.02977
51.5625 1.02707

51.5625 1.02707
51.9531 1.02467

51.9531 1.02468
52.3438 1.02257

52.3438 1.02258
52.7344 1.02074

52.7344 1.02075
53.125 1.01917

53.125 1.01917
53.5156 1.01781

53.5156 1.01782
53.9062 1.01665

53.9062 1.01666
54.2969 1.01566

54.2969 1.01567
54.6875 1.01481

54.6875 1.01481
55.0781 1.01407

55.0781 1.01407
55.4688 1.01341

55.4688 1.01342
55.8594 1.01282

55.8594 1.01282
56.25 1.01226

56.25 1.01226
56.6406 1.01172

56.6406 1.01172
57.0312 1.01118

57.0312 1.01119
57.4219 1.01063

57.4219 1.01064
57.8125 1.01006

57.8125 1.01006
58.2031 1.00945

58.2031 1.00945
58.5938 1.0088

58.5938 1.0088
58.9844 1.0081

58.9844 1.0081
59.375 1.00736

59.375 1.00736
59.7656 1.00657

59.7656 1.00657
60.1562 1.00574

60.1562 1.00574
60.5469 1.00487

60.5469 1.00486
60.9375 1.00396

60.9375 1.00396
61.3281 1.00302

61.3281 1.00302
61.7188 1.00206

62.2129 0
62.2501 0.390625

62.3355 0.390625
62.2763 0.78125

61.7188 1.06193
62.1094 0.941207

62.1094 1.16096
62.4673 0.78125

