6.64062 1.17181
6.2865 1.17188

6.64062 1.17182
7.03125 1.17166

7.03125 1.17166
7.42188 1.17139

7.42188 1.17139
7.8125 1.17103

7.8125 1.17103
8.20312 1.17057

8.20312 1.17057
8.59375 1.17002

8.59375 1.17001
8.98438 1.16938

8.98438 1.16937
9.375 1.16866

9.375 1.16865
9.76562 1.16786

9.76562 1.16786
10.1562 1.167

10.1562 1.167
10.5469 1.16608

10.5469 1.16608
10.9375 1.16511

10.9375 1.16511
11.3281 1.16411

11.3281 1.1641
11.7188 1.16307

11.7188 1.16307
12.1094 1.16201

12.1094 1.16201
12.5 1.16094

12.5 1.16094
12.8906 1.15988

12.8906 1.15988
13.2812 1.15882

13.2812 1.15882
13.6719 1.15779

13.6719 1.15778
14.0625 1.15678

14.0625 1.15678
14.4531 1.15582

14.4531 1.15582
14.8438 1.15491

14.8438 1.1549
15.2344 1.15405

15.2344 1.15405
15.625 1.15326

15.625 1.15326
16.0156 1.15255

16.0156 1.15255
16.4062 1.15192

16.4062 1.15191
16.7969 1.15137

16.7969 1.15137
17.1875 1.15092

17.1875 1.15092
17.5781 1.15056

17.5781 1.15056
17.9688 1.15031

17.9688 1.15031
18.3594 1.15015

18.3594 1.15015
18.75 1.15011

18.75 1.15011
19.1406 1.15016

19.1406 1.15016
19.5312 1.15032

19.5312 1.15032
19.9219 1.15059

19.9219 1.15059
20.3125 1.15095

20.3125 1.15095
20.7031 1.15141

20.7031 1.15141
21.0938 1.15196

21.0938 1.15196
21.4844 1.1526

21.4844 1.1526
21.875 1.15332

21.875 1.15332
22.2656 1.15412

22.2656 1.15412
22.6562 1.15498

22.6562 1.15498
23.0469 1.15589

23.0469 1.1559
23.4375 1.15686

23.4375 1.15686
23.8281 1.15787

23.8281 1.15787
24.2188 1.15891

24.2188 1.15891
24.6094 1.15996

24.6094 1.15997
25 1.16103

25 1.16103
25.3906 1.1621

25.3906 1.1621
25.7812 1.16315

25.7812 1.16316
26.1719 1.16419

26.1719 1.16419
26.5625 1.16519

26.5625 1.1652
26.9531 1.16616

26.9531 1.16616
27.3438 1.16707

27.3438 1.16708
27.7344 1.16793

27.7344 1.16793
28.125 1.16872

28.125 1.16872
28.5156 1.16943

28.5156 1.16944
28.9062 1.17007

28.9062 1.17007
29.2969 1.17061

29.2969 1.17062
29.6875 1.17107

29.6875 1.17107
30.0781 1.17142

30.0781 1.17143
30.4688 1.17168

30.4688 1.17168
30.8594 1.17184

30.8594 1.17185
31.0379 1.17188

31.6406 1.17182
31.2845 1.17188

31.6406 1.17182
32.0312 1.17166

32.0312 1.17166
32.4219 1.17139

32.4219 1.17139
32.8125 1.17103

32.8125 1.17102
33.2031 1.17056

33.2031 1.17056
33.5938 1.17

33.5938 1.16999
33.9844 1.16934

33.9844 1.16934
34.375 1.1686

34.375 1.1686
34.7656 1.16777

34.7656 1.16777
35.1562 1.16687

35.1562 1.16687
35.5469 1.16589

35.5469 1.16589
35.9375 1.16484

35.9375 1.16484
36.3281 1.16372

36.3281 1.16372
36.7188 1.16253

36.7188 1.16253
37.1094 1.16128

37.1094 1.16128
37.5 1.15995

37.5 1.15995
37.8906 1.15855

37.8906 1.15855
38.2812 1.15708

38.2812 1.15708
38.6719 1.15551

38.6719 1.15551
39.0625 1.15385

39.0625 1.15385
39.4531 1.15207

39.4531 1.15208
39.8438 1.15018

39.8438 1.15018
40.2344 1.14814

40.2344 1.14814
40.625 1.14594

40.625 1.14594
41.0156 1.14356

41.0156 1.14356
41.4062 1.14099

41.4062 1.14099
41.7969 1.1382

41.7969 1.13821
42.1875 1.13519

42.1875 1.1352
42.5781 1.13194

42.5781 1.13195
42.9688 1.12845

42.9688 1.12845
43.3594 1.12469

43.3594 1.12469
43.75 1.12069

43.75 1.12069
44.1406 1.11644

44.1406 1.11643
44.5312 1.11195

44.5312 1.11194
44.9219 1.10725

44.9219 1.10724
45.3125 1.10235

45.3125 1.10234
45.7031 1.09729

45.7031 1.09728
46.0938 1.09211

46.0938 1.0921
46.4844 1.08684

46.4844 1.08682
46.875 1.08152

46.875 1.08151
47.2656 1.0762

47.2656 1.07619
47.6562 1.07093

47.6562 1.07092
48.0469 1.06576

48.0469 1.06575
48.4375 1.06072

48.4375 1.06071
48.8281 1.05586

48.8281 1.05585
49.2188 1.05121

49.2188 1.0512
49.6094 1.04681

49.6094 1.04681
50 1.04269

50 1.04268
50.3906 1.03885

50.3906 1.03885
50.7812 1.03533

50.7812 1.03533
51.1719 1.03211

51.1719 1.03212
51.5625 1.02922

51.5625 1.02922
51.9531 1.02662

51.9531 1.02663
52.3438 1.02433

52.3438 1.02433
52.7344 1.02231

52.7344 1.02231
53.125 1.02054

53.125 1.02055
53.5156 1.01902

53.5156 1.01902
53.9062 1.0177

53.9062 1.01771
54.2969 1.01656

54.2969 1.01657
54.6875 1.01557

54.6875 1.01558
55.0781 1.01471

55.0781 1.01472
55.4688 1.01395

55.4688 1.01396
55.8594 1.01327

55.8594 1.01327
56.25 1.01263

56.25 1.01263
56.6406 1.01202

56.6406 1.01203
57.0312 1.01143

57.0312 1.01143
57.4219 1.01083

57.4219 1.01083
57.8125 1.01021

57.8125 1.01021
58.2031 1.00957

58.2031 1.00957
58.5938 1.00889

58.5938 1.00889
58.9844 1.00817

58.9844 1.00817
59.375 1.00741

59.375 1.00741
59.7656 1.00661

59.7656 1.00661
60.1562 1.00577

60.1562 1.00577
60.5469 1.00489

60.5469 1.00488
60.9375 1.00397

60.9375 1.00397
61.3281 1.00303

61.3281 1.00303
61.7188 1.00206

61.7188 1.00206
62.1094 1.00109

62.1094 1.09912
62.5 0.90206

62.504 0
62.5415 0.390625

62.6166 0.390625
62.5791 0.78125

62.5 1.14384
62.7563 0.78125

