6.64062 1.17181
6.28646 1.17188

6.64062 1.17182
7.03125 1.17166

7.03125 1.17166
7.42188 1.17139

7.42188 1.17139
7.8125 1.17103

7.8125 1.17103
8.20312 1.17057

8.20312 1.17057
8.59375 1.17002

8.59375 1.17001
8.98438 1.16938

8.98438 1.16937
9.375 1.16866

9.375 1.16865
9.76562 1.16786

9.76562 1.16786
10.1562 1.167

10.1562 1.167
10.5469 1.16608

10.5469 1.16608
10.9375 1.16511

10.9375 1.16511
11.3281 1.16411

11.3281 1.1641
11.7188 1.16307

11.7188 1.16307
12.1094 1.16201

12.1094 1.16201
12.5 1.16094

12.5 1.16094
12.8906 1.15988

12.8906 1.15988
13.2812 1.15882

13.2812 1.15882
13.6719 1.15779

13.6719 1.15778
14.0625 1.15678

14.0625 1.15678
14.4531 1.15582

14.4531 1.15582
14.8438 1.15491

14.8438 1.1549
15.2344 1.15405

15.2344 1.15405
15.625 1.15326

15.625 1.15326
16.0156 1.15255

16.0156 1.15255
16.4062 1.15192

16.4062 1.15191
16.7969 1.15137

16.7969 1.15137
17.1875 1.15092

17.1875 1.15092
17.5781 1.15056

17.5781 1.15056
17.9688 1.15031

17.9688 1.15031
18.3594 1.15015

18.3594 1.15015
18.75 1.15011

18.75 1.15011
19.1406 1.15016

19.1406 1.15016
19.5312 1.15032

19.5312 1.15032
19.9219 1.15059

19.9219 1.15059
20.3125 1.15095

20.3125 1.15095
20.7031 1.15141

20.7031 1.15141
21.0938 1.15196

21.0938 1.15196
21.4844 1.1526

21.4844 1.1526
21.875 1.15332

21.875 1.15332
22.2656 1.15412

22.2656 1.15412
22.6562 1.15498

22.6562 1.15498
23.0469 1.15589

23.0469 1.1559
23.4375 1.15686

23.4375 1.15686
23.8281 1.15787

23.8281 1.15787
24.2188 1.15891

24.2188 1.15891
24.6094 1.15996

24.6094 1.15996
25 1.16103

25 1.16103
25.3906 1.1621

25.3906 1.1621
25.7812 1.16315

25.7812 1.16316
26.1719 1.16419

26.1719 1.16419
26.5625 1.16519

26.5625 1.1652
26.9531 1.16616

26.9531 1.16616
27.3438 1.16707

27.3438 1.16707
27.7344 1.16793

27.7344 1.16793
28.125 1.16872

28.125 1.16872
28.5156 1.16943

28.5156 1.16943
28.9062 1.17007

28.9062 1.17007
29.2969 1.17061

29.2969 1.17061
29.6875 1.17107

29.6875 1.17107
30.0781 1.17142

30.0781 1.17142
30.4688 1.17168

30.4688 1.17167
30.8594 1.17184

31.6406 1.17181
31.2866 1.17188

31.6406 1.17182
32.0312 1.17166

32.0312 1.17166
32.4219 1.17139

32.4219 1.17139
32.8125 1.17103

32.8125 1.17103
33.2031 1.17057

33.2031 1.17057
33.5938 1.17002

33.5938 1.17001
33.9844 1.16938

33.9844 1.16937
34.375 1.16865

34.375 1.16865
34.7656 1.16786

34.7656 1.16785
35.1562 1.16699

35.1562 1.16699
35.5469 1.16606

35.5469 1.16606
35.9375 1.16509

35.9375 1.16508
36.3281 1.16406

36.3281 1.16406
36.7188 1.163

36.7188 1.163
37.1094 1.16191

37.1094 1.16191
37.5 1.1608

37.5 1.1608
37.8906 1.15967

37.8906 1.15967
38.2812 1.15853

38.2812 1.15852
38.6719 1.15738

38.6719 1.15738
39.0625 1.15622

39.0625 1.15622
39.4531 1.15506

39.4531 1.15506
39.8438 1.15389

39.8438 1.1539
40.2344 1.15272

40.2344 1.15272
40.625 1.15152

40.625 1.15152
41.0156 1.1503

41.0156 1.1503
41.4062 1.14904

41.4062 1.14904
41.7969 1.14772

41.7969 1.14773
42.1875 1.14634

42.1875 1.14634
42.5781 1.14486

42.5781 1.14487
42.9688 1.14328

42.9688 1.14329
43.3594 1.14157

43.3594 1.14158
43.75 1.13971

43.75 1.13972
44.1406 1.13768

44.1406 1.13768
44.5312 1.13545

44.5312 1.13545
44.9219 1.13301

44.9219 1.13301
45.3125 1.13034

45.3125 1.13034
45.7031 1.12743

45.7031 1.12743
46.0938 1.12427

46.0938 1.12427
46.4844 1.12085

46.4844 1.12085
46.875 1.11719

46.875 1.11719
47.2656 1.11328

47.2656 1.11328
47.6562 1.10915

47.6562 1.10914
48.0469 1.10481

48.0469 1.1048
48.4375 1.10028

48.4375 1.10027
48.8281 1.09559

48.8281 1.09558
49.2188 1.09079

49.2188 1.09078
49.6094 1.0859

49.6094 1.08589
50 1.08097

50 1.08096
50.3906 1.07604

50.3906 1.07603
50.7812 1.07115

50.7812 1.07114
51.1719 1.06634

51.1719 1.06633
51.5625 1.06164

51.5625 1.06163
51.9531 1.05709

51.9531 1.05708
52.3438 1.05271

52.3438 1.05271
52.7344 1.04854

52.7344 1.04854
53.125 1.0446

53.125 1.04459
53.5156 1.04088

53.5156 1.04088
53.9062 1.03742

53.9062 1.03742
54.2969 1.03419

54.2969 1.0342
54.6875 1.03122

54.6875 1.03122
55.0781 1.02848

55.0781 1.02848
55.4688 1.02596

55.4688 1.02597
55.8594 1.02366

55.8594 1.02366
56.25 1.02155

56.25 1.02155
56.6406 1.01961

56.6406 1.01961
57.0312 1.01783

57.0312 1.01783
57.4219 1.01618

57.4219 1.01619
57.8125 1.01465

57.8125 1.01466
58.2031 1.01322

58.2031 1.01322
58.5938 1.01187

58.5938 1.01187
58.9844 1.01058

58.9844 1.01058
59.375 1.00934

59.375 1.00934
59.7656 1.00814

59.7656 1.00814
60.1562 1.00696

60.1562 1.00697
60.5469 1.00582

60.5469 1.00582
60.9375 1.00468

60.9375 1.00469
61.3281 1.00357

61.3281 1.00357
61.7188 1.00247

61.7188 1.00247
62.1094 1.00138

62.1094 1.00138
62.5 1.00032

62.5 1.00032
62.8906 0.999272

62.8906 0.999271
63.2812 0.998254

63.2812 0.998252
63.6719 0.997267

63.6719 0.997265
64.0625 0.996318

64.0625 0.996316
64.4531 0.995413

64.4531 0.995412
64.8438 0.99456

64.8438 0.994558
65.2344 0.993764

65.2344 0.997286
65.625 0.989509

65.9229 0
65.9607 0.390625

66.0156 0.584107
65.9598 0.78125

66.0422 0.390625
66.0208 0.78125

65.625 1.1238
66.0156 0.861596

66.0156 1.09045
66.1735 0.78125

