6.64062 1.17181
6.28619 1.17188

6.64062 1.17182
7.03125 1.17166

7.03125 1.17166
7.42188 1.17139

7.42188 1.17139
7.8125 1.17103

7.8125 1.17103
8.20312 1.17057

8.20312 1.17057
8.59375 1.17002

8.59375 1.17001
8.98438 1.16938

8.98438 1.16937
9.375 1.16866

9.375 1.16865
9.76562 1.16786

9.76562 1.16786
10.1562 1.167

10.1562 1.167
10.5469 1.16608

10.5469 1.16608
10.9375 1.16511

10.9375 1.16511
11.3281 1.16411

11.3281 1.1641
11.7188 1.16307

11.7188 1.16307
12.1094 1.16201

12.1094 1.16201
12.5 1.16094

12.5 1.16094
12.8906 1.15988

12.8906 1.15988
13.2812 1.15882

13.2812 1.15882
13.6719 1.15779

13.6719 1.15778
14.0625 1.15678

14.0625 1.15678
14.4531 1.15582

14.4531 1.15582
14.8438 1.15491

14.8438 1.1549
15.2344 1.15405

15.2344 1.15405
15.625 1.15326

15.625 1.15326
16.0156 1.15255

16.0156 1.15255
16.4062 1.15192

16.4062 1.15191
16.7969 1.15137

16.7969 1.15137
17.1875 1.15092

17.1875 1.15092
17.5781 1.15056

17.5781 1.15056
17.9688 1.15031

17.9688 1.15031
18.3594 1.15015

18.3594 1.15015
18.75 1.15011

18.75 1.15011
19.1406 1.15016

19.1406 1.15016
19.5312 1.15032

19.5312 1.15032
19.9219 1.15059

19.9219 1.15059
20.3125 1.15095

20.3125 1.15095
20.7031 1.15141

20.7031 1.15141
21.0938 1.15196

21.0938 1.15196
21.4844 1.1526

21.4844 1.1526
21.875 1.15332

21.875 1.15332
22.2656 1.15412

22.2656 1.15412
22.6562 1.15498

22.6562 1.15498
23.0469 1.15589

23.0469 1.1559
23.4375 1.15686

23.4375 1.15686
23.8281 1.15787

23.8281 1.15787
24.2188 1.1589

24.2188 1.15891
24.6094 1.15996

24.6094 1.15996
25 1.16103

25 1.16103
25.3906 1.1621

25.3906 1.1621
25.7812 1.16315

25.7812 1.16316
26.1719 1.16419

26.1719 1.16419
26.5625 1.16519

26.5625 1.1652
26.9531 1.16616

26.9531 1.16616
27.3438 1.16707

27.3438 1.16707
27.7344 1.16793

27.7344 1.16793
28.125 1.16872

28.125 1.16872
28.5156 1.16943

28.5156 1.16943
28.9062 1.17006

28.9062 1.17007
29.2969 1.17061

29.2969 1.17061
29.6875 1.17106

29.6875 1.17107
30.0781 1.17142

30.0781 1.17142
30.4688 1.17168

30.4688 1.17167
30.8594 1.17183

31.6406 1.17181
31.2868 1.17188

31.6406 1.17182
32.0312 1.17166

32.0312 1.17166
32.4219 1.17139

32.4219 1.17139
32.8125 1.17103

32.8125 1.17103
33.2031 1.17057

33.2031 1.17057
33.5938 1.17002

33.5938 1.17001
33.9844 1.16938

33.9844 1.16937
34.375 1.16866

34.375 1.16865
34.7656 1.16786

34.7656 1.16786
35.1562 1.167

35.1562 1.167
35.5469 1.16608

35.5469 1.16608
35.9375 1.16511

35.9375 1.16511
36.3281 1.16411

36.3281 1.1641
36.7188 1.16307

36.7188 1.16307
37.1094 1.16201

37.1094 1.16201
37.5 1.16095

37.5 1.16094
37.8906 1.15988

37.8906 1.15988
38.2812 1.15882

38.2812 1.15882
38.6719 1.15779

38.6719 1.15779
39.0625 1.15678

39.0625 1.15678
39.4531 1.15582

39.4531 1.15582
39.8438 1.15491

39.8438 1.1549
40.2344 1.15405

40.2344 1.15405
40.625 1.15326

40.625 1.15326
41.0156 1.15255

41.0156 1.15254
41.4062 1.15191

41.4062 1.15191
41.7969 1.15136

41.7969 1.15136
42.1875 1.15091

42.1875 1.15091
42.5781 1.15055

42.5781 1.15055
42.9688 1.15028

42.9688 1.15028
43.3594 1.15012

43.3594 1.15012
43.75 1.15005

43.75 1.15005
44.1406 1.15008

44.1406 1.15009
44.5312 1.15021

44.5312 1.15021
44.9219 1.15043

44.9219 1.15044
45.3125 1.15074

45.3125 1.15074
45.7031 1.15112

45.7031 1.15113
46.0938 1.15158

46.0938 1.15158
46.4844 1.15209

46.4844 1.15209
46.875 1.15265

46.875 1.15265
47.2656 1.15323

47.2656 1.15324
47.6562 1.15383

47.6562 1.15383
48.0469 1.15442

48.0469 1.15443
48.4375 1.15499

48.4375 1.15499
48.8281 1.1555

48.8281 1.15551
49.2188 1.15594

49.2188 1.15594
49.6094 1.15627

49.6094 1.15628
50 1.15648

50 1.15648
50.3906 1.15652

50.3906 1.15653
50.7812 1.15638

50.7812 1.15638
51.1719 1.15602

51.1719 1.15602
51.5625 1.15541

51.5625 1.15541
51.9531 1.15452

51.9531 1.15453
52.3438 1.15334

52.3438 1.15334
52.7344 1.15183

52.7344 1.15183
53.125 1.14997

53.125 1.14998
53.5156 1.14776

53.5156 1.14776
53.9062 1.14516

53.9062 1.14517
54.2969 1.14219

54.2969 1.14219
54.6875 1.13883

54.6875 1.13883
55.0781 1.1351

55.0781 1.13509
55.4688 1.13099

55.4688 1.13099
55.8594 1.12653

55.8594 1.12652
56.25 1.12174

56.25 1.12173
56.6406 1.11665

56.6406 1.11664
57.0312 1.11128

57.0312 1.11127
57.4219 1.10568

57.4219 1.10567
57.8125 1.09989

57.8125 1.09988
58.2031 1.09394

58.2031 1.09393
58.5938 1.08789

58.5938 1.08788
58.9844 1.08179

58.9844 1.08177
59.375 1.07566

59.375 1.07565
59.7656 1.06957

59.7656 1.06956
60.1562 1.06356

60.1562 1.06355
60.5469 1.05766

60.5469 1.05765
60.9375 1.05192

60.9375 1.05191
61.3281 1.04636

61.3281 1.04635
61.7188 1.04102

61.7188 1.04101
62.1094 1.03592

62.1094 1.03591
62.5 1.03108

62.5 1.03107
62.8906 1.02652

62.8906 1.02652
63.2812 1.02225

63.2812 1.02225
63.6719 1.01828

63.6719 1.01828
64.0625 1.01462

64.0625 1.01462
64.4531 1.01125

64.4531 1.01126
64.8438 1.00819

64.8438 1.00819
65.2344 1.00543

65.2344 1.00543
65.625 1.00295

65.625 1.00295
66.0156 1.00075

66.0156 1.00076
66.4062 0.998827

66.4062 0.99883
66.7969 0.997159

66.7969 0.997162
67.1875 0.995737

67.1875 0.99574
67.5781 0.994549

67.5781 0.994553
67.9688 0.993583

67.9688 0.993586
68.3594 0.992824

68.3594 0.992827
68.75 0.992261

68.75 0.992265
69.1406 0.991881

69.1406 0.991884
69.5312 0.991672

69.5312 0.991675
69.9219 0.99162

69.9219 0.991623
70.3125 0.991715

70.3125 0.991718
70.7031 0.991944

70.7031 0.991947
71.0938 0.992296

71.0938 0.992299
71.4844 0.992759

71.4844 0.992762
71.875 0.993323

71.875 0.993325
72.2656 0.993975

72.2656 0.993978
72.6562 0.994706

72.6562 0.994708
73.0469 0.995503

73.0469 0.995506
73.4375 0.996357

73.4375 0.996359
73.8281 0.997256

73.8281 0.997258
74.2188 0.998189

74.2188 0.998192
74.6094 0.999146

74.6094 0.999149
75 1.00012

75 1.00012
75.3906 1.00109

75.3906 1.00109
75.7812 1.00206

75.7812 1.00206
76.1719 1.003

76.1719 1.00301
76.5625 1.00393

77.0628 0
77.0996 0.390625

77.1836 0.390625
77.1261 0.78125

76.5625 1.06202
76.9531 0.946726

76.9531 1.16679
77.319 0.78125

