6.64062 1.17181
6.28606 1.17188

6.64062 1.17182
7.03125 1.17166

7.03125 1.17166
7.42188 1.17139

7.42188 1.17139
7.8125 1.17103

7.8125 1.17103
8.20312 1.17057

8.20312 1.17057
8.59375 1.17002

8.59375 1.17001
8.98438 1.16938

8.98438 1.16937
9.375 1.16866

9.375 1.16865
9.76562 1.16786

9.76562 1.16786
10.1562 1.167

10.1562 1.167
10.5469 1.16608

10.5469 1.16608
10.9375 1.16511

10.9375 1.16511
11.3281 1.16411

11.3281 1.1641
11.7188 1.16307

11.7188 1.16307
12.1094 1.16201

12.1094 1.16201
12.5 1.16094

12.5 1.16094
12.8906 1.15988

12.8906 1.15988
13.2812 1.15882

13.2812 1.15882
13.6719 1.15779

13.6719 1.15778
14.0625 1.15678

14.0625 1.15678
14.4531 1.15582

14.4531 1.15582
14.8438 1.15491

14.8438 1.1549
15.2344 1.15405

15.2344 1.15405
15.625 1.15326

15.625 1.15326
16.0156 1.15255

16.0156 1.15255
16.4062 1.15191

16.4062 1.15191
16.7969 1.15137

16.7969 1.15137
17.1875 1.15092

17.1875 1.15092
17.5781 1.15056

17.5781 1.15056
17.9688 1.15031

17.9688 1.15031
18.3594 1.15015

18.3594 1.15015
18.75 1.1501

18.75 1.1501
19.1406 1.15016

19.1406 1.15016
19.5312 1.15032

19.5312 1.15032
19.9219 1.15059

19.9219 1.15059
20.3125 1.15095

20.3125 1.15095
20.7031 1.15141

20.7031 1.15141
21.0938 1.15196

21.0938 1.15196
21.4844 1.1526

21.4844 1.1526
21.875 1.15332

21.875 1.15332
22.2656 1.15411

22.2656 1.15412
22.6562 1.15497

22.6562 1.15498
23.0469 1.15589

23.0469 1.1559
23.4375 1.15686

23.4375 1.15686
23.8281 1.15787

23.8281 1.15787
24.2188 1.1589

24.2188 1.15891
24.6094 1.15996

24.6094 1.15996
25 1.16103

25 1.16103
25.3906 1.1621

25.3906 1.1621
25.7812 1.16315

25.7812 1.16315
26.1719 1.16419

26.1719 1.16419
26.5625 1.16519

26.5625 1.16519
26.9531 1.16616

26.9531 1.16616
27.3438 1.16707

27.3438 1.16707
27.7344 1.16793

27.7344 1.16793
28.125 1.16872

28.125 1.16872
28.5156 1.16943

28.5156 1.16943
28.9062 1.17006

28.9062 1.17007
29.2969 1.17061

29.2969 1.17061
29.6875 1.17106

29.6875 1.17106
30.0781 1.17142

30.0781 1.17142
30.4688 1.17168

30.4688 1.17167
30.8594 1.17183

31.6406 1.17181
31.2858 1.17188

31.6406 1.17182
32.0312 1.17166

32.0312 1.17166
32.4219 1.17139

32.4219 1.17139
32.8125 1.17103

32.8125 1.17103
33.2031 1.17057

33.2031 1.17057
33.5938 1.17002

33.5938 1.17001
33.9844 1.16938

33.9844 1.16937
34.375 1.16865

34.375 1.16865
34.7656 1.16786

34.7656 1.16786
35.1562 1.167

35.1562 1.167
35.5469 1.16608

35.5469 1.16608
35.9375 1.16511

35.9375 1.16511
36.3281 1.16411

36.3281 1.1641
36.7188 1.16307

36.7188 1.16307
37.1094 1.16201

37.1094 1.16201
37.5 1.16094

37.5 1.16094
37.8906 1.15988

37.8906 1.15988
38.2812 1.15882

38.2812 1.15882
38.6719 1.15779

38.6719 1.15778
39.0625 1.15678

39.0625 1.15678
39.4531 1.15582

39.4531 1.15582
39.8438 1.15491

39.8438 1.1549
40.2344 1.15405

40.2344 1.15405
40.625 1.15326

40.625 1.15326
41.0156 1.15255

41.0156 1.15255
41.4062 1.15192

41.4062 1.15191
41.7969 1.15137

41.7969 1.15137
42.1875 1.15092

42.1875 1.15092
42.5781 1.15056

42.5781 1.15056
42.9688 1.15031

42.9688 1.15031
43.3594 1.15015

43.3594 1.15015
43.75 1.15011

43.75 1.15011
44.1406 1.15016

44.1406 1.15016
44.5312 1.15032

44.5312 1.15032
44.9219 1.15059

44.9219 1.15059
45.3125 1.15095

45.3125 1.15095
45.7031 1.15141

45.7031 1.15141
46.0938 1.15196

46.0938 1.15196
46.4844 1.1526

46.4844 1.1526
46.875 1.15332

46.875 1.15332
47.2656 1.15412

47.2656 1.15412
47.6562 1.15498

47.6562 1.15498
48.0469 1.15589

48.0469 1.1559
48.4375 1.15686

48.4375 1.15686
48.8281 1.15787

48.8281 1.15787
49.2188 1.15891

49.2188 1.15891
49.6094 1.15996

49.6094 1.15997
50 1.16103

50 1.16103
50.3906 1.1621

50.3906 1.1621
50.7812 1.16315

50.7812 1.16316
51.1719 1.16419

51.1719 1.16419
51.5625 1.16519

51.5625 1.16519
51.9531 1.16616

51.9531 1.16616
52.3438 1.16707

52.3438 1.16707
52.7344 1.16792

52.7344 1.16792
53.125 1.16871

53.125 1.16871
53.5156 1.16942

53.5156 1.16942
53.9062 1.17005

53.9062 1.17005
54.2969 1.17059

54.2969 1.17059
54.6875 1.17103

54.6875 1.17103
55.0781 1.17137

55.0781 1.17137
55.4688 1.17161

55.4688 1.17161
55.8594 1.17173

55.8594 1.17173
56.25 1.17175

56.25 1.17175
56.6406 1.17165

56.6406 1.17165
57.0312 1.17143

57.0312 1.17143
57.4219 1.1711

57.4219 1.1711
57.8125 1.17064

57.8125 1.17064
58.2031 1.17007

58.2031 1.17007
58.5938 1.16937

58.5938 1.16937
58.9844 1.16855

58.9844 1.16855
59.375 1.16762

59.375 1.16762
59.7656 1.16656

59.7656 1.16656
60.1562 1.16537

60.1562 1.16537
60.5469 1.16407

60.5469 1.16407
60.9375 1.16264

60.9375 1.16264
61.3281 1.16108

61.3281 1.16108
61.7188 1.1594

61.7188 1.1594
62.1094 1.15759

62.1094 1.15759
62.5 1.15565

62.5 1.15565
62.8906 1.15357

62.8906 1.15357
63.2812 1.15135

63.2812 1.15136
63.6719 1.149

63.6719 1.149
64.0625 1.1465

64.0625 1.1465
64.4531 1.14386

64.4531 1.14386
64.8438 1.14107

64.8438 1.14107
65.2344 1.13814

65.2344 1.13814
65.625 1.13506

65.625 1.13506
66.0156 1.13183

66.0156 1.13183
66.4062 1.12845

66.4062 1.12845
66.7969 1.12494

66.7969 1.12494
67.1875 1.12129

67.1875 1.12129
67.5781 1.11752

67.5781 1.11752
67.9688 1.11363

67.9688 1.11363
68.3594 1.10963

68.3594 1.10963
68.75 1.10555

68.75 1.10554
69.1406 1.10138

69.1406 1.10137
69.5312 1.09715

69.5312 1.09714
69.9219 1.09288

69.9219 1.09287
70.3125 1.08858

70.3125 1.08858
70.7031 1.08428

70.7031 1.08428
71.0938 1.08

71.0938 1.08
71.4844 1.07576

71.4844 1.07576
71.875 1.07158

71.875 1.07158
72.2656 1.06748

72.2656 1.06748
72.6562 1.06348

72.6562 1.06348
73.0469 1.0596

73.0469 1.0596
73.4375 1.05586

73.4375 1.05585
73.8281 1.05226

73.8281 1.05226
74.2188 1.04884

74.2188 1.04883
74.6094 1.04558

74.6094 1.04558
75 1.04251

75 1.04251
75.3906 1.03963

75.3906 1.03963
75.7812 1.03694

75.7812 1.03694
76.1719 1.03444

76.1719 1.03444
76.5625 1.03213

76.5625 1.03213
76.9531 1.03

76.9531 1.03
77.3438 1.02804

77.3438 1.02804
77.7344 1.02625

77.7344 1.02625
78.125 1.02461

78.125 1.02462
78.5156 1.02312

78.5156 1.02312
78.9062 1.02175

78.9062 1.02176
79.2969 1.0205

79.2969 1.0205
79.6875 1.01934

79.6875 1.01935
80.0781 1.01827

80.0781 1.01827
80.4688 1.01726

80.4688 1.01727
80.8594 1.01631

80.8594 1.01632
81.25 1.0154

81.25 1.01541
81.6406 1.01452

81.6406 1.01452
82.0312 1.01365

82.0312 1.01366
82.4219 1.01279

82.4219 1.01279
82.8125 1.01193

82.8125 1.01193
83.2031 1.01106

83.2031 1.01106
83.5938 1.01017

83.5938 1.01017
83.9844 1.00926

83.9844 1.00926
84.375 1.00833

84.375 1.00833
84.7656 1.00738

84.7656 1.00738
85.1562 1.00641

85.1562 1.00641
85.5469 1.00541

85.5469 1.00541
85.9375 1.0044

85.9375 1.0044
86.3281 1.00338

86.3281 1.00338
86.7188 1.00234

86.7188 1.00234
87.1094 1.00131

87.1094 1.00131
87.5 1.00028

87.5 1.00027
87.8906 0.999255

87.8906 0.999254
88.2812 0.998252

88.2812 0.998251
88.6719 0.997275

88.6719 0.997273
89.0625 0.996332

89.0625 0.99633
89.4531 0.99543

89.4531 0.995428
89.8438 0.994576

89.8438 0.994575
90.2344 0.993779

90.2344 0.993778
90.625 0.993046

90.625 0.993044
91.0156 0.992382

91.0156 0.99238
91.4062 0.991794

91.4062 0.991792
91.7969 0.991287

91.7969 0.991285
92.1875 0.990865

92.1875 0.990864
92.5781 0.990533

92.5781 0.990532
92.9688 0.990294

92.9688 0.990293
93.3594 0.990149

93.3594 0.990149
93.75 0.9901

94.2333 0
94.271 0.390625

94.3608 0.390625
94.2942 0.78125

93.75 1.05328
94.1406 0.926964

94.1406 1.14488
94.4844 0.78125

