6.64062 1.17181
6.28648 1.17188

6.64062 1.17182
7.03125 1.17166

7.03125 1.17166
7.42188 1.17139

7.42188 1.17139
7.8125 1.17103

7.8125 1.17103
8.20312 1.17057

8.20312 1.17057
8.59375 1.17002

8.59375 1.17001
8.98438 1.16938

8.98438 1.16937
9.375 1.16866

9.375 1.16865
9.76562 1.16786

9.76562 1.16786
10.1562 1.167

10.1562 1.167
10.5469 1.16608

10.5469 1.16608
10.9375 1.16511

10.9375 1.16511
11.3281 1.16411

11.3281 1.1641
11.7188 1.16307

11.7188 1.16307
12.1094 1.16201

12.1094 1.16201
12.5 1.16094

12.5 1.16094
12.8906 1.15988

12.8906 1.15988
13.2812 1.15882

13.2812 1.15882
13.6719 1.15779

13.6719 1.15778
14.0625 1.15678

14.0625 1.15678
14.4531 1.15582

14.4531 1.15582
14.8438 1.15491

14.8438 1.1549
15.2344 1.15405

15.2344 1.15405
15.625 1.15326

15.625 1.15326
16.0156 1.15255

16.0156 1.15255
16.4062 1.15192

16.4062 1.15191
16.7969 1.15137

16.7969 1.15137
17.1875 1.15092

17.1875 1.15092
17.5781 1.15056

17.5781 1.15056
17.9688 1.15031

17.9688 1.15031
18.3594 1.15015

18.3594 1.15015
18.75 1.15011

18.75 1.15011
19.1406 1.15016

19.1406 1.15016
19.5312 1.15032

19.5312 1.15032
19.9219 1.15059

19.9219 1.15059
20.3125 1.15095

20.3125 1.15095
20.7031 1.15141

20.7031 1.15141
21.0938 1.15196

21.0938 1.15196
21.4844 1.1526

21.4844 1.1526
21.875 1.15332

21.875 1.15332
22.2656 1.15411

22.2656 1.15412
22.6562 1.15498

22.6562 1.15498
23.0469 1.15589

23.0469 1.1559
23.4375 1.15686

23.4375 1.15686
23.8281 1.15787

23.8281 1.15787
24.2188 1.1589

24.2188 1.15891
24.6094 1.15996

24.6094 1.15996
25 1.16103

25 1.16103
25.3906 1.1621

25.3906 1.1621
25.7812 1.16315

25.7812 1.16316
26.1719 1.16419

26.1719 1.16419
26.5625 1.16519

26.5625 1.1652
26.9531 1.16616

26.9531 1.16616
27.3438 1.16707

27.3438 1.16707
27.7344 1.16793

27.7344 1.16793
28.125 1.16872

28.125 1.16872
28.5156 1.16943

28.5156 1.16944
28.9062 1.17007

28.9062 1.17007
29.2969 1.17061

29.2969 1.17061
29.6875 1.17107

29.6875 1.17107
30.0781 1.17142

30.0781 1.17142
30.4688 1.17168

30.4688 1.17168
30.8594 1.17184

31.6406 1.17181
31.2875 1.17188

31.6406 1.17182
32.0312 1.17166

32.0312 1.17166
32.4219 1.17139

32.4219 1.17139
32.8125 1.17103

32.8125 1.17103
33.2031 1.17056

33.2031 1.17056
33.5938 1.17

33.5938 1.17
33.9844 1.16935

33.9844 1.16935
34.375 1.16862

34.375 1.16862
34.7656 1.1678

34.7656 1.1678
35.1562 1.16691

35.1562 1.16691
35.5469 1.16595

35.5469 1.16595
35.9375 1.16492

35.9375 1.16492
36.3281 1.16383

36.3281 1.16383
36.7188 1.16268

36.7188 1.16268
37.1094 1.16147

37.1094 1.16147
37.5 1.16021

37.5 1.16021
37.8906 1.15889

37.8906 1.15889
38.2812 1.1575

38.2812 1.15751
38.6719 1.15605

38.6719 1.15606
39.0625 1.15453

39.0625 1.15453
39.4531 1.15291

39.4531 1.15292
39.8438 1.1512

39.8438 1.1512
40.2344 1.14938

40.2344 1.14938
40.625 1.14742

40.625 1.14742
41.0156 1.14532

41.0156 1.14532
41.4062 1.14305

41.4062 1.14305
41.7969 1.14059

41.7969 1.1406
42.1875 1.13794

42.1875 1.13794
42.5781 1.13507

42.5781 1.13507
42.9688 1.13196

42.9688 1.13196
43.3594 1.12861

43.3594 1.12861
43.75 1.12502

43.75 1.12502
44.1406 1.12117

44.1406 1.12117
44.5312 1.11708

44.5312 1.11708
44.9219 1.11275

44.9219 1.11275
45.3125 1.10821

45.3125 1.1082
45.7031 1.10346

45.7031 1.10346
46.0938 1.09855

46.0938 1.09854
46.4844 1.0935

46.4844 1.09349
46.875 1.08835

46.875 1.08834
47.2656 1.08315

47.2656 1.08314
47.6562 1.07793

47.6562 1.07791
48.0469 1.07274

48.0469 1.07273
48.4375 1.06762

48.4375 1.06761
48.8281 1.06263

48.8281 1.06262
49.2188 1.05779

49.2188 1.05778
49.6094 1.05315

49.6094 1.05314
50 1.04874

50 1.04873
50.3906 1.04459

50.3906 1.04458
50.7812 1.04071

50.7812 1.04071
51.1719 1.03712

51.1719 1.03712
51.5625 1.03383

51.5625 1.03383
51.9531 1.03084

51.9531 1.03085
52.3438 1.02815

52.3438 1.02816
52.7344 1.02574

52.7344 1.02575
53.125 1.02361

53.125 1.02361
53.5156 1.02172

53.5156 1.02173
53.9062 1.02007

53.9062 1.02007
54.2969 1.01861

54.2969 1.01862
54.6875 1.01734

54.6875 1.01735
55.0781 1.01622

55.0781 1.01623
55.4688 1.01522

55.4688 1.01523
55.8594 1.01433

55.8594 1.01434
56.25 1.01351

56.25 1.01352
56.6406 1.01275

56.6406 1.01275
57.0312 1.01202

57.0312 1.01202
57.4219 1.0113

57.4219 1.0113
57.8125 1.01059

57.8125 1.01059
58.2031 1.00986

58.2031 1.00987
58.5938 1.00912

58.5938 1.00912
58.9844 1.00835

58.9844 1.00835
59.375 1.00755

59.375 1.00755
59.7656 1.00671

59.7656 1.00671
60.1562 1.00584

60.1562 1.00584
60.5469 1.00494

60.5469 1.00494
60.9375 1.00401

60.9375 1.00401
61.3281 1.00306

61.3281 1.00305
61.7188 1.00208

61.7188 1.00208
62.1094 1.0011

62.1094 1.0011
62.5 1.00011

63.0878 0
63.1253 0.390625

63.2222 0.390625
63.1411 0.78125

62.5 1.02624
62.8906 0.972993

62.8906 1.15443
63.2812 0.83296

63.2812 0.941845
63.3465 0.78125

