6.64062 1.17181
6.28617 1.17188

6.64062 1.17182
7.03125 1.17166

7.03125 1.17166
7.42188 1.17139

7.42188 1.17139
7.8125 1.17103

7.8125 1.17103
8.20312 1.17057

8.20312 1.17057
8.59375 1.17002

8.59375 1.17001
8.98438 1.16938

8.98438 1.16937
9.375 1.16866

9.375 1.16865
9.76562 1.16786

9.76562 1.16786
10.1562 1.167

10.1562 1.167
10.5469 1.16608

10.5469 1.16608
10.9375 1.16511

10.9375 1.16511
11.3281 1.16411

11.3281 1.1641
11.7188 1.16307

11.7188 1.16307
12.1094 1.16201

12.1094 1.16201
12.5 1.16094

12.5 1.16094
12.8906 1.15988

12.8906 1.15988
13.2812 1.15882

13.2812 1.15882
13.6719 1.15779

13.6719 1.15778
14.0625 1.15678

14.0625 1.15678
14.4531 1.15582

14.4531 1.15582
14.8438 1.15491

14.8438 1.1549
15.2344 1.15405

15.2344 1.15405
15.625 1.15326

15.625 1.15326
16.0156 1.15255

16.0156 1.15255
16.4062 1.15192

16.4062 1.15191
16.7969 1.15137

16.7969 1.15137
17.1875 1.15092

17.1875 1.15092
17.5781 1.15056

17.5781 1.15056
17.9688 1.15031

17.9688 1.15031
18.3594 1.15015

18.3594 1.15015
18.75 1.15011

18.75 1.15011
19.1406 1.15016

19.1406 1.15016
19.5312 1.15032

19.5312 1.15032
19.9219 1.15059

19.9219 1.15059
20.3125 1.15095

20.3125 1.15095
20.7031 1.15141

20.7031 1.15141
21.0938 1.15196

21.0938 1.15196
21.4844 1.1526

21.4844 1.1526
21.875 1.15332

21.875 1.15332
22.2656 1.15411

22.2656 1.15412
22.6562 1.15498

22.6562 1.15498
23.0469 1.15589

23.0469 1.1559
23.4375 1.15686

23.4375 1.15686
23.8281 1.15787

23.8281 1.15787
24.2188 1.1589

24.2188 1.15891
24.6094 1.15996

24.6094 1.15996
25 1.16103

25 1.16103
25.3906 1.1621

25.3906 1.1621
25.7812 1.16315

25.7812 1.16315
26.1719 1.16419

26.1719 1.16419
26.5625 1.16519

26.5625 1.16519
26.9531 1.16616

26.9531 1.16616
27.3438 1.16707

27.3438 1.16707
27.7344 1.16793

27.7344 1.16793
28.125 1.16872

28.125 1.16872
28.5156 1.16943

28.5156 1.16943
28.9062 1.17006

28.9062 1.17007
29.2969 1.17061

29.2969 1.17061
29.6875 1.17106

29.6875 1.17106
30.0781 1.17142

30.0781 1.17142
30.4688 1.17168

30.4688 1.17167
30.8594 1.17183

31.6406 1.17181
31.286 1.17188

31.6406 1.17182
32.0312 1.17166

32.0312 1.17166
32.4219 1.17139

32.4219 1.17139
32.8125 1.17103

32.8125 1.17103
33.2031 1.17057

33.2031 1.17057
33.5938 1.17002

33.5938 1.17001
33.9844 1.16938

33.9844 1.16937
34.375 1.16866

34.375 1.16865
34.7656 1.16786

34.7656 1.16786
35.1562 1.167

35.1562 1.167
35.5469 1.16608

35.5469 1.16608
35.9375 1.16511

35.9375 1.16511
36.3281 1.16411

36.3281 1.1641
36.7188 1.16307

36.7188 1.16307
37.1094 1.16201

37.1094 1.16201
37.5 1.16094

37.5 1.16094
37.8906 1.15988

37.8906 1.15988
38.2812 1.15882

38.2812 1.15882
38.6719 1.15779

38.6719 1.15778
39.0625 1.15678

39.0625 1.15678
39.4531 1.15582

39.4531 1.15582
39.8438 1.15491

39.8438 1.1549
40.2344 1.15405

40.2344 1.15405
40.625 1.15326

40.625 1.15326
41.0156 1.15255

41.0156 1.15255
41.4062 1.15192

41.4062 1.15191
41.7969 1.15137

41.7969 1.15137
42.1875 1.15092

42.1875 1.15092
42.5781 1.15056

42.5781 1.15056
42.9688 1.15031

42.9688 1.15031
43.3594 1.15015

43.3594 1.15015
43.75 1.15011

43.75 1.15011
44.1406 1.15016

44.1406 1.15016
44.5312 1.15032

44.5312 1.15032
44.9219 1.15058

44.9219 1.15058
45.3125 1.15095

45.3125 1.15095
45.7031 1.1514

45.7031 1.1514
46.0938 1.15195

46.0938 1.15195
46.4844 1.15259

46.4844 1.15259
46.875 1.1533

46.875 1.1533
47.2656 1.15408

47.2656 1.15409
47.6562 1.15493

47.6562 1.15493
48.0469 1.15583

48.0469 1.15583
48.4375 1.15677

48.4375 1.15677
48.8281 1.15774

48.8281 1.15774
49.2188 1.15873

49.2188 1.15873
49.6094 1.15972

49.6094 1.15973
50 1.16071

50 1.16071
50.3906 1.16167

50.3906 1.16167
50.7812 1.16259

50.7812 1.1626
51.1719 1.16346

51.1719 1.16346
51.5625 1.16425

51.5625 1.16425
51.9531 1.16495

51.9531 1.16495
52.3438 1.16554

52.3438 1.16554
52.7344 1.16599

52.7344 1.166
53.125 1.16629

53.125 1.1663
53.5156 1.16642

53.5156 1.16643
53.9062 1.16635

53.9062 1.16636
54.2969 1.16607

54.2969 1.16607
54.6875 1.16555

54.6875 1.16555
55.0781 1.16476

55.0781 1.16477
55.4688 1.1637

55.4688 1.1637
55.8594 1.16234

55.8594 1.16234
56.25 1.16066

56.25 1.16066
56.6406 1.15865

56.6406 1.15865
57.0312 1.15629

57.0312 1.15629
57.4219 1.15358

57.4219 1.15359
57.8125 1.15052

57.8125 1.15052
58.2031 1.14709

58.2031 1.14709
58.5938 1.14331

58.5938 1.14331
58.9844 1.13918

58.9844 1.13917
59.375 1.1347

59.375 1.1347
59.7656 1.12991

59.7656 1.1299
60.1562 1.12482

60.1562 1.12481
60.5469 1.11945

60.5469 1.11944
60.9375 1.11384

60.9375 1.11383
61.3281 1.10802

61.3281 1.10801
61.7188 1.10203

61.7188 1.10202
62.1094 1.09591

62.1094 1.0959
62.5 1.08971

62.5 1.0897
62.8906 1.08346

62.8906 1.08345
63.2812 1.07721

63.2812 1.0772
63.6719 1.071

63.6719 1.07099
64.0625 1.06488

64.0625 1.06487
64.4531 1.05889

64.4531 1.05888
64.8438 1.05307

64.8438 1.05306
65.2344 1.04746

65.2344 1.04745
65.625 1.04208

65.625 1.04207
66.0156 1.03696

66.0156 1.03696
66.4062 1.03214

66.4062 1.03213
66.7969 1.02762

66.7969 1.02762
67.1875 1.02344

67.1875 1.02343
67.5781 1.01959

67.5781 1.01958
67.9688 1.01608

67.9688 1.01608
68.3594 1.01292

68.3594 1.01292
68.75 1.01011

68.75 1.01011
69.1406 1.00764

69.1406 1.00764
69.5312 1.0055

69.5312 1.00551
69.9219 1.00369

69.9219 1.00369
70.3125 1.00218

70.3125 1.00218
70.7031 1.00097

70.7031 1.00097
71.0938 1.00003

71.0938 1.00003
71.4844 0.999343

71.4844 0.999349
71.875 0.998896

71.875 0.998901
72.2656 0.998663

72.2656 0.998669
72.6562 0.998624

72.6562 0.99863
73.0469 0.998758

73.0469 0.998763
73.4375 0.999043

73.4375 0.999048
73.8281 0.999457

73.8281 0.999462
74.2188 0.999982

74.2188 0.999987
74.6094 1.0006

74.6094 1.0006
75 1.00128

75 1.00128
75.3906 1.00202

75.3906 1.00202
75.7812 1.00279

75.7812 1.00279
76.1719 1.00358

76.1719 1.00358
76.5625 1.00438

76.5625 1.00438
76.9531 1.00516

76.9531 1.00516
77.3438 1.00592

77.3438 1.00592
77.7344 1.00664

77.7344 1.00664
78.125 1.00732

78.125 1.00732
78.5156 1.00794

78.5156 1.00794
78.9062 1.00849

78.9062 1.0085
79.2969 1.00898

79.2969 1.00898
79.6875 1.00938

79.6875 1.00938
80.0781 1.0097

80.0781 1.0097
80.4688 1.00993

80.4688 1.00993
80.8594 1.01006

80.8594 1.01006
81.25 1.01011

81.25 1.01011
81.6406 1.01006

81.6406 1.01006
82.0312 1.00991

82.0312 1.00991
82.4219 1.00967

82.4219 1.01276
82.8125 1.00625

83.1148 0
83.1521 0.390625

83.2031 0.579254
83.1554 0.78125

83.2132 0.390625
83.2278 0.78125

82.8125 1.14179
83.2031 0.876466

83.2031 1.11182
83.3705 0.78125

