6.64062 1.17181
6.28597 1.17188

6.64062 1.17182
7.03125 1.17166

7.03125 1.17166
7.42188 1.17139

7.42188 1.17139
7.8125 1.17103

7.8125 1.17103
8.20312 1.17057

8.20312 1.17057
8.59375 1.17002

8.59375 1.17001
8.98438 1.16938

8.98438 1.16937
9.375 1.16866

9.375 1.16865
9.76562 1.16786

9.76562 1.16786
10.1562 1.167

10.1562 1.167
10.5469 1.16608

10.5469 1.16608
10.9375 1.16511

10.9375 1.16511
11.3281 1.16411

11.3281 1.1641
11.7188 1.16307

11.7188 1.16307
12.1094 1.16201

12.1094 1.16201
12.5 1.16094

12.5 1.16094
12.8906 1.15988

12.8906 1.15988
13.2812 1.15882

13.2812 1.15882
13.6719 1.15779

13.6719 1.15778
14.0625 1.15678

14.0625 1.15678
14.4531 1.15582

14.4531 1.15582
14.8438 1.15491

14.8438 1.1549
15.2344 1.15405

15.2344 1.15405
15.625 1.15326

15.625 1.15326
16.0156 1.15255

16.0156 1.15255
16.4062 1.15191

16.4062 1.15191
16.7969 1.15137

16.7969 1.15137
17.1875 1.15092

17.1875 1.15092
17.5781 1.15056

17.5781 1.15056
17.9688 1.15031

17.9688 1.15031
18.3594 1.15015

18.3594 1.15015
18.75 1.1501

18.75 1.1501
19.1406 1.15016

19.1406 1.15016
19.5312 1.15032

19.5312 1.15032
19.9219 1.15059

19.9219 1.15059
20.3125 1.15095

20.3125 1.15095
20.7031 1.15141

20.7031 1.15141
21.0938 1.15196

21.0938 1.15196
21.4844 1.1526

21.4844 1.1526
21.875 1.15332

21.875 1.15332
22.2656 1.15411

22.2656 1.15412
22.6562 1.15497

22.6562 1.15498
23.0469 1.15589

23.0469 1.1559
23.4375 1.15686

23.4375 1.15686
23.8281 1.15787

23.8281 1.15787
24.2188 1.1589

24.2188 1.15891
24.6094 1.15996

24.6094 1.15996
25 1.16103

25 1.16103
25.3906 1.1621

25.3906 1.1621
25.7812 1.16315

25.7812 1.16315
26.1719 1.16419

26.1719 1.16419
26.5625 1.16519

26.5625 1.16519
26.9531 1.16616

26.9531 1.16616
27.3438 1.16707

27.3438 1.16707
27.7344 1.16793

27.7344 1.16793
28.125 1.16872

28.125 1.16872
28.5156 1.16943

28.5156 1.16943
28.9062 1.17006

28.9062 1.17007
29.2969 1.17061

29.2969 1.17061
29.6875 1.17106

29.6875 1.17106
30.0781 1.17142

30.0781 1.17142
30.4688 1.17168

30.4688 1.17167
30.8594 1.17183

31.6406 1.17181
31.2862 1.17188

31.6406 1.17182
32.0312 1.17166

32.0312 1.17166
32.4219 1.17139

32.4219 1.17139
32.8125 1.17103

32.8125 1.17103
33.2031 1.17057

33.2031 1.17057
33.5938 1.17002

33.5938 1.17001
33.9844 1.16938

33.9844 1.16937
34.375 1.16866

34.375 1.16865
34.7656 1.16786

34.7656 1.16786
35.1562 1.167

35.1562 1.167
35.5469 1.16608

35.5469 1.16608
35.9375 1.16511

35.9375 1.16511
36.3281 1.16411

36.3281 1.1641
36.7188 1.16307

36.7188 1.16307
37.1094 1.16201

37.1094 1.16201
37.5 1.16095

37.5 1.16094
37.8906 1.15988

37.8906 1.15988
38.2812 1.15882

38.2812 1.15882
38.6719 1.15779

38.6719 1.15779
39.0625 1.15678

39.0625 1.15678
39.4531 1.15582

39.4531 1.15582
39.8438 1.15491

39.8438 1.1549
40.2344 1.15405

40.2344 1.15405
40.625 1.15326

40.625 1.15326
41.0156 1.15255

41.0156 1.15255
41.4062 1.15192

41.4062 1.15191
41.7969 1.15137

41.7969 1.15137
42.1875 1.15092

42.1875 1.15092
42.5781 1.15056

42.5781 1.15056
42.9688 1.15031

42.9688 1.15031
43.3594 1.15015

43.3594 1.15015
43.75 1.15011

43.75 1.15011
44.1406 1.15016

44.1406 1.15016
44.5312 1.15032

44.5312 1.15032
44.9219 1.15059

44.9219 1.15059
45.3125 1.15095

45.3125 1.15095
45.7031 1.15141

45.7031 1.15141
46.0938 1.15196

46.0938 1.15196
46.4844 1.1526

46.4844 1.1526
46.875 1.15332

46.875 1.15332
47.2656 1.15412

47.2656 1.15412
47.6562 1.15498

47.6562 1.15498
48.0469 1.15589

48.0469 1.1559
48.4375 1.15686

48.4375 1.15686
48.8281 1.15787

48.8281 1.15787
49.2188 1.15891

49.2188 1.15891
49.6094 1.15996

49.6094 1.15997
50 1.16103

50 1.16103
50.3906 1.1621

50.3906 1.1621
50.7812 1.16315

50.7812 1.16315
51.1719 1.16419

51.1719 1.16419
51.5625 1.16519

51.5625 1.16519
51.9531 1.16615

51.9531 1.16616
52.3438 1.16707

52.3438 1.16707
52.7344 1.16792

52.7344 1.16792
53.125 1.16871

53.125 1.16871
53.5156 1.16941

53.5156 1.16942
53.9062 1.17004

53.9062 1.17004
54.2969 1.17058

54.2969 1.17058
54.6875 1.17102

54.6875 1.17102
55.0781 1.17135

55.0781 1.17135
55.4688 1.17158

55.4688 1.17159
55.8594 1.17171

55.8594 1.17171
56.25 1.17171

56.25 1.17171
56.6406 1.1716

56.6406 1.1716
57.0312 1.17137

57.0312 1.17137
57.4219 1.17102

57.4219 1.17102
57.8125 1.17054

57.8125 1.17054
58.2031 1.16994

58.2031 1.16994
58.5938 1.16922

58.5938 1.16922
58.9844 1.16837

58.9844 1.16837
59.375 1.16739

59.375 1.16739
59.7656 1.16628

59.7656 1.16628
60.1562 1.16504

60.1562 1.16504
60.5469 1.16366

60.5469 1.16366
60.9375 1.16216

60.9375 1.16216
61.3281 1.16051

61.3281 1.16051
61.7188 1.15873

61.7188 1.15873
62.1094 1.15681

62.1094 1.15681
62.5 1.15474

62.5 1.15474
62.8906 1.15253

62.8906 1.15253
63.2812 1.15016

63.2812 1.15016
63.6719 1.14765

63.6719 1.14765
64.0625 1.14498

64.0625 1.14498
64.4531 1.14215

64.4531 1.14215
64.8438 1.13917

64.8438 1.13916
65.2344 1.13603

65.2344 1.13602
65.625 1.13273

65.625 1.13273
66.0156 1.12929

66.0156 1.12928
66.4062 1.12569

66.4062 1.12569
66.7969 1.12196

66.7969 1.12196
67.1875 1.1181

67.1875 1.11809
67.5781 1.11411

67.5781 1.11411
67.9688 1.11001

67.9688 1.11001
68.3594 1.10582

68.3594 1.10582
68.75 1.10155

68.75 1.10154
69.1406 1.09722

69.1406 1.09721
69.5312 1.09284

69.5312 1.09283
69.9219 1.08844

69.9219 1.08844
70.3125 1.08404

70.3125 1.08404
70.7031 1.07966

70.7031 1.07966
71.0938 1.07533

71.0938 1.07532
71.4844 1.07106

71.4844 1.07106
71.875 1.06688

71.875 1.06687
72.2656 1.06281

72.2656 1.0628
72.6562 1.05886

72.6562 1.05886
73.0469 1.05506

73.0469 1.05505
73.4375 1.05142

73.4375 1.05141
73.8281 1.04795

73.8281 1.04795
74.2188 1.04467

74.2188 1.04466
74.6094 1.04158

74.6094 1.04158
75 1.03868

75 1.03868
75.3906 1.03599

75.3906 1.03599
75.7812 1.0335

75.7812 1.0335
76.1719 1.03121

76.1719 1.03121
76.5625 1.02911

76.5625 1.02911
76.9531 1.0272

76.9531 1.0272
77.3438 1.02545

77.3438 1.02546
77.7344 1.02387

77.7344 1.02388
78.125 1.02244

78.125 1.02245
78.5156 1.02115

78.5156 1.02115
78.9062 1.01997

78.9062 1.01998
79.2969 1.0189

79.2969 1.0189
79.6875 1.01792

79.6875 1.01792
80.0781 1.017

80.0781 1.01701
80.4688 1.01615

80.4688 1.01615
80.8594 1.01533

80.8594 1.01534
81.25 1.01455

81.25 1.01455
81.6406 1.01378

81.6406 1.01378
82.0312 1.01301

82.0312 1.01301
82.4219 1.01224

82.4219 1.01224
82.8125 1.01146

82.8125 1.01146
83.2031 1.01066

83.2031 1.01066
83.5938 1.00983

83.5938 1.00983
83.9844 1.00898

83.9844 1.00898
84.375 1.0081

84.375 1.0081
84.7656 1.00719

84.7656 1.00719
85.1562 1.00625

85.1562 1.00625
85.5469 1.00528

85.5469 1.00528
85.9375 1.0043

85.9375 1.00429
86.3281 1.00329

86.3281 1.00329
86.7188 1.00228

86.7188 1.00227
87.1094 1.00125

87.1094 1.00125
87.5 1.00023

87.5 1.00023
87.8906 0.999221

87.8906 0.999219
88.2812 0.998225

88.2812 0.998223
88.6719 0.997254

88.6719 0.997252
89.0625 0.996315

89.0625 0.996313
89.4531 0.995417

89.4531 0.995415
89.8438 0.994567

89.8438 0.994565
90.2344 0.993772

90.2344 0.993771
90.625 0.99304

90.625 0.993039
91.0156 0.992378

91.0156 0.992377
91.4062 0.991791

91.4062 0.99179
91.7969 0.991284

91.7969 0.991283
92.1875 0.990864

92.1875 0.990863
92.5781 0.990532

92.5781 0.990531
92.9688 0.990293

93.7343 0
93.75 0.161322

92.9688 0.990293
93.3594 0.990149

93.3594 1.09444
93.75 0.885813

93.75 0.161899
93.7722 0.390625

93.8496 0.390625
93.8087 0.78125

93.75 1.12575
93.984 0.78125

