6.64062 1.17181
6.28613 1.17188

6.64062 1.17182
7.03125 1.17166

7.03125 1.17166
7.42188 1.17139

7.42188 1.17139
7.8125 1.17103

7.8125 1.17103
8.20312 1.17057

8.20312 1.17057
8.59375 1.17002

8.59375 1.17001
8.98438 1.16938

8.98438 1.16937
9.375 1.16866

9.375 1.16865
9.76562 1.16786

9.76562 1.16786
10.1562 1.167

10.1562 1.167
10.5469 1.16608

10.5469 1.16608
10.9375 1.16511

10.9375 1.16511
11.3281 1.16411

11.3281 1.1641
11.7188 1.16307

11.7188 1.16307
12.1094 1.16201

12.1094 1.16201
12.5 1.16094

12.5 1.16094
12.8906 1.15988

12.8906 1.15988
13.2812 1.15882

13.2812 1.15882
13.6719 1.15779

13.6719 1.15778
14.0625 1.15678

14.0625 1.15678
14.4531 1.15582

14.4531 1.15582
14.8438 1.15491

14.8438 1.1549
15.2344 1.15405

15.2344 1.15405
15.625 1.15326

15.625 1.15326
16.0156 1.15255

16.0156 1.15255
16.4062 1.15192

16.4062 1.15191
16.7969 1.15137

16.7969 1.15137
17.1875 1.15092

17.1875 1.15092
17.5781 1.15056

17.5781 1.15056
17.9688 1.15031

17.9688 1.15031
18.3594 1.15015

18.3594 1.15015
18.75 1.1501

18.75 1.1501
19.1406 1.15016

19.1406 1.15016
19.5312 1.15032

19.5312 1.15032
19.9219 1.15059

19.9219 1.15059
20.3125 1.15095

20.3125 1.15095
20.7031 1.15141

20.7031 1.15141
21.0938 1.15196

21.0938 1.15196
21.4844 1.1526

21.4844 1.1526
21.875 1.15332

21.875 1.15332
22.2656 1.15411

22.2656 1.15412
22.6562 1.15497

22.6562 1.15498
23.0469 1.15589

23.0469 1.1559
23.4375 1.15686

23.4375 1.15686
23.8281 1.15787

23.8281 1.15787
24.2188 1.1589

24.2188 1.15891
24.6094 1.15996

24.6094 1.15996
25 1.16103

25 1.16103
25.3906 1.1621

25.3906 1.1621
25.7812 1.16315

25.7812 1.16315
26.1719 1.16419

26.1719 1.16419
26.5625 1.16519

26.5625 1.16519
26.9531 1.16616

26.9531 1.16616
27.3438 1.16707

27.3438 1.16707
27.7344 1.16793

27.7344 1.16793
28.125 1.16872

28.125 1.16872
28.5156 1.16943

28.5156 1.16943
28.9062 1.17006

28.9062 1.17007
29.2969 1.17061

29.2969 1.17061
29.6875 1.17106

29.6875 1.17106
30.0781 1.17142

30.0781 1.17142
30.4688 1.17168

30.4688 1.17167
30.8594 1.17183

31.6406 1.17181
31.2862 1.17188

31.6406 1.17182
32.0312 1.17166

32.0312 1.17166
32.4219 1.17139

32.4219 1.17139
32.8125 1.17103

32.8125 1.17103
33.2031 1.17057

33.2031 1.17057
33.5938 1.17002

33.5938 1.17001
33.9844 1.16938

33.9844 1.16937
34.375 1.16866

34.375 1.16865
34.7656 1.16786

34.7656 1.16786
35.1562 1.167

35.1562 1.167
35.5469 1.16608

35.5469 1.16608
35.9375 1.16511

35.9375 1.16511
36.3281 1.16411

36.3281 1.1641
36.7188 1.16307

36.7188 1.16307
37.1094 1.16201

37.1094 1.16201
37.5 1.16094

37.5 1.16094
37.8906 1.15988

37.8906 1.15988
38.2812 1.15882

38.2812 1.15882
38.6719 1.15779

38.6719 1.15778
39.0625 1.15678

39.0625 1.15678
39.4531 1.15582

39.4531 1.15582
39.8438 1.15491

39.8438 1.1549
40.2344 1.15405

40.2344 1.15405
40.625 1.15326

40.625 1.15326
41.0156 1.15255

41.0156 1.15255
41.4062 1.15192

41.4062 1.15191
41.7969 1.15137

41.7969 1.15137
42.1875 1.15092

42.1875 1.15092
42.5781 1.15056

42.5781 1.15056
42.9688 1.15031

42.9688 1.15031
43.3594 1.15015

43.3594 1.15015
43.75 1.15011

43.75 1.15011
44.1406 1.15016

44.1406 1.15016
44.5312 1.15032

44.5312 1.15032
44.9219 1.15059

44.9219 1.15059
45.3125 1.15095

45.3125 1.15095
45.7031 1.15141

45.7031 1.15141
46.0938 1.15196

46.0938 1.15196
46.4844 1.1526

46.4844 1.1526
46.875 1.15332

46.875 1.15332
47.2656 1.15411

47.2656 1.15411
47.6562 1.15496

47.6562 1.15497
48.0469 1.15588

48.0469 1.15588
48.4375 1.15684

48.4375 1.15684
48.8281 1.15783

48.8281 1.15783
49.2188 1.15885

49.2188 1.15886
49.6094 1.15989

49.6094 1.15989
50 1.16093

50 1.16093
50.3906 1.16196

50.3906 1.16196
50.7812 1.16296

50.7812 1.16297
51.1719 1.16394

51.1719 1.16394
51.5625 1.16486

51.5625 1.16486
51.9531 1.16571

51.9531 1.16572
52.3438 1.16649

52.3438 1.1665
52.7344 1.16718

52.7344 1.16718
53.125 1.16775

53.125 1.16776
53.5156 1.1682

53.5156 1.1682
53.9062 1.16851

53.9062 1.16851
54.2969 1.16865

54.2969 1.16866
54.6875 1.16862

54.6875 1.16863
55.0781 1.1684

55.0781 1.1684
55.4688 1.16796

55.4688 1.16797
55.8594 1.1673

55.8594 1.1673
56.25 1.16639

56.25 1.16639
56.6406 1.16521

56.6406 1.16522
57.0312 1.16376

57.0312 1.16377
57.4219 1.16202

57.4219 1.16202
57.8125 1.15998

57.8125 1.15998
58.2031 1.15762

58.2031 1.15762
58.5938 1.15494

58.5938 1.15494
58.9844 1.15193

58.9844 1.15193
59.375 1.14859

59.375 1.14859
59.7656 1.14493

59.7656 1.14493
60.1562 1.14094

60.1562 1.14094
60.5469 1.13664

60.5469 1.13664
60.9375 1.13205

60.9375 1.13204
61.3281 1.12717

61.3281 1.12717
61.7188 1.12204

61.7188 1.12203
62.1094 1.11667

62.1094 1.11666
62.5 1.1111

62.5 1.11109
62.8906 1.10536

62.8906 1.10535
63.2812 1.09949

63.2812 1.09948
63.6719 1.09352

63.6719 1.09351
64.0625 1.08749

64.0625 1.08748
64.4531 1.08144

64.4531 1.08143
64.8438 1.07543

64.8438 1.07542
65.2344 1.06947

65.2344 1.06946
65.625 1.06362

65.625 1.06362
66.0156 1.05792

66.0156 1.05791
66.4062 1.0524

66.4062 1.05239
66.7969 1.04709

66.7969 1.04708
67.1875 1.04202

67.1875 1.04201
67.5781 1.03722

67.5781 1.03721
67.9688 1.03271

67.9688 1.0327
68.3594 1.02851

68.3594 1.02851
68.75 1.02463

68.75 1.02463
69.1406 1.02109

69.1406 1.02109
69.5312 1.01788

69.5312 1.01788
69.9219 1.01501

69.9219 1.01501
70.3125 1.01248

70.3125 1.01248
70.7031 1.01027

70.7031 1.01027
71.0938 1.00838

71.0938 1.00839
71.4844 1.00681

71.4844 1.00681
71.875 1.00552

71.875 1.00552
72.2656 1.0045

72.2656 1.00451
72.6562 1.00374

72.6562 1.00375
73.0469 1.00322

73.0469 1.00322
73.4375 1.0029

73.4375 1.00291
73.8281 1.00278

73.8281 1.00278
74.2188 1.00282

74.2188 1.00283
74.6094 1.00301

74.6094 1.00301
75 1.00332

75 1.00332
75.3906 1.00372

75.3906 1.00373
75.7812 1.00421

75.7812 1.00422
76.1719 1.00476

76.1719 1.00476
76.5625 1.00534

76.5625 1.00535
76.9531 1.00595

76.9531 1.00595
77.3438 1.00656

77.3438 1.00656
77.7344 1.00716

77.7344 1.00716
78.125 1.00773

78.125 1.00773
78.5156 1.00827

78.5156 1.00827
78.9062 1.00875

78.9062 1.00875
79.2969 1.00918

79.2969 1.00918
79.6875 1.00953

79.6875 1.00954
80.0781 1.00982

80.0781 1.00982
80.4688 1.01002

80.4688 1.01002
80.8594 1.01013

80.8594 1.01013
81.25 1.01016

81.25 1.01016
81.6406 1.01009

81.6406 1.01009
82.0312 1.00994

82.0312 1.00994
82.4219 1.00969

82.4219 1.00969
82.8125 1.00935

82.8125 1.00935
83.2031 1.00893

83.2031 1.00893
83.5938 1.00842

83.5938 1.00842
83.9844 1.00783

83.9844 1.00783
84.375 1.00717

84.375 1.00717
84.7656 1.00645

84.7656 1.04333
85.1562 0.968772

85.3199 0
85.3575 0.390625

85.4473 0.390625
85.3803 0.78125

85.1562 1.16983
85.5469 0.811675

85.5469 0.881304
85.585 0.78125

