6.64062 1.17181
6.28656 1.17188

6.64062 1.17182
7.03125 1.17166

7.03125 1.17166
7.42188 1.17139

7.42188 1.17139
7.8125 1.17103

7.8125 1.17103
8.20312 1.17057

8.20312 1.17057
8.59375 1.17002

8.59375 1.17001
8.98438 1.16938

8.98438 1.16937
9.375 1.16866

9.375 1.16865
9.76562 1.16786

9.76562 1.16786
10.1562 1.167

10.1562 1.167
10.5469 1.16608

10.5469 1.16608
10.9375 1.16511

10.9375 1.16511
11.3281 1.16411

11.3281 1.1641
11.7188 1.16307

11.7188 1.16307
12.1094 1.16201

12.1094 1.16201
12.5 1.16094

12.5 1.16094
12.8906 1.15988

12.8906 1.15988
13.2812 1.15882

13.2812 1.15882
13.6719 1.15779

13.6719 1.15778
14.0625 1.15678

14.0625 1.15678
14.4531 1.15582

14.4531 1.15582
14.8438 1.15491

14.8438 1.1549
15.2344 1.15405

15.2344 1.15405
15.625 1.15326

15.625 1.15326
16.0156 1.15255

16.0156 1.15255
16.4062 1.15192

16.4062 1.15191
16.7969 1.15137

16.7969 1.15137
17.1875 1.15092

17.1875 1.15092
17.5781 1.15056

17.5781 1.15056
17.9688 1.15031

17.9688 1.15031
18.3594 1.15015

18.3594 1.15015
18.75 1.15011

18.75 1.15011
19.1406 1.15016

19.1406 1.15016
19.5312 1.15032

19.5312 1.15032
19.9219 1.15059

19.9219 1.15059
20.3125 1.15095

20.3125 1.15095
20.7031 1.15141

20.7031 1.15141
21.0938 1.15196

21.0938 1.15196
21.4844 1.1526

21.4844 1.1526
21.875 1.15332

21.875 1.15332
22.2656 1.15411

22.2656 1.15412
22.6562 1.15498

22.6562 1.15498
23.0469 1.15589

23.0469 1.1559
23.4375 1.15686

23.4375 1.15686
23.8281 1.15787

23.8281 1.15787
24.2188 1.1589

24.2188 1.15891
24.6094 1.15996

24.6094 1.15996
25 1.16103

25 1.16103
25.3906 1.1621

25.3906 1.1621
25.7812 1.16315

25.7812 1.16316
26.1719 1.16419

26.1719 1.16419
26.5625 1.16519

26.5625 1.1652
26.9531 1.16616

26.9531 1.16616
27.3438 1.16707

27.3438 1.16707
27.7344 1.16793

27.7344 1.16793
28.125 1.16872

28.125 1.16872
28.5156 1.16943

28.5156 1.16944
28.9062 1.17007

28.9062 1.17007
29.2969 1.17061

29.2969 1.17061
29.6875 1.17107

29.6875 1.17107
30.0781 1.17142

30.0781 1.17142
30.4688 1.17168

30.4688 1.17168
30.8594 1.17184

31.6406 1.17181
31.2878 1.17188

31.6406 1.17182
32.0312 1.17166

32.0312 1.17166
32.4219 1.17139

32.4219 1.17139
32.8125 1.17103

32.8125 1.17103
33.2031 1.17056

33.2031 1.17056
33.5938 1.17

33.5938 1.17
33.9844 1.16936

33.9844 1.16935
34.375 1.16862

34.375 1.16862
34.7656 1.1678

34.7656 1.1678
35.1562 1.16691

35.1562 1.16691
35.5469 1.16595

35.5469 1.16595
35.9375 1.16493

35.9375 1.16493
36.3281 1.16384

36.3281 1.16384
36.7188 1.16269

36.7188 1.16269
37.1094 1.16149

37.1094 1.16149
37.5 1.16023

37.5 1.16023
37.8906 1.15892

37.8906 1.15892
38.2812 1.15754

38.2812 1.15754
38.6719 1.1561

38.6719 1.1561
39.0625 1.15459

39.0625 1.15459
39.4531 1.15299

39.4531 1.15299
39.8438 1.15129

39.8438 1.1513
40.2344 1.14949

40.2344 1.14949
40.625 1.14755

40.625 1.14756
41.0156 1.14547

41.0156 1.14548
41.4062 1.14323

41.4062 1.14324
41.7969 1.14081

41.7969 1.14082
42.1875 1.13819

42.1875 1.13819
42.5781 1.13535

42.5781 1.13536
42.9688 1.13229

42.9688 1.13229
43.3594 1.12898

43.3594 1.12898
43.75 1.12542

43.75 1.12542
44.1406 1.12162

44.1406 1.12161
44.5312 1.11756

44.5312 1.11756
44.9219 1.11328

44.9219 1.11327
45.3125 1.10877

45.3125 1.10876
45.7031 1.10406

45.7031 1.10405
46.0938 1.09917

46.0938 1.09916
46.4844 1.09415

46.4844 1.09414
46.875 1.08902

46.875 1.08901
47.2656 1.08383

47.2656 1.08382
47.6562 1.07862

47.6562 1.07861
48.0469 1.07343

48.0469 1.07342
48.4375 1.06831

48.4375 1.0683
48.8281 1.06331

48.8281 1.0633
49.2188 1.05846

49.2188 1.05845
49.6094 1.0538

49.6094 1.05379
50 1.04936

50 1.04935
50.3906 1.04518

50.3906 1.04517
50.7812 1.04127

50.7812 1.04126
51.1719 1.03764

51.1719 1.03764
51.5625 1.03432

51.5625 1.03432
51.9531 1.03129

51.9531 1.03129
52.3438 1.02856

52.3438 1.02856
52.7344 1.02611

52.7344 1.02612
53.125 1.02394

53.125 1.02394
53.5156 1.02201

53.5156 1.02202
53.9062 1.02032

53.9062 1.02033
54.2969 1.01884

54.2969 1.01885
54.6875 1.01754

54.6875 1.01754
55.0781 1.01639

55.0781 1.01639
55.4688 1.01537

55.4688 1.01537
55.8594 1.01445

55.8594 1.01445
56.25 1.01361

56.25 1.01362
56.6406 1.01283

56.6406 1.01283
57.0312 1.01208

57.0312 1.01209
57.4219 1.01136

57.4219 1.01136
57.8125 1.01063

57.8125 1.01063
58.2031 1.0099

58.2031 1.0099
58.5938 1.00915

58.5938 1.00915
58.9844 1.00837

58.9844 1.00837
59.375 1.00757

59.375 1.00757
59.7656 1.00673

59.7656 1.00673
60.1562 1.00585

60.1562 1.00585
60.5469 1.00495

60.5469 1.00495
60.9375 1.00402

60.9375 1.00402
61.3281 1.00306

61.3281 1.00306
61.7188 1.00209

61.7188 1.00208
62.1094 1.0011

62.1094 1.0011
62.5 1.00011

63.1457 0
63.1833 0.390625

63.2812 0.4085
63.1915 0.78125

62.5 1.01081
62.8906 0.988422

62.8906 1.14036
63.2812 0.856907

63.2812 0.559121
63.2859 0.78125

63.2812 1.04788
63.4007 0.78125

