6.64062 1.17181
6.28597 1.17188

6.64062 1.17182
7.03125 1.17166

7.03125 1.17166
7.42188 1.17139

7.42188 1.17139
7.8125 1.17103

7.8125 1.17103
8.20312 1.17057

8.20312 1.17057
8.59375 1.17002

8.59375 1.17001
8.98438 1.16938

8.98438 1.16937
9.375 1.16865

9.375 1.16865
9.76562 1.16786

9.76562 1.16786
10.1562 1.167

10.1562 1.167
10.5469 1.16608

10.5469 1.16608
10.9375 1.16511

10.9375 1.16511
11.3281 1.16411

11.3281 1.1641
11.7188 1.16307

11.7188 1.16307
12.1094 1.16201

12.1094 1.16201
12.5 1.16094

12.5 1.16094
12.8906 1.15988

12.8906 1.15987
13.2812 1.15882

13.2812 1.15882
13.6719 1.15779

13.6719 1.15778
14.0625 1.15678

14.0625 1.15678
14.4531 1.15582

14.4531 1.15582
14.8438 1.1549

14.8438 1.1549
15.2344 1.15405

15.2344 1.15405
15.625 1.15326

15.625 1.15326
16.0156 1.15255

16.0156 1.15255
16.4062 1.15191

16.4062 1.15191
16.7969 1.15137

16.7969 1.15137
17.1875 1.15092

17.1875 1.15092
17.5781 1.15056

17.5781 1.15056
17.9688 1.15031

17.9688 1.1503
18.3594 1.15015

18.3594 1.15015
18.75 1.1501

18.75 1.1501
19.1406 1.15016

19.1406 1.15016
19.5312 1.15032

19.5312 1.15032
19.9219 1.15058

19.9219 1.15059
20.3125 1.15095

20.3125 1.15095
20.7031 1.15141

20.7031 1.15141
21.0938 1.15196

21.0938 1.15196
21.4844 1.1526

21.4844 1.1526
21.875 1.15332

21.875 1.15332
22.2656 1.15411

22.2656 1.15412
22.6562 1.15497

22.6562 1.15498
23.0469 1.15589

23.0469 1.15589
23.4375 1.15686

23.4375 1.15686
23.8281 1.15787

23.8281 1.15787
24.2188 1.1589

24.2188 1.15891
24.6094 1.15996

24.6094 1.15996
25 1.16103

25 1.16103
25.3906 1.1621

25.3906 1.1621
25.7812 1.16315

25.7812 1.16315
26.1719 1.16419

26.1719 1.16419
26.5625 1.16519

26.5625 1.16519
26.9531 1.16616

26.9531 1.16616
27.3438 1.16707

27.3438 1.16707
27.7344 1.16793

27.7344 1.16793
28.125 1.16872

28.125 1.16872
28.5156 1.16943

28.5156 1.16943
28.9062 1.17006

28.9062 1.17006
29.2969 1.17061

29.2969 1.17061
29.6875 1.17106

29.6875 1.17106
30.0781 1.17142

30.0781 1.17142
30.4688 1.17167

30.4688 1.17167
30.8594 1.17183

31.6406 1.17181
31.2856 1.17188

31.6406 1.17182
32.0312 1.17166

32.0312 1.17166
32.4219 1.17139

32.4219 1.17139
32.8125 1.17103

32.8125 1.17103
33.2031 1.17057

33.2031 1.17057
33.5938 1.17002

33.5938 1.17001
33.9844 1.16938

33.9844 1.16937
34.375 1.16865

34.375 1.16865
34.7656 1.16786

34.7656 1.16786
35.1562 1.167

35.1562 1.167
35.5469 1.16608

35.5469 1.16608
35.9375 1.16511

35.9375 1.16511
36.3281 1.16411

36.3281 1.1641
36.7188 1.16307

36.7188 1.16307
37.1094 1.16201

37.1094 1.16201
37.5 1.16094

37.5 1.16094
37.8906 1.15988

37.8906 1.15987
38.2812 1.15882

38.2812 1.15882
38.6719 1.15779

38.6719 1.15778
39.0625 1.15678

39.0625 1.15678
39.4531 1.15582

39.4531 1.15582
39.8438 1.1549

39.8438 1.1549
40.2344 1.15405

40.2344 1.15405
40.625 1.15326

40.625 1.15326
41.0156 1.15255

41.0156 1.15255
41.4062 1.15191

41.4062 1.15191
41.7969 1.15137

41.7969 1.15137
42.1875 1.15092

42.1875 1.15092
42.5781 1.15056

42.5781 1.15056
42.9688 1.15031

42.9688 1.15031
43.3594 1.15015

43.3594 1.15015
43.75 1.1501

43.75 1.1501
44.1406 1.15016

44.1406 1.15016
44.5312 1.15032

44.5312 1.15032
44.9219 1.15059

44.9219 1.15059
45.3125 1.15095

45.3125 1.15095
45.7031 1.15141

45.7031 1.15141
46.0938 1.15196

46.0938 1.15196
46.4844 1.1526

46.4844 1.1526
46.875 1.15332

46.875 1.15332
47.2656 1.15411

47.2656 1.15412
47.6562 1.15498

47.6562 1.15498
48.0469 1.15589

48.0469 1.1559
48.4375 1.15686

48.4375 1.15686
48.8281 1.15787

48.8281 1.15787
49.2188 1.1589

49.2188 1.15891
49.6094 1.15996

49.6094 1.15996
50 1.16103

50 1.16103
50.3906 1.1621

50.3906 1.1621
50.7812 1.16315

50.7812 1.16315
51.1719 1.16419

51.1719 1.16419
51.5625 1.16519

51.5625 1.16519
51.9531 1.16616

51.9531 1.16616
52.3438 1.16707

52.3438 1.16707
52.7344 1.16793

52.7344 1.16793
53.125 1.16872

53.125 1.16872
53.5156 1.16943

53.5156 1.16943
53.9062 1.17006

53.9062 1.17006
54.2969 1.17061

54.2969 1.17061
54.6875 1.17106

54.6875 1.17106
55.0781 1.17141

55.0781 1.17142
55.4688 1.17167

55.4688 1.17167
55.8594 1.17182

55.8594 1.17182
56.25 1.17186

56.25 1.17186
56.6406 1.1718

56.6406 1.1718
57.0312 1.17163

57.0312 1.17163
57.4219 1.17135

57.4219 1.17135
57.8125 1.17097

57.8125 1.17097
58.2031 1.17049

58.2031 1.17049
58.5938 1.16991

58.5938 1.16991
58.9844 1.16923

58.9844 1.16923
59.375 1.16847

59.375 1.16846
59.7656 1.16761

59.7656 1.16761
60.1562 1.16668

60.1562 1.16667
60.5469 1.16566

60.5469 1.16566
60.9375 1.16458

60.9375 1.16458
61.3281 1.16342

61.3281 1.16342
61.7188 1.16221

61.7188 1.16221
62.1094 1.16093

62.1094 1.16093
62.5 1.1596

62.5 1.1596
62.8906 1.15821

62.8906 1.15821
63.2812 1.15677

63.2812 1.15677
63.6719 1.15528

63.6719 1.15528
64.0625 1.15374

64.0625 1.15374
64.4531 1.15215

64.4531 1.15215
64.8438 1.1505

64.8438 1.1505
65.2344 1.14879

65.2344 1.14879
65.625 1.14703

65.625 1.14703
66.0156 1.14519

66.0156 1.1452
66.4062 1.14329

66.4062 1.14329
66.7969 1.14131

66.7969 1.14131
67.1875 1.13925

67.1875 1.13925
67.5781 1.13709

67.5781 1.1371
67.9688 1.13484

67.9688 1.13485
68.3594 1.13249

68.3594 1.13249
68.75 1.13003

68.75 1.13003
69.1406 1.12746

69.1406 1.12746
69.5312 1.12477

69.5312 1.12477
69.9219 1.12197

69.9219 1.12197
70.3125 1.11904

70.3125 1.11904
70.7031 1.116

70.7031 1.116
71.0938 1.11284

71.0938 1.11284
71.4844 1.10957

71.4844 1.10957
71.875 1.10619

71.875 1.10619
72.2656 1.10272

72.2656 1.10272
72.6562 1.09917

72.6562 1.09916
73.0469 1.09554

73.0469 1.09553
73.4375 1.09184

73.4375 1.09184
73.8281 1.08811

73.8281 1.0881
74.2188 1.08434

74.2188 1.08433
74.6094 1.08055

74.6094 1.08055
75 1.07678

75 1.07677
75.3906 1.07302

75.3906 1.07301
75.7812 1.06929

75.7812 1.06929
76.1719 1.06562

76.1719 1.06562
76.5625 1.06202

76.5625 1.06201
76.9531 1.05849

76.9531 1.05849
77.3438 1.05506

77.3438 1.05506
77.7344 1.05173

77.7344 1.05173
78.125 1.04852

78.125 1.04852
78.5156 1.04542

78.5156 1.04542
78.9062 1.04245

78.9062 1.04245
79.2969 1.0396

79.2969 1.0396
79.6875 1.03688

79.6875 1.03688
80.0781 1.03428

80.0781 1.03428
80.4688 1.03181

80.4688 1.03181
80.8594 1.02945

80.8594 1.02946
81.25 1.02721

81.25 1.02721
81.6406 1.02507

81.6406 1.02508
82.0312 1.02304

82.0312 1.02304
82.4219 1.02109

82.4219 1.02109
82.8125 1.01923

82.8125 1.01923
83.2031 1.01745

83.2031 1.01745
83.5938 1.01573

83.5938 1.01573
83.9844 1.01408

83.9844 1.01408
84.375 1.01248

84.375 1.01248
84.7656 1.01094

84.7656 1.01094
85.1562 1.00944

85.1562 1.00944
85.5469 1.00798

85.5469 1.00798
85.9375 1.00657

85.9375 1.00657
86.3281 1.00519

86.3281 1.00519
86.7188 1.00386

86.7188 1.00386
87.1094 1.00257

87.1094 1.00256
87.5 1.00131

87.5 1.00131
87.8906 1.00011

87.8906 1.00011
88.2812 0.998946

88.2812 0.998945
88.6719 0.997838

88.6719 0.997837
89.0625 0.996786

89.0625 0.996785
89.4531 0.995794

89.4531 0.995793
89.8438 0.994867

89.8438 0.994865
90.2344 0.994009

90.2344 0.994008
90.625 0.993227

90.625 0.993226
91.0156 0.992523

91.0156 0.992522
91.4062 0.991904

91.4062 0.991903
91.7969 0.991371

91.7969 0.99137
92.1875 0.99093

92.1875 0.990929
92.5781 0.990582

92.5781 0.990582
92.9688 0.990331

92.9688 0.99033
93.3594 0.990177

93.3594 0.990176
93.75 0.990121

93.75 0.990121
94.1406 0.990163

94.1406 0.990163
94.5312 0.990302

94.5312 0.990303
94.9219 0.990538

94.9219 0.990538
95.3125 0.990866

95.3125 0.990867
95.7031 0.991284

95.7031 0.991285
96.0938 0.991787

96.0938 0.991788
96.4844 0.992371

96.4844 0.992372
96.875 0.993029

96.875 0.993031
97.2656 0.993756

97.2656 0.993757
97.6562 0.994544

98.0831 0
98.1208 0.390625

98.2017 0.390625
98.1528 0.78125

97.6562 1.07971
98.0469 0.910223

98.0469 1.14413
98.3358 0.78125

