6.64062 1.17181
6.28607 1.17188

6.64062 1.17182
7.03125 1.17166

7.03125 1.17166
7.42188 1.17139

7.42188 1.17139
7.8125 1.17103

7.8125 1.17103
8.20312 1.17057

8.20312 1.17057
8.59375 1.17002

8.59375 1.17001
8.98438 1.16938

8.98438 1.16937
9.375 1.16866

9.375 1.16865
9.76562 1.16786

9.76562 1.16786
10.1562 1.167

10.1562 1.167
10.5469 1.16608

10.5469 1.16608
10.9375 1.16511

10.9375 1.16511
11.3281 1.16411

11.3281 1.1641
11.7188 1.16307

11.7188 1.16307
12.1094 1.16201

12.1094 1.16201
12.5 1.16094

12.5 1.16094
12.8906 1.15988

12.8906 1.15988
13.2812 1.15882

13.2812 1.15882
13.6719 1.15779

13.6719 1.15778
14.0625 1.15678

14.0625 1.15678
14.4531 1.15582

14.4531 1.15582
14.8438 1.15491

14.8438 1.1549
15.2344 1.15405

15.2344 1.15405
15.625 1.15326

15.625 1.15326
16.0156 1.15255

16.0156 1.15255
16.4062 1.15192

16.4062 1.15191
16.7969 1.15137

16.7969 1.15137
17.1875 1.15092

17.1875 1.15092
17.5781 1.15056

17.5781 1.15056
17.9688 1.15031

17.9688 1.15031
18.3594 1.15015

18.3594 1.15015
18.75 1.15011

18.75 1.15011
19.1406 1.15016

19.1406 1.15016
19.5312 1.15032

19.5312 1.15032
19.9219 1.15059

19.9219 1.15059
20.3125 1.15095

20.3125 1.15095
20.7031 1.15141

20.7031 1.15141
21.0938 1.15196

21.0938 1.15196
21.4844 1.1526

21.4844 1.1526
21.875 1.15332

21.875 1.15332
22.2656 1.15411

22.2656 1.15412
22.6562 1.15498

22.6562 1.15498
23.0469 1.15589

23.0469 1.1559
23.4375 1.15686

23.4375 1.15686
23.8281 1.15787

23.8281 1.15787
24.2188 1.1589

24.2188 1.15891
24.6094 1.15996

24.6094 1.15996
25 1.16103

25 1.16103
25.3906 1.1621

25.3906 1.1621
25.7812 1.16315

25.7812 1.16315
26.1719 1.16419

26.1719 1.16419
26.5625 1.16519

26.5625 1.16519
26.9531 1.16616

26.9531 1.16616
27.3438 1.16707

27.3438 1.16707
27.7344 1.16793

27.7344 1.16793
28.125 1.16872

28.125 1.16872
28.5156 1.16943

28.5156 1.16943
28.9062 1.17006

28.9062 1.17007
29.2969 1.17061

29.2969 1.17061
29.6875 1.17106

29.6875 1.17106
30.0781 1.17142

30.0781 1.17142
30.4688 1.17168

30.4688 1.17167
30.8594 1.17183

31.6406 1.17181
31.2864 1.17188

31.6406 1.17182
32.0312 1.17166

32.0312 1.17166
32.4219 1.17139

32.4219 1.17139
32.8125 1.17103

32.8125 1.17103
33.2031 1.17057

33.2031 1.17057
33.5938 1.17002

33.5938 1.17001
33.9844 1.16938

33.9844 1.16937
34.375 1.16866

34.375 1.16865
34.7656 1.16786

34.7656 1.16786
35.1562 1.167

35.1562 1.167
35.5469 1.16608

35.5469 1.16608
35.9375 1.16511

35.9375 1.16511
36.3281 1.16411

36.3281 1.1641
36.7188 1.16307

36.7188 1.16307
37.1094 1.16201

37.1094 1.16201
37.5 1.16094

37.5 1.16094
37.8906 1.15988

37.8906 1.15988
38.2812 1.15882

38.2812 1.15882
38.6719 1.15779

38.6719 1.15779
39.0625 1.15678

39.0625 1.15678
39.4531 1.15582

39.4531 1.15582
39.8438 1.15491

39.8438 1.1549
40.2344 1.15405

40.2344 1.15405
40.625 1.15326

40.625 1.15326
41.0156 1.15255

41.0156 1.15255
41.4062 1.15192

41.4062 1.15191
41.7969 1.15137

41.7969 1.15137
42.1875 1.15092

42.1875 1.15092
42.5781 1.15056

42.5781 1.15056
42.9688 1.15031

42.9688 1.15031
43.3594 1.15015

43.3594 1.15015
43.75 1.15011

43.75 1.15011
44.1406 1.15016

44.1406 1.15016
44.5312 1.15032

44.5312 1.15032
44.9219 1.15058

44.9219 1.15058
45.3125 1.15095

45.3125 1.15095
45.7031 1.1514

45.7031 1.1514
46.0938 1.15195

46.0938 1.15195
46.4844 1.15258

46.4844 1.15258
46.875 1.15329

46.875 1.1533
47.2656 1.15407

47.2656 1.15408
47.6562 1.15492

47.6562 1.15492
48.0469 1.15581

48.0469 1.15581
48.4375 1.15675

48.4375 1.15675
48.8281 1.15771

48.8281 1.15771
49.2188 1.15869

49.2188 1.15869
49.6094 1.15967

49.6094 1.15967
50 1.16064

50 1.16064
50.3906 1.16158

50.3906 1.16159
50.7812 1.16248

50.7812 1.16249
51.1719 1.16332

51.1719 1.16332
51.5625 1.16407

51.5625 1.16408
51.9531 1.16473

51.9531 1.16473
52.3438 1.16527

52.3438 1.16527
52.7344 1.16566

52.7344 1.16567
53.125 1.16589

53.125 1.1659
53.5156 1.16594

53.5156 1.16595
53.9062 1.16578

53.9062 1.16579
54.2969 1.16539

54.2969 1.1654
54.6875 1.16475

54.6875 1.16476
55.0781 1.16384

55.0781 1.16384
55.4688 1.16263

55.4688 1.16264
55.8594 1.16111

55.8594 1.16112
56.25 1.15927

56.25 1.15927
56.6406 1.15708

56.6406 1.15708
57.0312 1.15453

57.0312 1.15453
57.4219 1.15163

57.4219 1.15163
57.8125 1.14836

57.8125 1.14836
58.2031 1.14473

58.2031 1.14473
58.5938 1.14074

58.5938 1.14073
58.9844 1.1364

58.9844 1.13639
59.375 1.13173

59.375 1.13172
59.7656 1.12674

59.7656 1.12673
60.1562 1.12147

60.1562 1.12146
60.5469 1.11594

60.5469 1.11593
60.9375 1.11018

60.9375 1.11017
61.3281 1.10424

61.3281 1.10422
61.7188 1.09814

61.7188 1.09813
62.1094 1.09194

62.1094 1.09193
62.5 1.08568

62.5 1.08567
62.8906 1.0794

62.8906 1.07939
63.2812 1.07315

63.2812 1.07314
63.6719 1.06697

63.6719 1.06696
64.0625 1.0609

64.0625 1.06089
64.4531 1.05499

64.4531 1.05498
64.8438 1.04927

64.8438 1.04926
65.2344 1.04377

65.2344 1.04376
65.625 1.03853

65.625 1.03852
66.0156 1.03357

66.0156 1.03357
66.4062 1.02892

66.4062 1.02891
66.7969 1.02458

66.7969 1.02458
67.1875 1.02058

67.1875 1.02058
67.5781 1.01693

67.5781 1.01693
67.9688 1.01362

67.9688 1.01362
68.3594 1.01065

68.3594 1.01066
68.75 1.00804

68.75 1.00804
69.1406 1.00575

69.1406 1.00576
69.5312 1.0038

69.5312 1.0038
69.9219 1.00216

69.9219 1.00216
70.3125 1.00081

70.3125 1.00082
70.7031 0.999755

70.7031 0.99976
71.0938 0.998959

71.0938 0.998964
71.4844 0.998409

71.4844 0.998414
71.875 0.998083

71.875 0.998088
72.2656 0.99796

72.2656 0.997966
72.6562 0.998021

72.6562 0.998026
73.0469 0.998243

73.0469 0.998248
73.4375 0.998606

73.4375 0.998611
73.8281 0.999089

73.8281 0.999094
74.2188 0.999674

74.2188 0.999678
74.6094 1.00034

74.6094 1.00034
75 1.00107

75 1.00107
75.3906 1.00184

75.3906 1.00185
75.7812 1.00265

75.7812 1.00265
76.1719 1.00347

76.1719 1.00347
76.5625 1.00428

76.5625 1.00429
76.9531 1.00509

76.9531 1.00509
77.3438 1.00586

77.3438 1.00586
77.7344 1.0066

77.7344 1.0066
78.125 1.00728

78.125 1.00729
78.5156 1.00791

78.5156 1.00791
78.9062 1.00847

78.9062 1.00848
79.2969 1.00896

79.2969 1.00896
79.6875 1.00937

79.6875 1.00937
80.0781 1.00969

80.0781 1.00969
80.4688 1.00992

80.4688 1.00992
80.8594 1.01006

80.8594 1.01006
81.25 1.0101

81.25 1.01011
81.6406 1.01005

81.6406 1.01005
82.0312 1.00991

82.7226 0
82.7599 0.390625

82.8125 0.572448
82.7635 0.78125

82.0312 1.01318
82.4219 1.0064

82.4219 1.14266
82.8125 0.876348

82.8217 0.390625
82.8363 0.78125

82.8125 1.11063
82.9786 0.78125

