6.64062 1.17181
6.28606 1.17188

6.64062 1.17182
7.03125 1.17166

7.03125 1.17166
7.42188 1.17139

7.42188 1.17139
7.8125 1.17103

7.8125 1.17103
8.20312 1.17057

8.20312 1.17057
8.59375 1.17002

8.59375 1.17001
8.98438 1.16938

8.98438 1.16937
9.375 1.16865

9.375 1.16865
9.76562 1.16786

9.76562 1.16786
10.1562 1.167

10.1562 1.167
10.5469 1.16608

10.5469 1.16608
10.9375 1.16511

10.9375 1.16511
11.3281 1.16411

11.3281 1.1641
11.7188 1.16307

11.7188 1.16307
12.1094 1.16201

12.1094 1.16201
12.5 1.16094

12.5 1.16094
12.8906 1.15988

12.8906 1.15988
13.2812 1.15882

13.2812 1.15882
13.6719 1.15779

13.6719 1.15778
14.0625 1.15678

14.0625 1.15678
14.4531 1.15582

14.4531 1.15582
14.8438 1.15491

14.8438 1.1549
15.2344 1.15405

15.2344 1.15405
15.625 1.15326

15.625 1.15326
16.0156 1.15255

16.0156 1.15255
16.4062 1.15192

16.4062 1.15191
16.7969 1.15137

16.7969 1.15137
17.1875 1.15092

17.1875 1.15092
17.5781 1.15056

17.5781 1.15056
17.9688 1.15031

17.9688 1.15031
18.3594 1.15015

18.3594 1.15015
18.75 1.15011

18.75 1.15011
19.1406 1.15016

19.1406 1.15016
19.5312 1.15032

19.5312 1.15032
19.9219 1.15059

19.9219 1.15059
20.3125 1.15095

20.3125 1.15095
20.7031 1.15141

20.7031 1.15141
21.0938 1.15196

21.0938 1.15196
21.4844 1.1526

21.4844 1.1526
21.875 1.15332

21.875 1.15332
22.2656 1.15412

22.2656 1.15412
22.6562 1.15498

22.6562 1.15498
23.0469 1.15589

23.0469 1.1559
23.4375 1.15686

23.4375 1.15686
23.8281 1.15787

23.8281 1.15787
24.2188 1.1589

24.2188 1.15891
24.6094 1.15996

24.6094 1.15996
25 1.16103

25 1.16103
25.3906 1.1621

25.3906 1.1621
25.7812 1.16315

25.7812 1.16316
26.1719 1.16419

26.1719 1.16419
26.5625 1.16519

26.5625 1.1652
26.9531 1.16616

26.9531 1.16616
27.3438 1.16707

27.3438 1.16707
27.7344 1.16793

27.7344 1.16793
28.125 1.16872

28.125 1.16872
28.5156 1.16943

28.5156 1.16943
28.9062 1.17007

28.9062 1.17007
29.2969 1.17061

29.2969 1.17061
29.6875 1.17106

29.6875 1.17107
30.0781 1.17142

30.0781 1.17142
30.4688 1.17168

30.4688 1.17167
30.8594 1.17184

31.6406 1.17181
31.2863 1.17188

31.6406 1.17182
32.0312 1.17166

32.0312 1.17166
32.4219 1.17139

32.4219 1.17139
32.8125 1.17103

32.8125 1.17103
33.2031 1.17057

33.2031 1.17057
33.5938 1.17002

33.5938 1.17002
33.9844 1.16938

33.9844 1.16938
34.375 1.16866

34.375 1.16866
34.7656 1.16786

34.7656 1.16786
35.1562 1.167

35.1562 1.167
35.5469 1.16608

35.5469 1.16608
35.9375 1.16512

35.9375 1.16511
36.3281 1.16411

36.3281 1.16411
36.7188 1.16307

36.7188 1.16307
37.1094 1.16201

37.1094 1.16201
37.5 1.16094

37.5 1.16094
37.8906 1.15987

37.8906 1.15987
38.2812 1.15881

38.2812 1.15881
38.6719 1.15776

38.6719 1.15776
39.0625 1.15674

39.0625 1.15674
39.4531 1.15576

39.4531 1.15576
39.8438 1.15482

39.8438 1.15482
40.2344 1.15392

40.2344 1.15392
40.625 1.15308

40.625 1.15308
41.0156 1.15229

41.0156 1.15229
41.4062 1.15156

41.4062 1.15156
41.7969 1.15089

41.7969 1.15089
42.1875 1.15027

42.1875 1.15027
42.5781 1.1497

42.5781 1.14971
42.9688 1.14918

42.9688 1.14918
43.3594 1.14869

43.3594 1.14869
43.75 1.14822

43.75 1.14822
44.1406 1.14775

44.1406 1.14775
44.5312 1.14727

44.5312 1.14727
44.9219 1.14675

44.9219 1.14676
45.3125 1.14618

45.3125 1.14619
45.7031 1.14553

45.7031 1.14554
46.0938 1.14477

46.0938 1.14478
46.4844 1.14388

46.4844 1.14389
46.875 1.14283

46.875 1.14283
47.2656 1.14158

47.2656 1.14159
47.6562 1.14012

47.6562 1.14013
48.0469 1.13842

48.0469 1.13843
48.4375 1.13646

48.4375 1.13646
48.8281 1.13422

48.8281 1.13422
49.2188 1.13168

49.2188 1.13168
49.6094 1.12884

49.6094 1.12884
50 1.1257

50 1.1257
50.3906 1.12225

50.3906 1.12225
50.7812 1.11851

50.7812 1.1185
51.1719 1.11449

51.1719 1.11448
51.5625 1.1102

51.5625 1.11019
51.9531 1.10568

51.9531 1.10568
52.3438 1.10096

52.3438 1.10095
52.7344 1.09607

52.7344 1.09606
53.125 1.09105

53.125 1.09104
53.5156 1.08593

53.5156 1.08592
53.9062 1.08076

53.9062 1.08075
54.2969 1.07559

54.2969 1.07558
54.6875 1.07044

54.6875 1.07043
55.0781 1.06536

55.0781 1.06535
55.4688 1.06038

55.4688 1.06037
55.8594 1.05553

55.8594 1.05552
56.25 1.05084

56.25 1.05084
56.6406 1.04633

56.6406 1.04633
57.0312 1.04202

57.0312 1.04202
57.4219 1.03792

57.4219 1.03792
57.8125 1.03404

57.8125 1.03404
58.2031 1.03038

58.2031 1.03038
58.5938 1.02694

58.5938 1.02694
58.9844 1.02372

58.9844 1.02372
59.375 1.02071

59.375 1.02071
59.7656 1.0179

59.7656 1.01791
60.1562 1.01529

60.1562 1.01529
60.5469 1.01286

60.5469 1.01286
60.9375 1.0106

60.9375 1.0106
61.3281 1.0085

61.3281 1.0085
61.7188 1.00654

61.7188 1.00654
62.1094 1.00472

62.1094 1.00473
62.5 1.00303

62.5 1.00304
62.8906 1.00146

62.8906 1.00146
63.2812 1.00001

63.2812 1.00001
63.6719 0.998656

63.6719 0.998657
64.0625 0.997409

64.0625 0.99741
64.4531 0.996263

64.4531 0.996263
64.8438 0.995214

64.8438 0.995214
65.2344 0.994262

65.2344 0.994262
65.625 0.993407

65.625 0.993407
66.0156 0.992649

66.0156 0.992648
66.4062 0.991988

66.4062 0.991988
66.7969 0.991426

66.7969 0.991425
67.1875 0.990963

67.1875 0.990963
67.5781 0.9906

67.5781 0.9906
67.9688 0.990338

67.9688 0.990338
68.3594 0.990178

68.3594 0.990178
68.75 0.990118

68.75 0.990118
69.1406 0.990158

69.1406 0.990159
69.5312 0.990297

70.282 0
70.3125 0.315807

69.5312 0.990298
69.9219 0.990532

69.9219 1.10094
70.3125 0.88045

70.3125 0.315999
70.3197 0.390625

70.3949 0.390625
70.3577 0.78125

70.3125 1.12177
70.5305 0.78125

