6.64062 1.17181
6.28599 1.17188

6.64062 1.17182
7.03125 1.17166

7.03125 1.17166
7.42188 1.17139

7.42188 1.17139
7.8125 1.17103

7.8125 1.17103
8.20312 1.17057

8.20312 1.17057
8.59375 1.17002

8.59375 1.17001
8.98438 1.16938

8.98438 1.16937
9.375 1.16866

9.375 1.16865
9.76562 1.16786

9.76562 1.16786
10.1562 1.167

10.1562 1.167
10.5469 1.16608

10.5469 1.16608
10.9375 1.16511

10.9375 1.16511
11.3281 1.16411

11.3281 1.1641
11.7188 1.16307

11.7188 1.16307
12.1094 1.16201

12.1094 1.16201
12.5 1.16094

12.5 1.16094
12.8906 1.15988

12.8906 1.15988
13.2812 1.15882

13.2812 1.15882
13.6719 1.15779

13.6719 1.15778
14.0625 1.15678

14.0625 1.15678
14.4531 1.15582

14.4531 1.15582
14.8438 1.15491

14.8438 1.1549
15.2344 1.15405

15.2344 1.15405
15.625 1.15326

15.625 1.15326
16.0156 1.15255

16.0156 1.15255
16.4062 1.15192

16.4062 1.15191
16.7969 1.15137

16.7969 1.15137
17.1875 1.15092

17.1875 1.15092
17.5781 1.15056

17.5781 1.15056
17.9688 1.15031

17.9688 1.15031
18.3594 1.15015

18.3594 1.15015
18.75 1.15011

18.75 1.15011
19.1406 1.15016

19.1406 1.15016
19.5312 1.15032

19.5312 1.15032
19.9219 1.15059

19.9219 1.15059
20.3125 1.15095

20.3125 1.15095
20.7031 1.15141

20.7031 1.15141
21.0938 1.15196

21.0938 1.15196
21.4844 1.1526

21.4844 1.1526
21.875 1.15332

21.875 1.15332
22.2656 1.15412

22.2656 1.15412
22.6562 1.15498

22.6562 1.15498
23.0469 1.15589

23.0469 1.1559
23.4375 1.15686

23.4375 1.15686
23.8281 1.15787

23.8281 1.15787
24.2188 1.15891

24.2188 1.15891
24.6094 1.15996

24.6094 1.15997
25 1.16103

25 1.16103
25.3906 1.1621

25.3906 1.1621
25.7812 1.16315

25.7812 1.16316
26.1719 1.16419

26.1719 1.16419
26.5625 1.16519

26.5625 1.1652
26.9531 1.16616

26.9531 1.16616
27.3438 1.16707

27.3438 1.16707
27.7344 1.16793

27.7344 1.16793
28.125 1.16872

28.125 1.16872
28.5156 1.16943

28.5156 1.16943
28.9062 1.17007

28.9062 1.17007
29.2969 1.17061

29.2969 1.17061
29.6875 1.17107

29.6875 1.17107
30.0781 1.17142

30.0781 1.17142
30.4688 1.17168

30.4688 1.17167
30.8594 1.17184

31.6406 1.17181
31.2886 1.17188

31.6406 1.17182
32.0312 1.17166

32.0312 1.17166
32.4219 1.1714

32.4219 1.17139
32.8125 1.17103

32.8125 1.17103
33.2031 1.17057

33.2031 1.17057
33.5938 1.17002

33.5938 1.17002
33.9844 1.16938

33.9844 1.16938
34.375 1.16866

34.375 1.16866
34.7656 1.16786

34.7656 1.16786
35.1562 1.167

35.1562 1.167
35.5469 1.16608

35.5469 1.16608
35.9375 1.16511

35.9375 1.16511
36.3281 1.16411

36.3281 1.1641
36.7188 1.16307

36.7188 1.16306
37.1094 1.16201

37.1094 1.162
37.5 1.16093

37.5 1.16093
37.8906 1.15986

37.8906 1.15986
38.2812 1.15879

38.2812 1.15879
38.6719 1.15774

38.6719 1.15773
39.0625 1.15671

39.0625 1.1567
39.4531 1.15571

39.4531 1.1557
39.8438 1.15474

39.8438 1.15474
40.2344 1.15382

40.2344 1.15382
40.625 1.15294

40.625 1.15294
41.0156 1.15211

41.0156 1.15211
41.4062 1.15132

41.4062 1.15133
41.7969 1.15058

41.7969 1.15058
42.1875 1.14987

42.1875 1.14988
42.5781 1.1492

42.5781 1.1492
42.9688 1.14854

42.9688 1.14854
43.3594 1.14789

43.3594 1.14789
43.75 1.14723

43.75 1.14723
44.1406 1.14654

44.1406 1.14654
44.5312 1.1458

44.5312 1.1458
44.9219 1.14498

44.9219 1.14499
45.3125 1.14408

45.3125 1.14408
45.7031 1.14305

45.7031 1.14305
46.0938 1.14187

46.0938 1.14187
46.4844 1.14051

46.4844 1.14052
46.875 1.13895

46.875 1.13896
47.2656 1.13717

47.2656 1.13718
47.6562 1.13515

47.6562 1.13515
48.0469 1.13285

48.0469 1.13286
48.4375 1.13028

48.4375 1.13029
48.8281 1.12743

48.8281 1.12743
49.2188 1.12428

49.2188 1.12428
49.6094 1.12084

49.6094 1.12084
50 1.11712

50 1.11712
50.3906 1.11313

50.3906 1.11313
50.7812 1.1089

50.7812 1.10889
51.1719 1.10444

51.1719 1.10443
51.5625 1.09979

51.5625 1.09978
51.9531 1.09498

51.9531 1.09497
52.3438 1.09004

52.3438 1.09003
52.7344 1.08503

52.7344 1.08502
53.125 1.07997

53.125 1.07996
53.5156 1.07491

53.5156 1.0749
53.9062 1.06988

53.9062 1.06987
54.2969 1.06493

54.2969 1.06492
54.6875 1.06009

54.6875 1.06008
55.0781 1.05538

55.0781 1.05538
55.4688 1.05084

55.4688 1.05083
55.8594 1.04648

55.8594 1.04648
56.25 1.04232

56.25 1.04232
56.6406 1.03838

56.6406 1.03838
57.0312 1.03465

57.0312 1.03465
57.4219 1.03114

57.4219 1.03115
57.8125 1.02786

57.8125 1.02786
58.2031 1.02478

58.2031 1.02478
58.5938 1.02191

58.5938 1.02191
58.9844 1.01924

58.9844 1.01924
59.375 1.01675

59.375 1.01675
59.7656 1.01442

59.7656 1.01443
60.1562 1.01226

60.1562 1.01226
60.5469 1.01024

60.5469 1.01024
60.9375 1.00835

60.9375 1.00835
61.3281 1.00658

61.3281 1.00658
61.7188 1.00492

61.7188 1.00493
62.1094 1.00337

62.1094 1.00337
62.5 1.00191

62.5 1.00191
62.8906 1.00053

62.8906 1.00054
63.2812 0.999247

63.2812 0.999247
63.6719 0.998041

63.6719 0.998041
64.0625 0.996914

64.0625 0.996914
64.4531 0.995868

64.4531 0.995868
64.8438 0.994902

64.8438 0.994902
65.2344 0.994018

65.2344 0.994018
65.625 0.993218

65.625 0.993218
66.0156 0.992504

66.0156 0.992504
66.4062 0.991878

66.4062 0.991878
66.7969 0.991344

66.7969 0.991343
67.1875 0.990902

67.1875 0.990902
67.5781 0.990556

67.5781 0.990556
67.9688 0.990307

67.9688 0.990307
68.3594 0.990156

68.3594 0.990156
68.75 0.990103

69.3017 0
69.3397 0.390625

69.4376 0.390625
69.3555 0.78125

68.75 1.02745
69.1406 0.952806

69.1406 1.14906
69.5312 0.802066

69.5312 0.862612
69.5636 0.78125

