6.64062 1.17181
6.28599 1.17188

6.64062 1.17182
7.03125 1.17166

7.03125 1.17166
7.42188 1.17139

7.42188 1.17139
7.8125 1.17103

7.8125 1.17103
8.20312 1.17057

8.20312 1.17057
8.59375 1.17002

8.59375 1.17001
8.98438 1.16938

8.98438 1.16937
9.375 1.16866

9.375 1.16865
9.76562 1.16786

9.76562 1.16786
10.1562 1.167

10.1562 1.167
10.5469 1.16608

10.5469 1.16608
10.9375 1.16511

10.9375 1.16511
11.3281 1.16411

11.3281 1.1641
11.7188 1.16307

11.7188 1.16307
12.1094 1.16201

12.1094 1.16201
12.5 1.16094

12.5 1.16094
12.8906 1.15988

12.8906 1.15988
13.2812 1.15882

13.2812 1.15882
13.6719 1.15779

13.6719 1.15778
14.0625 1.15678

14.0625 1.15678
14.4531 1.15582

14.4531 1.15582
14.8438 1.15491

14.8438 1.1549
15.2344 1.15405

15.2344 1.15405
15.625 1.15326

15.625 1.15326
16.0156 1.15255

16.0156 1.15255
16.4062 1.15192

16.4062 1.15191
16.7969 1.15137

16.7969 1.15137
17.1875 1.15092

17.1875 1.15092
17.5781 1.15056

17.5781 1.15056
17.9688 1.15031

17.9688 1.15031
18.3594 1.15015

18.3594 1.15015
18.75 1.15011

18.75 1.15011
19.1406 1.15016

19.1406 1.15016
19.5312 1.15032

19.5312 1.15032
19.9219 1.15059

19.9219 1.15059
20.3125 1.15095

20.3125 1.15095
20.7031 1.15141

20.7031 1.15141
21.0938 1.15196

21.0938 1.15196
21.4844 1.1526

21.4844 1.1526
21.875 1.15332

21.875 1.15332
22.2656 1.15412

22.2656 1.15412
22.6562 1.15498

22.6562 1.15498
23.0469 1.15589

23.0469 1.1559
23.4375 1.15686

23.4375 1.15686
23.8281 1.15787

23.8281 1.15787
24.2188 1.15891

24.2188 1.15891
24.6094 1.15996

24.6094 1.15997
25 1.16103

25 1.16103
25.3906 1.1621

25.3906 1.1621
25.7812 1.16315

25.7812 1.16316
26.1719 1.16419

26.1719 1.16419
26.5625 1.16519

26.5625 1.1652
26.9531 1.16616

26.9531 1.16616
27.3438 1.16707

27.3438 1.16707
27.7344 1.16793

27.7344 1.16793
28.125 1.16872

28.125 1.16872
28.5156 1.16943

28.5156 1.16943
28.9062 1.17007

28.9062 1.17007
29.2969 1.17061

29.2969 1.17061
29.6875 1.17107

29.6875 1.17107
30.0781 1.17142

30.0781 1.17142
30.4688 1.17168

30.4688 1.17167
30.8594 1.17184

31.6406 1.17181
31.2884 1.17188

31.6406 1.17182
32.0312 1.17166

32.0312 1.17166
32.4219 1.1714

32.4219 1.17139
32.8125 1.17103

32.8125 1.17103
33.2031 1.17057

33.2031 1.17057
33.5938 1.17002

33.5938 1.17002
33.9844 1.16938

33.9844 1.16938
34.375 1.16866

34.375 1.16866
34.7656 1.16786

34.7656 1.16786
35.1562 1.167

35.1562 1.167
35.5469 1.16608

35.5469 1.16608
35.9375 1.16511

35.9375 1.16511
36.3281 1.16411

36.3281 1.1641
36.7188 1.16307

36.7188 1.16306
37.1094 1.16201

37.1094 1.162
37.5 1.16093

37.5 1.16093
37.8906 1.15986

37.8906 1.15986
38.2812 1.15879

38.2812 1.15879
38.6719 1.15774

38.6719 1.15774
39.0625 1.15671

39.0625 1.15671
39.4531 1.15571

39.4531 1.15571
39.8438 1.15475

39.8438 1.15475
40.2344 1.15383

40.2344 1.15383
40.625 1.15295

40.625 1.15295
41.0156 1.15212

41.0156 1.15212
41.4062 1.15134

41.4062 1.15134
41.7969 1.1506

41.7969 1.1506
42.1875 1.1499

42.1875 1.1499
42.5781 1.14923

42.5781 1.14923
42.9688 1.14858

42.9688 1.14858
43.3594 1.14794

43.3594 1.14794
43.75 1.14729

43.75 1.14729
44.1406 1.14661

44.1406 1.14662
44.5312 1.14589

44.5312 1.1459
44.9219 1.1451

44.9219 1.1451
45.3125 1.14421

45.3125 1.14422
45.7031 1.1432

45.7031 1.14321
46.0938 1.14205

46.0938 1.14205
46.4844 1.14072

46.4844 1.14072
46.875 1.13919

46.875 1.1392
47.2656 1.13744

47.2656 1.13744
47.6562 1.13544

47.6562 1.13545
48.0469 1.13319

48.0469 1.13319
48.4375 1.13065

48.4375 1.13065
48.8281 1.12783

48.8281 1.12783
49.2188 1.12471

49.2188 1.12471
49.6094 1.1213

49.6094 1.1213
50 1.11761

50 1.11761
50.3906 1.11365

50.3906 1.11365
50.7812 1.10944

50.7812 1.10944
51.1719 1.10501

51.1719 1.105
51.5625 1.10037

51.5625 1.10036
51.9531 1.09557

51.9531 1.09556
52.3438 1.09065

52.3438 1.09064
52.7344 1.08563

52.7344 1.08562
53.125 1.08057

53.125 1.08056
53.5156 1.0755

53.5156 1.07549
53.9062 1.07047

53.9062 1.07046
54.2969 1.0655

54.2969 1.06549
54.6875 1.06063

54.6875 1.06063
55.0781 1.0559

55.0781 1.0559
55.4688 1.05134

55.4688 1.05133
55.8594 1.04695

55.8594 1.04695
56.25 1.04276

56.25 1.04276
56.6406 1.03878

56.6406 1.03878
57.0312 1.03502

57.0312 1.03502
57.4219 1.03148

57.4219 1.03148
57.8125 1.02816

57.8125 1.02817
58.2031 1.02506

58.2031 1.02506
58.5938 1.02216

58.5938 1.02216
58.9844 1.01945

58.9844 1.01946
59.375 1.01694

59.375 1.01694
59.7656 1.01459

59.7656 1.01459
60.1562 1.0124

60.1562 1.01241
60.5469 1.01036

60.5469 1.01036
60.9375 1.00845

60.9375 1.00846
61.3281 1.00667

61.3281 1.00667
61.7188 1.005

61.7188 1.005
62.1094 1.00343

62.1094 1.00343
62.5 1.00196

62.5 1.00196
62.8906 1.00058

62.8906 1.00058
63.2812 0.99928

63.2812 0.999281
63.6719 0.998067

63.6719 0.998068
64.0625 0.996936

64.0625 0.996936
64.4531 0.995885

64.4531 0.995885
64.8438 0.994916

64.8438 0.994915
65.2344 0.994029

65.2344 0.994028
65.625 0.993226

65.625 0.993225
66.0156 0.99251

66.0156 0.992509
66.4062 0.991883

66.4062 0.991882
66.7969 0.991347

66.7969 0.991346
67.1875 0.990905

67.1875 0.990904
67.5781 0.990558

67.5781 0.990558
67.9688 0.990308

67.9688 0.990308
68.3594 0.990157

68.3594 0.990157
68.75 0.990104

69.3552 0
69.3929 0.390625

69.4968 0.390625
69.4022 0.78125

68.75 1.01101
69.1406 0.969247

69.1406 1.13766
69.5312 0.839071

69.5312 0.966658
69.6104 0.78125

