6.64062 1.17181
6.28623 1.17188

6.64062 1.17182
7.03125 1.17166

7.03125 1.17166
7.42188 1.17139

7.42188 1.17139
7.8125 1.17103

7.8125 1.17103
8.20312 1.17057

8.20312 1.17057
8.59375 1.17002

8.59375 1.17001
8.98438 1.16938

8.98438 1.16937
9.375 1.16866

9.375 1.16865
9.76562 1.16786

9.76562 1.16786
10.1562 1.167

10.1562 1.167
10.5469 1.16608

10.5469 1.16608
10.9375 1.16511

10.9375 1.16511
11.3281 1.16411

11.3281 1.1641
11.7188 1.16307

11.7188 1.16307
12.1094 1.16201

12.1094 1.16201
12.5 1.16094

12.5 1.16094
12.8906 1.15988

12.8906 1.15988
13.2812 1.15882

13.2812 1.15882
13.6719 1.15779

13.6719 1.15778
14.0625 1.15678

14.0625 1.15678
14.4531 1.15582

14.4531 1.15582
14.8438 1.15491

14.8438 1.1549
15.2344 1.15405

15.2344 1.15405
15.625 1.15326

15.625 1.15326
16.0156 1.15255

16.0156 1.15255
16.4062 1.15192

16.4062 1.15191
16.7969 1.15137

16.7969 1.15137
17.1875 1.15092

17.1875 1.15092
17.5781 1.15056

17.5781 1.15056
17.9688 1.15031

17.9688 1.15031
18.3594 1.15015

18.3594 1.15015
18.75 1.15011

18.75 1.15011
19.1406 1.15016

19.1406 1.15016
19.5312 1.15032

19.5312 1.15032
19.9219 1.15059

19.9219 1.15059
20.3125 1.15095

20.3125 1.15095
20.7031 1.15141

20.7031 1.15141
21.0938 1.15196

21.0938 1.15196
21.4844 1.1526

21.4844 1.1526
21.875 1.15332

21.875 1.15332
22.2656 1.15412

22.2656 1.15412
22.6562 1.15498

22.6562 1.15498
23.0469 1.15589

23.0469 1.1559
23.4375 1.15686

23.4375 1.15686
23.8281 1.15787

23.8281 1.15787
24.2188 1.15891

24.2188 1.15891
24.6094 1.15996

24.6094 1.15997
25 1.16103

25 1.16103
25.3906 1.1621

25.3906 1.1621
25.7812 1.16315

25.7812 1.16316
26.1719 1.16419

26.1719 1.16419
26.5625 1.16519

26.5625 1.1652
26.9531 1.16616

26.9531 1.16616
27.3438 1.16707

27.3438 1.16707
27.7344 1.16793

27.7344 1.16793
28.125 1.16872

28.125 1.16872
28.5156 1.16943

28.5156 1.16943
28.9062 1.17007

28.9062 1.17007
29.2969 1.17061

29.2969 1.17061
29.6875 1.17107

29.6875 1.17107
30.0781 1.17142

30.0781 1.17142
30.4688 1.17168

30.4688 1.17167
30.8594 1.17184

31.6406 1.17181
31.2869 1.17188

31.6406 1.17182
32.0312 1.17166

32.0312 1.17166
32.4219 1.17139

32.4219 1.17139
32.8125 1.17103

32.8125 1.17103
33.2031 1.17057

33.2031 1.17057
33.5938 1.17002

33.5938 1.17002
33.9844 1.16938

33.9844 1.16938
34.375 1.16866

34.375 1.16866
34.7656 1.16786

34.7656 1.16786
35.1562 1.167

35.1562 1.167
35.5469 1.16608

35.5469 1.16608
35.9375 1.16511

35.9375 1.16511
36.3281 1.16411

36.3281 1.1641
36.7188 1.16307

36.7188 1.16307
37.1094 1.16201

37.1094 1.16201
37.5 1.16094

37.5 1.16093
37.8906 1.15986

37.8906 1.15986
38.2812 1.1588

38.2812 1.1588
38.6719 1.15775

38.6719 1.15775
39.0625 1.15672

39.0625 1.15672
39.4531 1.15573

39.4531 1.15573
39.8438 1.15478

39.8438 1.15477
40.2344 1.15386

40.2344 1.15386
40.625 1.153

40.625 1.153
41.0156 1.15219

41.0156 1.15219
41.4062 1.15143

41.4062 1.15143
41.7969 1.15071

41.7969 1.15072
42.1875 1.15005

42.1875 1.15005
42.5781 1.14941

42.5781 1.14942
42.9688 1.14881

42.9688 1.14882
43.3594 1.14823

43.3594 1.14823
43.75 1.14764

43.75 1.14765
44.1406 1.14705

44.1406 1.14705
44.5312 1.14641

44.5312 1.14642
44.9219 1.14573

44.9219 1.14573
45.3125 1.14495

45.3125 1.14496
45.7031 1.14408

45.7031 1.14408
46.0938 1.14307

46.0938 1.14307
46.4844 1.1419

46.4844 1.1419
46.875 1.14054

46.875 1.14055
47.2656 1.13897

47.2656 1.13898
47.6562 1.13717

47.6562 1.13717
48.0469 1.1351

48.0469 1.13511
48.4375 1.13277

48.4375 1.13277
48.8281 1.13015

48.8281 1.13015
49.2188 1.12723

49.2188 1.12723
49.6094 1.12402

49.6094 1.12402
50 1.12051

50 1.12051
50.3906 1.11672

50.3906 1.11672
50.7812 1.11266

50.7812 1.11266
51.1719 1.10836

51.1719 1.10835
51.5625 1.10383

51.5625 1.10382
51.9531 1.09911

51.9531 1.0991
52.3438 1.09424

52.3438 1.09423
52.7344 1.08925

52.7344 1.08924
53.125 1.08419

53.125 1.08418
53.5156 1.07909

53.5156 1.07908
53.9062 1.07399

53.9062 1.07398
54.2969 1.06893

54.2969 1.06892
54.6875 1.06395

54.6875 1.06395
55.0781 1.05909

55.0781 1.05908
55.4688 1.05437

55.4688 1.05436
55.8594 1.04981

55.8594 1.04981
56.25 1.04544

56.25 1.04544
56.6406 1.04128

56.6406 1.04127
57.0312 1.03732

57.0312 1.03732
57.4219 1.03359

57.4219 1.03359
57.8125 1.03007

57.8125 1.03008
58.2031 1.02678

58.2031 1.02678
58.5938 1.0237

58.5938 1.0237
58.9844 1.02082

58.9844 1.02082
59.375 1.01814

59.375 1.01814
59.7656 1.01564

59.7656 1.01564
60.1562 1.01331

60.1562 1.01332
60.5469 1.01114

60.5469 1.01115
60.9375 1.00912

60.9375 1.00913
61.3281 1.00724

61.3281 1.00724
61.7188 1.00547

61.7188 1.00548
62.1094 1.00383

62.1094 1.00383
62.5 1.00228

62.5 1.00229
62.8906 1.00084

62.8906 1.00085
63.2812 0.999498

63.2812 0.999499
63.6719 0.998243

63.6719 0.998243
64.0625 0.997076

64.0625 0.997076
64.4531 0.995996

64.4531 0.995996
64.8438 0.995002

64.8438 0.995002
65.2344 0.994096

65.2344 0.994096
65.625 0.993278

65.625 0.993277
66.0156 0.992549

66.0156 0.992549
66.4062 0.991912

66.4062 0.991912
66.7969 0.991369

66.7969 0.991368
67.1875 0.990921

67.1875 0.99092
67.5781 0.990569

67.5781 0.990569
67.9688 0.990316

67.9688 0.990316
68.3594 0.990162

68.3594 0.990162
68.75 0.990107

68.75 0.990108
69.1406 0.990151

69.1406 1.03385
69.5312 0.946592

69.6755 0
69.713 0.390625

69.8084 0.390625
69.7301 0.78125

69.5312 1.15007
69.9219 0.786412

69.9219 0.823588
69.9383 0.78125

